8.792442757885825651e-07
4.025269681840434877e-01
5.584179513968712261e-01
6.131399310057812357e-01
7.825332835212198690e-01
8.908338037653557029e-01
9.632387439871564760e-01
1.136291779972058658e+00
1.073086172529708504e+00
1.130393501501661957e+00
1.188723048450635256e+00
1.217656233538908284e+00
1.215929732570828703e+00
1.511771868276539532e+00
1.610760582892649895e+00
1.455010775642561871e+00
1.498562303153860631e+00
1.563833002828932006e+00
1.685267473101054625e+00
1.760302804992636805e+00
1.970964937867150102e+00
2.038670777849134197e+00
2.119338660293580201e+00
2.069995938686379322e+00
1.992567738895151708e+00
1.991242441140681496e+00
2.047546250751790531e+00
2.114198557899696240e+00
2.105326219717540415e+00
2.242021755617018108e+00
2.233993337209139174e+00
2.359337252416410013e+00
2.472504958648598095e+00
2.380083100479252867e+00
2.192346360067262800e+00
2.102132572502100505e+00
2.384548175546327808e+00
2.443115196647426490e+00
2.392125769960930626e+00
2.380059869787491067e+00
2.702717833547105375e+00
2.514227287554393175e+00
2.513462494625922528e+00
2.300656693320882518e+00
2.349509943918028032e+00
2.301278989447633538e+00
2.236274283927905948e+00
2.364881476730785526e+00
2.670906561162887716e+00
2.648242922998165660e+00
2.685263812585990895e+00
2.662996421859891161e+00
2.568040496053354715e+00
2.263665298613523280e+00
2.367351628408072006e+00
2.127560128277409479e+00
2.179877277207531883e+00
1.899652978335847786e+00
2.020856860310474623e+00
2.008565259372154355e+00
1.832487262758355495e+00
1.945529754910811926e+00
1.972072739513719197e+00
2.177953384088679556e+00
2.185207813723650361e+00
2.030178358565474905e+00
2.031541646581751515e+00
2.061383226377445865e+00
1.871093237860627312e+00
1.896174216867247742e+00
1.807389508070437634e+00
2.144054632970642249e+00
2.227349651161451227e+00
2.224258570671671542e+00
2.246259375488398380e+00
2.429203698646105636e+00
2.393573793107866443e+00
2.464065703224113335e+00
2.309885066431919931e+00
2.287348066770189092e+00
2.312181485147126292e+00
2.351350379405287239e+00
2.358633150962668346e+00
2.478018135779794573e+00
2.511544729203063486e+00
2.412103552917789884e+00
2.434276274649269212e+00
2.490822914157380108e+00
2.707749477626464341e+00
2.685265854206234870e+00
2.663202533316333387e+00
2.802736582677292532e+00
3.073125561508716963e+00
3.057327245671366267e+00
3.206659532092271725e+00
3.138246365571522478e+00
3.034940505128761234e+00
3.089543591427944769e+00
3.040674178678135053e+00
3.233695008765765877e+00
