1.507891492923917490e-07
3.882623032490105652e-01
5.300285210472935882e-01
7.745971927138826096e-01
7.752229000555893590e-01
7.872896484067091194e-01
9.578185773907899048e-01
9.542057458789880986e-01
7.214648845263926802e-01
8.675372437945864101e-01
9.093485528626401582e-01
9.195906412605762137e-01
9.641150954705594023e-01
1.026487767196156309e+00
1.213506703705625300e+00
1.300171464936774157e+00
1.369437998898065167e+00
1.351792951597348136e+00
1.593916741700585282e+00
1.743578634986770126e+00
1.751451606217975243e+00
1.735602670095947486e+00
1.569952198032800172e+00
1.719680864591884850e+00
1.944405923062159758e+00
1.980428777070680990e+00
2.136958079970491031e+00
2.044858664151991690e+00
1.866564604903903746e+00
1.770499065038929842e+00
1.907684104248003720e+00
1.983235232642971413e+00
1.881994523199860936e+00
2.056044667609197685e+00
1.871110204311559055e+00
1.876178485805634955e+00
1.772144711593330202e+00
1.749618357943403035e+00
1.861100533069777407e+00
2.142170565586350772e+00
2.028297384323093588e+00
2.083804862059759344e+00
2.258845561598825213e+00
2.325203016097256103e+00
2.266559455294714365e+00
2.215849708181329980e+00
2.133468677963576088e+00
2.237914798180142384e+00
2.126057950538937646e+00
2.062197502671626825e+00
2.118949469548965236e+00
2.158902030759147550e+00
2.369413433633392074e+00
2.280600832468633765e+00
2.204391864662740730e+00
2.448230488998798027e+00
2.390056674887538701e+00
2.490747832013602281e+00
2.584826329887955687e+00
2.657715744381373479e+00
2.585961281613395002e+00
2.738737478726720465e+00
2.811856037661479846e+00
2.842184662298240738e+00
2.948020839314091646e+00
2.808330218339811779e+00
2.866017464049926300e+00
2.826814370099563156e+00
2.575056836743643274e+00
2.259099105991920098e+00
2.367749380511964041e+00
2.457463595974616499e+00
2.662133211799534660e+00
2.537717820505570376e+00
2.580858499503200232e+00
2.715644665510911882e+00
2.747250273991853398e+00
2.631994236939101839e+00
2.338063960729815705e+00
2.373654672597332205e+00
2.538596864091762217e+00
2.352710621467616559e+00
2.191247285514192455e+00
2.072735981297979091e+00
2.180648564003181189e+00
2.072320291748468879e+00
1.942871637075579416e+00
1.755702593638885256e+00
1.868152186532638481e+00
1.948936856066569412e+00
1.976521358710095821e+00
1.862829638967111512e+00
1.863509762941419901e+00
1.882590198931253456e+00
1.968742029836087370e+00
2.073771645369087313e+00
2.170052904056972487e+00
2.281641835411766905e+00
2.163311715680191316e+00
2.170245083528964614e+00
