0.000000000000000000e+00
5.313763682439222036e-01
7.250349960650438463e-01
6.778514911448408897e-01
6.949425827737154560e-01
7.281712507228178533e-01
7.446593924909689077e-01
7.545750697308154509e-01
7.952459673226365267e-01
7.782686411973879226e-01
7.473151035451903734e-01
8.274333299468129566e-01
8.864500129384753624e-01
8.433848073600671569e-01
8.913473040180229789e-01
1.089355893223568073e+00
1.063178256443539915e+00
1.061871183482402614e+00
1.051541680797189127e+00
1.191501499515644547e+00
9.702569113268433298e-01
9.878796002431085022e-01
8.563884892825950335e-01
1.027649760489463437e+00
1.028125629832168375e+00
8.814204864233122771e-01
1.240895055257396518e+00
1.335642123571512352e+00
1.424076693150680306e+00
1.377325716583946758e+00
1.662365949017184263e+00
1.633149545584555051e+00
1.463923007964440526e+00
1.651424440213536737e+00
1.713775832185401748e+00
1.710610438744103012e+00
1.876945896811463843e+00
2.141385220170475723e+00
1.997081507783789123e+00
2.048744542249738565e+00
2.259301609303622893e+00
2.211964146165322997e+00
2.159989545925833365e+00
2.328689540738253072e+00
2.233914848870165670e+00
2.069171606812663988e+00
2.080279363982574292e+00
2.282541227138445983e+00
2.410432065606929797e+00
2.358257266561844201e+00
2.423460168386911029e+00
2.107395377252760937e+00
2.073477659498882630e+00
2.142509628444484449e+00
2.324630986614881323e+00
2.203999042675723885e+00
2.161462168487136459e+00
2.191356856454663049e+00
2.319220940552853882e+00
2.478026325169521371e+00
2.442305323899542469e+00
2.541033076268919277e+00
2.427531971281375878e+00
2.186057328046195014e+00
2.245924589899312096e+00
2.195455340251575294e+00
2.346218017466718653e+00
2.418705101059819285e+00
2.444086139861394003e+00
2.429076590738615149e+00
2.575089875231489245e+00
2.613867567254061886e+00
2.347858878217158551e+00
2.356669844902918420e+00
2.630609898024874216e+00
2.703294786470396005e+00
2.759782483306845613e+00
2.695334225985639875e+00
2.680994641450561655e+00
2.633980673553300011e+00
2.891095481479769802e+00
3.081455285508812647e+00
2.793868791435774046e+00
2.831710665453361031e+00
2.922407115024678426e+00
2.752517877002876645e+00
2.916665564790582810e+00
2.903595211018649813e+00
2.852660915282072107e+00
2.997203582474867289e+00
3.121950113943281480e+00
3.006226324039268150e+00
3.138999752280768440e+00
3.010070434708751907e+00
3.090624648882174696e+00
3.220572347854018691e+00
3.250592193535674745e+00
3.365673901804260737e+00
3.408116352910253166e+00
3.089773854909619644e+00
