1.507891492923917490e-07
5.568552462895456356e-01
4.881977584363231815e-01
6.565744411007827797e-01
7.497921583990182492e-01
7.239859394353362898e-01
6.559576685675864161e-01
6.255118527252792049e-01
6.566510911498715242e-01
6.267501255798595405e-01
6.143445284946413842e-01
5.584988783656096301e-01
6.122511490684839908e-01
6.367204426612097512e-01
7.251486561636343309e-01
6.778651511380765493e-01
7.750164108877192204e-01
8.794216509804143600e-01
9.682438586482072784e-01
9.328775349667712824e-01
8.612956861736401626e-01
9.109374752261676367e-01
1.098764893105348639e+00
9.578163341574593703e-01
9.588837780420881307e-01
1.056896266860260170e+00
1.089671772293421714e+00
9.649653556845448898e-01
8.371485574157376819e-01
9.284089095632536148e-01
8.905191365621643040e-01
9.707651489383885002e-01
1.190313412205545429e+00
9.361393630997373316e-01
9.637293837163442012e-01
7.715211942564935699e-01
9.830467304682650731e-01
1.050541590829230820e+00
1.013473874227579286e+00
9.342982346972062979e-01
1.036935680318552988e+00
9.465667620439389696e-01
8.246729625774825712e-01
9.628467861581787579e-01
1.053723737066364796e+00
1.027328158914125877e+00
7.986935967707908812e-01
9.325848878168622180e-01
1.014992050080962827e+00
1.077437771843321679e+00
8.395519467700002236e-01
9.095138056488263345e-01
9.234566641371289020e-01
1.282981720543710402e+00
1.204556876748325012e+00
1.034152945217999831e+00
1.104422784860578322e+00
1.062065007388897975e+00
9.739142548278146849e-01
9.694339440779583539e-01
1.054060269330949984e+00
9.935162138773685481e-01
9.255481970834165129e-01
9.084568920084555854e-01
1.068100094588442461e+00
1.237778720156954337e+00
1.056051854024318670e+00
9.649648804882774433e-01
9.983558819292179809e-01
8.831031097966302035e-01
7.869321254681330702e-01
8.548392301427804041e-01
8.308337100568036204e-01
8.783190234120886730e-01
8.620303033590149822e-01
9.767429098205742122e-01
9.458236376580277938e-01
8.842599803347255261e-01
9.037993093398180022e-01
8.985962245458575248e-01
9.717510710202779123e-01
9.851068289375717324e-01
9.115060432600873286e-01
1.064128423658963207e+00
9.376829101363590713e-01
9.735440770889830508e-01
1.130075364657313619e+00
1.105049806245929300e+00
9.936336165812428289e-01
9.549355576151811187e-01
8.228794703921168407e-01
1.065107867603674929e+00
8.940757915423429569e-01
9.403985496405016242e-01
1.060761443509419477e+00
9.256100894814098812e-01
1.015993838526525472e+00
1.106352136857504886e+00
1.213470855982884400e+00
1.429014770695558489e+00
