4.264961199760035779e-07
3.851178122200425435e-01
3.896021036402474436e-01
5.411008577600613378e-01
5.934261057784517845e-01
7.583540519184890361e-01
7.850682956850405514e-01
7.682311315821692688e-01
1.075822876559663133e+00
1.064099236478985633e+00
9.158361595083449602e-01
9.947900637697212334e-01
1.027599242686485725e+00
9.068295385378029039e-01
1.313786273918649883e+00
1.427856528594121821e+00
1.307808738935289483e+00
1.410014610303863103e+00
1.481489151112662883e+00
1.184811984524383854e+00
1.328183953017695984e+00
1.167444601392851000e+00
1.301911275204964635e+00
1.207336272358452200e+00
1.192888784517672107e+00
1.366656627600656870e+00
1.275269063189328200e+00
1.255220733180273385e+00
1.283654319932421295e+00
1.381997497004659570e+00
1.427191472151960738e+00
1.697921069418153683e+00
1.735486052080239316e+00
1.931963037648882997e+00
1.818287766015685092e+00
1.651384701727858895e+00
1.607203643717799224e+00
1.711892329614603803e+00
1.907256379301518256e+00
1.819920184689981069e+00
1.929725923999723314e+00
2.034830687582637854e+00
2.114226640575992633e+00
2.222803704091734112e+00
2.271016311057135972e+00
2.086558883371123052e+00
2.034725667810442840e+00
1.870970846192195003e+00
1.703064915179018257e+00
1.696648813223214924e+00
1.759747414561859458e+00
1.798010728486703735e+00
1.867278777719174387e+00
1.907357530450106475e+00
2.035921709366803167e+00
2.047225174762705713e+00
2.114811617278287148e+00
2.070918602750447590e+00
1.968936822027975042e+00
2.174167634666497761e+00
2.244863568360466299e+00
2.360633678567775284e+00
2.419387133501987641e+00
2.201265131750972603e+00
2.126169000185882396e+00
2.432398220219330387e+00
2.308869169269925248e+00
2.085152588684178188e+00
1.980198489381808535e+00
2.026479123147657990e+00
2.170911966759265788e+00
2.194360494112468807e+00
2.145987283895939068e+00
2.299724821966210975e+00
2.357367774824111528e+00
2.271734611895423139e+00
2.227608819024051723e+00
2.554852266926571858e+00
2.413155852290317593e+00
2.362952534863189236e+00
2.425198590235785101e+00
2.516677098220644115e+00
2.458810674186754142e+00
2.520576677775016705e+00
2.471698168240165305e+00
2.292375965584025899e+00
2.387155449298475673e+00
2.443094410133697547e+00
2.362785247343347717e+00
2.248102203152894329e+00
2.237911879120070946e+00
2.329641471459157120e+00
2.225797381648198403e+00
2.371567406739690131e+00
2.170856408588984099e+00
2.351447884038438296e+00
2.378692264631539821e+00
2.448248695327576385e+00
2.288479320386818561e+00
2.088682820234919024e+00
