2.132480599880017890e-07
5.295292568943282818e-01
6.595087090807575381e-01
8.499527626334298924e-01
8.573773764961090116e-01
7.240205430040362877e-01
7.903292182356820295e-01
9.120132541174608143e-01
8.829315734784483061e-01
1.220523142008038242e+00
1.186138343289328878e+00
1.212534537710191263e+00
1.349623129500005181e+00
1.351582414904623386e+00
1.491571297906636451e+00
1.522443226327482524e+00
1.484065531471990829e+00
1.416995929942696186e+00
1.681836870585109667e+00
1.532251577196393155e+00
1.569969043430273103e+00
1.581154635695817712e+00
1.691398836653156268e+00
1.963470350109397522e+00
1.887762000408536922e+00
2.098322994296244026e+00
2.031913312961502349e+00
1.926632962544442496e+00
2.071064936466699091e+00
2.262258248776020775e+00
2.493082744610565893e+00
2.504345147076952660e+00
2.395843065454686727e+00
2.332000807335558257e+00
2.213848092975531756e+00
2.404114104054341450e+00
2.671149722171081375e+00
2.754347161644144393e+00
2.988771863827787811e+00
2.926732584839938145e+00
3.098542460015680788e+00
3.045960002409675571e+00
3.076230864344368765e+00
3.307415772806491017e+00
3.248885029279566350e+00
3.149257910395586890e+00
2.897688973617441377e+00
3.013470688508961270e+00
3.049594065135029730e+00
3.104973915352030822e+00
3.393468949796925482e+00
3.390635095413083278e+00
3.643802970101328143e+00
3.623274577363312599e+00
3.532214231696117590e+00
3.665730081013686803e+00
3.645481752956738042e+00
3.808445899375062282e+00
4.008699588996060825e+00
3.713631417917007571e+00
3.652554394490164835e+00
3.722115006128003944e+00
3.612657816331993565e+00
3.433969496355422368e+00
3.152325830798131001e+00
3.160022252167388412e+00
3.500152121639564129e+00
3.365614505809972901e+00
3.584465932600113813e+00
3.492227943811637481e+00
3.492278894823243274e+00
3.532369353866499306e+00
3.448448889109444249e+00
3.620141675968269634e+00
3.755024674923087336e+00
3.971159093950752172e+00
4.132618530412010216e+00
4.030920546014542083e+00
3.934697775852678436e+00
3.993814325020506928e+00
4.080195054716346803e+00
4.058237525171403348e+00
4.177620542313277952e+00
3.638875914810894674e+00
3.697765752127540217e+00
4.007259526114820503e+00
3.888004989491062879e+00
4.002949534837322965e+00
4.105893206281026941e+00
3.927704743591902137e+00
3.791798760899718346e+00
3.774056397354183634e+00
3.738925919529344721e+00
3.941887947864920694e+00
3.844370783084410714e+00
3.959014550192341275e+00
3.909992130826705381e+00
4.061037884565464218e+00
4.144369828785328558e+00
3.908717885403935277e+00
