3.693564745147149106e-07
3.926552357501690294e-01
6.537130246446368753e-01
6.468638980522868343e-01
6.168766758441961429e-01
8.932306240895386829e-01
9.069908330578060340e-01
1.021395748544981386e+00
1.148352848503120915e+00
1.195411658710920699e+00
1.418483311043163164e+00
1.376796328466784791e+00
1.665355265062016477e+00
1.447920184818171530e+00
1.700320593611220676e+00
1.697042152701840223e+00
1.734159097277073291e+00
1.633041311700481169e+00
1.717446835226914770e+00
1.769438728088101875e+00
1.775663401137053121e+00
1.712320347285909650e+00
1.595344734687935251e+00
1.623929560884665779e+00
1.682212484319602019e+00
1.613705737057376854e+00
1.773804093852770158e+00
1.891947427492270517e+00
1.927913184927227075e+00
1.957404480916058231e+00
2.010655267977239813e+00
1.692162405861150853e+00
1.798062514476112206e+00
1.917202341840319679e+00
1.811444994984835688e+00
1.920798257376792773e+00
2.011239773266966679e+00
1.926412402424491299e+00
1.909118785551463082e+00
1.987810041269135741e+00
2.018479782593115335e+00
1.990789464372049622e+00
2.200132098634310918e+00
2.157490235461835493e+00
2.124538329903190359e+00
2.092410921512478872e+00
2.189575276430295148e+00
2.117911975141424819e+00
2.202278959481857701e+00
2.417448372404749524e+00
2.385398066729377931e+00
2.295537217489325599e+00
2.218156765798122709e+00
2.376409277700256784e+00
2.279564302263525466e+00
2.302159224256886016e+00
2.346588464393800422e+00
2.573643341152250574e+00
2.366156585756594932e+00
2.411983121559204690e+00
2.389713210589688330e+00
2.327115286824448681e+00
2.390937315934973384e+00
2.603156603724003038e+00
2.508710155268003117e+00
2.599586517740042790e+00
2.673335195319283208e+00
2.604381400586078144e+00
2.541999793457303536e+00
2.529017048232884868e+00
2.531916764133791187e+00
2.586273241074388274e+00
2.550184308156385526e+00
2.628943068889664225e+00
2.415469507489929946e+00
2.502937181662913790e+00
2.379205019031853219e+00
2.370536710139578229e+00
2.418959361365510929e+00
2.295045911366266900e+00
2.383107985933923700e+00
2.376602160080226511e+00
2.210412113601393447e+00
2.449471988298506986e+00
2.265867176887069956e+00
2.250913316925286622e+00
2.132120461533561606e+00
2.270589614961218583e+00
2.356184146127264345e+00
2.328229370633260409e+00
2.341726970044442968e+00
2.459228024915108612e+00
2.430231534322903286e+00
2.761880788172815571e+00
2.834020043437768255e+00
2.757683083833917248e+00
2.723538464401502157e+00
2.880972592944575528e+00
2.909431871855771234e+00
2.944380403526846379e+00
