0.000000000000000000e+00
5.536182159792331081e-01
5.415145393502861504e-01
6.817646188158238418e-01
6.805254025727394129e-01
7.383197580820449746e-01
5.765520715438569033e-01
7.264701840608144279e-01
7.546387822329356787e-01
8.982218765058512799e-01
7.803271139077507801e-01
9.776394225422606610e-01
9.553675871714336632e-01
9.300433137330098576e-01
6.890359049901033650e-01
7.909543780145709135e-01
8.004904008377083935e-01
7.300093556276859852e-01
8.657115228585567923e-01
8.265303691775668371e-01
1.005417552891877175e+00
9.882759989086427055e-01
9.657009264518064962e-01
1.076751886052150109e+00
1.134418211286724709e+00
1.299358663080175225e+00
1.259612866292785682e+00
1.325211183546002758e+00
1.509325746351260378e+00
1.586871587031355890e+00
1.548070997206641541e+00
1.509230787510214666e+00
1.431874858293943564e+00
1.425351645437910042e+00
1.373671297719290640e+00
1.276680706420730615e+00
1.395126538104502600e+00
1.398528133881738578e+00
1.252715688317960652e+00
1.435748765787290937e+00
1.221078415713795273e+00
1.153874287364847095e+00
1.380991438894220602e+00
1.333023380183091300e+00
1.164873248619534563e+00
1.368652316159360893e+00
1.370896762722593643e+00
1.170949517875257806e+00
9.863700118369077563e-01
1.009271286717368099e+00
9.616539389809104499e-01
9.431053460624658769e-01
1.018095970499772518e+00
1.011446204456196929e+00
8.887595082584219819e-01
8.622441134213988390e-01
7.536436724380900509e-01
7.665811932846875454e-01
8.335811513973786502e-01
9.008770579942484424e-01
9.215611895483886151e-01
8.349036230102951928e-01
8.314464258589611134e-01
1.001720611655905868e+00
1.212694408031138593e+00
1.092584346574981380e+00
9.847959901621928802e-01
1.067694447358234600e+00
9.575029806437892477e-01
1.054665390216174892e+00
9.575618415856715915e-01
1.184229836197430386e+00
1.243492435294582421e+00
1.224529532879438554e+00
1.283407160918728973e+00
1.313105811030611747e+00
1.321976077475402578e+00
1.361190998570977140e+00
1.341548449119964515e+00
1.492921854352571964e+00
1.368182092949035367e+00
1.264655915521563312e+00
1.385471264969189154e+00
1.320872261827896077e+00
1.329371683186301389e+00
1.474529510351644701e+00
1.504780468767954238e+00
1.390655991831672766e+00
1.532533546727076201e+00
1.371014108247921692e+00
1.415887097943210549e+00
1.301202736555843176e+00
1.493024343520592323e+00
1.560351016769235821e+00
1.548371955227469732e+00
1.596431994641505980e+00
1.721879840829013020e+00
1.646964158758033259e+00
1.707064862113673254e+00
1.683972511813179640e+00
