2.132480599880017890e-07
5.865688503313783997e-01
6.404567308730165776e-01
8.003949567131262155e-01
8.642304028647341818e-01
8.355834036374504281e-01
7.024924012429457632e-01
8.464156895749671561e-01
8.501028534293098016e-01
1.080725494042042767e+00
1.104019239039761402e+00
1.240666477957310665e+00
1.361492340656916156e+00
1.025825660330660138e+00
8.809873689134797292e-01
1.184894306502863204e+00
1.179825129967475794e+00
1.093169085793471496e+00
9.470986507312946223e-01
1.318915894860088089e+00
1.115085264878862725e+00
1.009709086144722212e+00
1.158589948491205002e+00
1.277058218790429800e+00
1.350194815659351288e+00
1.507228854092145909e+00
1.169241332513504261e+00
1.233300585200393540e+00
1.016530404124677434e+00
1.130508063321837620e+00
1.086128485516210107e+00
1.125981284812947569e+00
1.148865949581419521e+00
1.100515795708290945e+00
1.409087845805913286e+00
1.237139053514157983e+00
1.410787877018576886e+00
1.427833023689904168e+00
1.342074975835535477e+00
1.373443020245834756e+00
1.274894595957964727e+00
1.235643678516741950e+00
1.222007277918704560e+00
1.183547087636399153e+00
1.367665326050880426e+00
1.295410613165225877e+00
1.279772360865080394e+00
1.441432512697162993e+00
1.591302773378507007e+00
1.373331896338582103e+00
1.289335224770957966e+00
1.188690506979991568e+00
1.393174756087255606e+00
1.480805903713886540e+00
1.325699277075368387e+00
1.453924968490772240e+00
1.525058769619737298e+00
1.473154102873414750e+00
1.488471832466670586e+00
1.417257821263246509e+00
1.567138083304441931e+00
1.756681813887337462e+00
1.794035855943098445e+00
1.625142977383403409e+00
1.765196366551688101e+00
1.824706172264956683e+00
1.630167648941953207e+00
1.812573570963070146e+00
1.847678309078834014e+00
1.959009702258076357e+00
1.724144981892557382e+00
1.826669086882204196e+00
1.865771444435440296e+00
1.899548829850236098e+00
1.904964988250691382e+00
1.750665240007091894e+00
1.859244644196459184e+00
1.852174734556780944e+00
1.709858557786237299e+00
1.775274822778390771e+00
1.805143950999714697e+00
1.781047221981150841e+00
1.895638768096955307e+00
1.938882718687914508e+00
2.070215703420331455e+00
1.839889000877939162e+00
1.944893037848130390e+00
1.835229334108328336e+00
1.991169910925736586e+00
1.904566327963291616e+00
1.993080356377214590e+00
1.840479629437333786e+00
2.003900496672330167e+00
2.011711341102196293e+00
1.921717681476672324e+00
2.016010808675249510e+00
2.277513982933258685e+00
2.156649856647295138e+00
2.095589181068972628e+00
2.019994635754064127e+00
