3.015782985847834980e-07
3.180267875831164770e-01
4.740923622561264983e-01
4.600021885957245038e-01
5.816766381946808506e-01
7.800133642339102114e-01
9.254834415381979484e-01
8.597274703274006002e-01
9.437341200814325370e-01
1.132774040411687499e+00
1.173223908346483713e+00
1.007856813669713469e+00
1.072973386836420628e+00
1.270988703337384118e+00
1.374356909477753241e+00
1.471095715004292925e+00
1.695364656698524541e+00
1.485116472333750659e+00
1.631013945762822326e+00
1.817742543559451862e+00
1.704189977548798973e+00
1.635366957198023385e+00
1.634897535976427285e+00
1.539115224131790693e+00
1.790650740298750376e+00
1.812781056232757315e+00
1.804423374384229728e+00
1.889017719907635007e+00
1.773488356788631704e+00
2.026592512715270633e+00
1.978931725369478478e+00
2.019319205335977419e+00
1.885119122344765863e+00
1.871836423784143388e+00
1.880723349275238876e+00
2.112582871025907139e+00
2.028721471825339684e+00
1.959904024433457126e+00
1.906792182403696856e+00
1.939527721998624221e+00
1.847603045672121747e+00
1.771473308211875430e+00
1.653947308388631576e+00
1.766088425094451742e+00
1.762019244181678879e+00
1.983533942411638940e+00
2.131248079563367259e+00
2.140271671242101270e+00
2.004136188475555080e+00
2.194304782988959257e+00
2.098285650808318525e+00
1.969790205982119069e+00
2.073170901542632283e+00
2.090671941536457190e+00
2.007385097382082151e+00
2.138763822754218058e+00
2.154629105294069813e+00
2.053654263817204839e+00
2.128044270448579578e+00
2.208108454312350144e+00
2.389411797327515519e+00
2.513950508465802258e+00
2.485013828034479566e+00
2.515174873636355279e+00
2.491707751288329220e+00
2.292694685396108767e+00
2.131052216532075327e+00
2.070228925713703205e+00
2.040831998505656220e+00
1.826859790979975751e+00
1.954562093413162227e+00
2.029732788717176106e+00
1.992445963583044044e+00
2.165506197585310044e+00
2.187640993345770557e+00
1.966379254983364300e+00
2.228391672053092520e+00
2.460631099852560233e+00
2.325845767976895129e+00
2.256517121030394701e+00
2.131907644238645094e+00
2.043330223795736256e+00
2.175046367679464687e+00
2.190425199777733312e+00
2.421147143275560687e+00
2.412543302422506031e+00
2.566930595334618204e+00
2.461211206895781434e+00
2.650753537496974843e+00
2.602373267207039209e+00
2.620524097876512748e+00
2.473212671866118040e+00
2.601451352553562746e+00
2.525614347283622330e+00
2.432742332771549609e+00
2.394207412896424803e+00
2.594444960006831113e+00
2.925664587629733582e+00
2.754463183476674182e+00
2.604242136320862766e+00
