4.264961199760035779e-07
3.930206553477894049e-01
5.459080979588208926e-01
8.270900331702545349e-01
8.859790405517768974e-01
1.054698659404131433e+00
1.027921721905971308e+00
1.230138766931466066e+00
1.240544571886892378e+00
1.217551000188571875e+00
1.374784735402102553e+00
1.457037405186422996e+00
1.538804826336592324e+00
1.684748829957956939e+00
1.596996257279747367e+00
1.536061959442539315e+00
1.400687956400763490e+00
1.568458102447973124e+00
1.493017811697890496e+00
1.626516913916047802e+00
1.659197522883862019e+00
1.658831250408030922e+00
1.696590572574870670e+00
1.805069075743729323e+00
1.853608894155329256e+00
2.007377065632911961e+00
1.976809411119268001e+00
2.021563784049774881e+00
2.003113195248710010e+00
1.983429028756917845e+00
1.807399924200282504e+00
1.589265815301310614e+00
1.549200570784654341e+00
1.695634600914328383e+00
1.718471937689027174e+00
1.515575404895908029e+00
1.515493906293892801e+00
1.575167066835947427e+00
1.521886284866285077e+00
1.490424108905312073e+00
1.559307024965986610e+00
1.513758648935251694e+00
1.863811711555733996e+00
1.694244472754796060e+00
1.646838592287981129e+00
1.665937541973246061e+00
1.766968248750570902e+00
1.413101761179469840e+00
1.732769280007857127e+00
1.709190479210180191e+00
1.800401213586137805e+00
1.567157326007446505e+00
1.772009201465480022e+00
1.831259032773649542e+00
1.782853719886076993e+00
1.723258375430110290e+00
1.579157015615333837e+00
1.619918490471964345e+00
1.745130183613191832e+00
1.879655159795083685e+00
1.825659058055574713e+00
1.887468208726356345e+00
2.124569257650769760e+00
2.151529251510155394e+00
2.189698446765643070e+00
2.123779246730210790e+00
2.234071165237282219e+00
2.230852477643191722e+00
2.205784146341176033e+00
2.179114521444861285e+00
2.283201941841190852e+00
2.432518882344205657e+00
2.372293513974237822e+00
2.744017930468603872e+00
2.533439391053472711e+00
2.569160213058890196e+00
2.344211960784853943e+00
2.370590731236827065e+00
2.452184721887050944e+00
2.449761965880691950e+00
2.180574230659131363e+00
2.410609549277046071e+00
2.270176808263019375e+00
2.371362654216302879e+00
2.641168113016255425e+00
2.577959605914469154e+00
2.698093805529826028e+00
2.738457647489926483e+00
2.521149964879616068e+00
2.464180571948828558e+00
2.346233883590842506e+00
2.239979451216646211e+00
2.254697079702385754e+00
2.410161807918810961e+00
2.490790100611540492e+00
2.568214437096211888e+00
2.529196247142524445e+00
2.504343342854452814e+00
2.562441052870321201e+00
2.471855543527892163e+00
