4.768371582031250000e-07
3.747044415051342670e-01
6.071019412081202216e-01
6.533578523614789191e-01
7.223480845121377225e-01
8.234012123515528359e-01
9.631676161228100996e-01
1.104019400071970081e+00
1.169343538023812856e+00
1.289202865298514133e+00
1.338999440706312161e+00
1.345463405172860893e+00
1.309966688558715564e+00
1.413148888005694381e+00
1.444179662421783528e+00
1.661893923689298891e+00
1.781999775179299528e+00
1.744278045063755167e+00
1.774259928370534700e+00
1.822636965182981239e+00
2.025086212484632942e+00
2.323075219114925982e+00
2.341672549092554068e+00
2.521692410104947601e+00
2.614474657557604775e+00
2.709098852046075923e+00
2.731841930779464800e+00
2.656710519978362051e+00
2.770126658241187645e+00
2.686700471643516330e+00
2.718865140729925134e+00
2.822059287640615199e+00
2.807846389509541130e+00
2.762376976313940968e+00
2.827376848516961250e+00
2.888555352679124777e+00
2.923796185568280137e+00
2.769330755609221484e+00
2.803792683706050504e+00
2.813315588130258060e+00
2.851368930678567448e+00
2.713701197906105644e+00
2.615199487826799007e+00
2.510654393935894291e+00
2.255103579237354161e+00
2.384187920476038780e+00
2.363206302634655032e+00
2.381424624064196305e+00
2.682721935319143380e+00
2.782682646349010636e+00
2.724638669804754443e+00
2.834087655979020237e+00
2.633309884316691996e+00
2.582391746298377200e+00
2.677463211901924378e+00
2.750133227971005123e+00
2.851078311223232742e+00
2.829940977070312336e+00
3.002691940406012616e+00
2.869347108768633969e+00
2.685841251083127101e+00
2.852286445001979587e+00
2.843242011971213845e+00
3.050915388789439131e+00
3.051853843176636882e+00
3.183919575745988162e+00
3.140097369768930058e+00
3.197505384910121595e+00
3.031995091672121223e+00
2.936979471946033815e+00
2.847801666906717433e+00
2.952641103833128611e+00
3.020464300047011275e+00
2.871786963843407925e+00
3.004747261021705196e+00
3.126470550088160216e+00
3.153259430589179235e+00
2.937654083349386713e+00
3.006161291917366807e+00
3.015766491405234451e+00
2.897681479152983464e+00
2.761887227325294347e+00
2.898817467934733827e+00
2.931836542640664067e+00
3.069671706162673264e+00
3.089868690186813094e+00
3.055075148827993026e+00
3.086931616778293197e+00
2.880459426780844545e+00
2.962820382727336721e+00
2.934535005513647654e+00
2.711328123612792407e+00
2.706773747798795871e+00
2.814359317932191296e+00
2.763430381754910847e+00
2.852233984920664156e+00
2.804866716847834507e+00
2.993128542471954479e+00
3.148120019507747447e+00
3.181831917818433553e+00
