1.507891492923917490e-07
5.616361113094878732e-01
6.170179813330103347e-01
6.019482165913810912e-01
7.949486547583940466e-01
8.242766320710068761e-01
7.517501404928896847e-01
5.486567130279004223e-01
5.688164452858812670e-01
5.881648884391423859e-01
7.153500408906207086e-01
6.371380690591291751e-01
7.263894043434966363e-01
5.835437926571386269e-01
7.534017338252232410e-01
7.142026688779253840e-01
7.129201897711145985e-01
7.239599772215045137e-01
7.201303974621690029e-01
7.826884055824431252e-01
9.606242760945628012e-01
8.905902087410511037e-01
8.396485791842641655e-01
7.197920463707038197e-01
5.900748017229648923e-01
6.699129688704972274e-01
7.863032447971317618e-01
7.592582482818253098e-01
6.849780050577688462e-01
6.857898659331072011e-01
8.296834379628024170e-01
9.843148398261808429e-01
1.025915746521979033e+00
1.087097807880287093e+00
1.050129145728794899e+00
1.093094308713853158e+00
1.120973486454688528e+00
1.132883311248509939e+00
1.233314106703846447e+00
1.274565796795293249e+00
1.267856171356194883e+00
1.154609474314365558e+00
1.188683308653180726e+00
1.008078820048598390e+00
9.288447753304219789e-01
1.085001342937921054e+00
1.015020726054723932e+00
1.197190661816896817e+00
1.099036579544328873e+00
1.335522869583605665e+00
1.467613291793981922e+00
1.252163678731330831e+00
1.362513835680802865e+00
1.174715025153622028e+00
1.072583607604266298e+00
1.048167558523573684e+00
1.200476722763900383e+00
1.153646564620971926e+00
1.060894861424531044e+00
7.360385006562640831e-01
7.633950464712930817e-01
1.020492355762263381e+00
9.374706096083280649e-01
8.143475183106664295e-01
7.727925638890126292e-01
9.262477767356478431e-01
8.875104759360030737e-01
7.792184116621599932e-01
9.182483734411106546e-01
8.054216727737653070e-01
8.990881620392975337e-01
9.238024526288217686e-01
9.757315159678715544e-01
8.751294404648902736e-01
9.716952824802816968e-01
9.613658093334315202e-01
8.158264154722228989e-01
8.859104945797255937e-01
8.416316951203918206e-01
8.498729286210977563e-01
9.259115355204206033e-01
9.317327117350574506e-01
9.232818900502356430e-01
1.122824422380991338e+00
1.105538002292198785e+00
9.463129862496251210e-01
1.180943164121800226e+00
1.072490489724504226e+00
1.097673106572660817e+00
1.236385318606062711e+00
1.222012652026397861e+00
1.045819241995115334e+00
1.240396069603834306e+00
1.163252521484664959e+00
1.174373350309084074e+00
1.190520708075959222e+00
1.191071293265989484e+00
1.103507792758230632e+00
1.203844654436037276e+00
1.113336124096516055e+00
