1.507891492923917490e-07
4.737684882227216066e-01
5.597547727909711890e-01
6.633227288046438241e-01
7.219161320134586113e-01
8.545169552243130351e-01
9.259153033643137132e-01
8.534495395571315424e-01
8.141583666751127657e-01
1.106363453369080263e+00
1.095909172555980637e+00
1.144680339665939961e+00
1.057226633469627419e+00
1.019309623631962758e+00
1.041797304404247004e+00
1.468632191389529273e+00
1.529708408699322231e+00
1.417291556366649496e+00
1.392212721791091568e+00
1.156278243233136438e+00
1.174147984967499836e+00
1.339347235748984621e+00
1.388095640512589046e+00
1.297180438447563366e+00
1.309587963379668540e+00
1.301813653199095366e+00
1.293649700786975831e+00
1.429994968919800602e+00
1.611542030689599336e+00
1.738072587183455697e+00
1.723193158345261988e+00
1.719310941464648579e+00
1.805809713145319906e+00
1.750446133762160406e+00
1.557298251738799655e+00
1.546125367714916710e+00
1.538796521784033144e+00
1.544359565080183128e+00
1.490641484007052542e+00
1.549627898024142469e+00
1.632696582850485356e+00
1.730814272348565108e+00
1.779154691961876367e+00
1.822628470580615279e+00
1.991868761062620896e+00
1.793374977531843273e+00
1.921721254491645325e+00
1.677755048980788866e+00
1.883349950032443543e+00
2.065331831930168338e+00
2.106088060370199688e+00
1.918797399624043276e+00
1.987565733425330050e+00
1.881707490100472224e+00
2.018228793909655039e+00
1.983124102503282637e+00
1.924341389416272641e+00
2.000043569636234864e+00
1.958447792841662594e+00
1.890856659240756743e+00
1.885862094809136247e+00
1.757816178696067100e+00
1.898182426970569159e+00
1.995723933956741858e+00
1.891277210709898071e+00
2.105897033050598832e+00
1.978939464383156377e+00
2.149623682286346149e+00
2.026498882227744325e+00
1.861213576587784191e+00
1.822041403276235094e+00
1.890817745006304618e+00
2.204317088001714886e+00
1.988148404726372664e+00
2.056209233966424854e+00
2.084685963762510585e+00
2.034471132756911604e+00
1.999805911285653881e+00
2.021406882004902705e+00
2.051454894188576183e+00
1.996918459336765261e+00
2.124413447814851086e+00
2.200201128542989437e+00
2.113730283343612903e+00
2.059979047312168188e+00
2.107516684459503242e+00
2.137295316355122043e+00
2.296150624266987794e+00
2.147566792723917928e+00
2.105260101897945546e+00
2.092943864082959404e+00
2.359871425102588738e+00
2.204351198787565469e+00
2.131294437999420310e+00
2.097629085785690961e+00
2.102993333012303623e+00
2.247553030842895705e+00
2.278940742006771103e+00
2.363864890334780089e+00
2.313434437911633612e+00
