1.507891492923917490e-07
3.880622990675939854e-01
5.134647100094595906e-01
6.512029143522224395e-01
6.789786234910425433e-01
1.004881588519761282e+00
9.498683389169141345e-01
7.701069740681221187e-01
7.255540029977476379e-01
8.915877333715852560e-01
8.467250664430471252e-01
9.686875620544518339e-01
9.904871150737689645e-01
8.075496146561162991e-01
9.763128926152695453e-01
9.338198590758814976e-01
1.181816357956240182e+00
1.108116978057928526e+00
1.227516215347255191e+00
1.288172366361143073e+00
1.342252312696881278e+00
1.252792902995904845e+00
1.276321319666561926e+00
1.376330282418003037e+00
1.443870478761242415e+00
1.622184544382808236e+00
1.654018249827537757e+00
1.666729245096171264e+00
1.723730843542341296e+00
1.593393903132021894e+00
1.617468680969888384e+00
1.689351529916182759e+00
1.568055064442950286e+00
1.633889982410568376e+00
1.470724370294355543e+00
1.583607400212856842e+00
1.712375890880982743e+00
1.814421411118678051e+00
1.837894373574173068e+00
1.833153150054828817e+00
1.966651734486155823e+00
1.992602923754322353e+00
1.818640654145456947e+00
1.941979247754433313e+00
1.919004313189908606e+00
1.959309496331006040e+00
1.916884332100687205e+00
1.706442773213137754e+00
1.837102316903446386e+00
1.801414508459280084e+00
1.744482023288949080e+00
1.760390974452946011e+00
1.670903113896253345e+00
1.791344536323479009e+00
1.706268456643511344e+00
1.631922723658572716e+00
1.676551411992316165e+00
1.807669773252924772e+00
1.994320217413143581e+00
1.914311142568299040e+00
1.811899171606183412e+00
1.912867503055101892e+00
1.807557548409574721e+00
1.734767704694120560e+00
1.664880311040207506e+00
1.570677540743407929e+00
1.658356409957632005e+00
1.576114738905225243e+00
1.469344868987899178e+00
1.389177696423332220e+00
1.461803783583367933e+00
1.355475768809062620e+00
1.261312878973131379e+00
1.504582232726283442e+00
1.532128947640581496e+00
1.386191792573424175e+00
1.370264859027606530e+00
1.449251787988622420e+00
1.604864890393783217e+00
1.657667810630880201e+00
1.697928525991568183e+00
1.730995282118092504e+00
1.765333706670672687e+00
1.655830012195707912e+00
1.748686062503019167e+00
1.849485188065969732e+00
1.673902418169056938e+00
1.742356135798702299e+00
1.699739913937730051e+00
1.796598251307462091e+00
1.866485830286646053e+00
1.848736655785278238e+00
1.979774310307452767e+00
2.037496813153575115e+00
2.067500884635135705e+00
2.048608784141657146e+00
2.036028341444186651e+00
2.230168932119359404e+00
2.139291567898204072e+00
2.171409697198635858e+00
