0.000000000000000000e+00
6.322344507398984792e-01
6.454944237722560763e-01
7.100751643862938112e-01
9.972631527756302683e-01
9.796547377998876538e-01
9.993088468261072110e-01
1.178632206837811891e+00
1.268905898356878170e+00
1.384281734381417772e+00
1.323116433861221353e+00
1.394530734763103741e+00
1.395422659906400131e+00
1.469848091339985841e+00
1.454612610896189206e+00
1.494292470949885709e+00
1.428796133940796187e+00
1.526051440814135907e+00
1.384846731151486043e+00
1.269461781544110712e+00
1.101813663507857921e+00
1.046225080401103513e+00
1.236883266111855395e+00
1.136675733067922023e+00
1.220032279875020942e+00
1.095488617541931387e+00
1.282022309029968055e+00
1.340855380319901480e+00
1.416241384393272851e+00
1.544286167182675529e+00
1.467671113296972196e+00
1.424946796784403391e+00
1.313092114416063438e+00
1.335040533803010021e+00
1.280841869153746870e+00
1.330948531655826717e+00
1.582445282645362106e+00
1.432850859500563789e+00
1.482740088052126648e+00
1.439925968983167159e+00
1.407256343996066805e+00
1.518215654290861139e+00
1.729391253692031061e+00
1.750701935036224510e+00
1.680560745628802755e+00
1.641037392440755971e+00
1.693533032499515034e+00
1.630942941161185322e+00
1.704475077792938942e+00
1.939119598392121668e+00
1.935244089357901709e+00
2.007313095791047441e+00
1.936866498095682898e+00
2.033253860620509279e+00
2.037823588238547146e+00
2.020386796765516912e+00
2.012843814460691050e+00
2.066347564987755181e+00
2.219759055246699919e+00
2.251145747853746215e+00
2.347988310686882851e+00
2.490096136422647710e+00
2.363592600487827600e+00
2.386574189809596902e+00
2.301524430333531601e+00
2.477736752091567851e+00
2.498348676749160724e+00
2.400004674222773193e+00
2.438369679446833693e+00
2.565922985463266137e+00
2.346462876555353905e+00
2.266375398669298047e+00
2.301255600462607021e+00
2.448336282335832337e+00
2.351641057969905635e+00
2.387472823820254053e+00
2.312999518779915498e+00
2.240561676126249235e+00
2.149027632899139117e+00
2.273839333795142359e+00
2.270153725823521373e+00
2.251397455984595730e+00
2.170042788717910565e+00
2.082024966027424373e+00
2.153160388809316039e+00
2.024323877702442154e+00
2.180934347199463996e+00
2.211374970698499531e+00
2.283549563492438761e+00
2.255516227679148500e+00
2.183128282979257762e+00
2.129683054913352525e+00
2.187330333717373509e+00
1.967136715240622724e+00
2.181044591030625313e+00
2.068704832595817944e+00
2.054578297765821571e+00
2.108748320818654598e+00
1.927499369587081235e+00
1.985227119979964483e+00
