4.768371582031250000e-07
5.649717271833913923e-01
5.611714576050503833e-01
6.240221631498340527e-01
5.902463829752566671e-01
6.665957567470707223e-01
6.658717621608682968e-01
7.702661035628464159e-01
8.653693239827621175e-01
8.077692727571704756e-01
9.328709979701195198e-01
9.945530181435904282e-01
9.163907933543188333e-01
1.119140308817891727e+00
1.210743054953280273e+00
1.415884540211087339e+00
1.299105035067985359e+00
1.508004092794726025e+00
1.720494759921895378e+00
1.911034921021311117e+00
1.987213520305118220e+00
2.111960964147964415e+00
2.197242391330692879e+00
2.195769535826523011e+00
2.174978638584115220e+00
2.450677934712506278e+00
2.453563747492910174e+00
2.506335363291069207e+00
2.543012049473829084e+00
2.309983651615258093e+00
2.306760714444175075e+00
2.542620074457539125e+00
2.572702644140370865e+00
2.507824431908590501e+00
2.475660121767961908e+00
2.433366176932587166e+00
2.527994904592096859e+00
2.632093085024787449e+00
2.770557641054022024e+00
2.639759424433824275e+00
2.443650461060249857e+00
2.500017411674855694e+00
2.579740851807108104e+00
2.782433265864465710e+00
2.907508828905023712e+00
2.837819395830955660e+00
2.726657365303733371e+00
2.599042820637409879e+00
2.799094401342364424e+00
2.786493298483463832e+00
2.983204335692982934e+00
2.959759147727029305e+00
2.778015929714270804e+00
2.950232341264820146e+00
2.960952554839209050e+00
2.898328792997144188e+00
3.183840589142935329e+00
2.999322120580497408e+00
2.906071848538682723e+00
2.796433613728336987e+00
2.898837354158884771e+00
3.140552096786453529e+00
3.163890876944896124e+00
3.177076412929254801e+00
3.432702956759219770e+00
3.172490505424007790e+00
3.264270740814425142e+00
3.396102767991338034e+00
3.522645277880270154e+00
3.425384596088441036e+00
3.338288105072603429e+00
3.279049027332916033e+00
3.285997254405579771e+00
3.162240989534889746e+00
3.333321688038236363e+00
3.321436765270123104e+00
3.322420907860255568e+00
2.948678230523912092e+00
2.934045217951212869e+00
2.774107574381310393e+00
2.842836339000011314e+00
2.783057125150423250e+00
2.853964741432922558e+00
2.901289289777325475e+00
3.011537270508209296e+00
3.243830719252109418e+00
2.944941303268950428e+00
3.047520611601706619e+00
3.160432756406128529e+00
2.846732555505822493e+00
2.760748713446138147e+00
2.870875081118177796e+00
2.976330400356429262e+00
3.016074524473614460e+00
2.898398009467204162e+00
2.914804669805082238e+00
2.956455565153226939e+00
3.420651205678849838e+00
3.372521754954926898e+00
3.206110662017016111e+00
