0.000000000000000000e+00
4.010064346031934623e-01
5.006164439707363467e-01
6.183891785539719077e-01
6.382358614100120953e-01
7.292386347637934696e-01
8.546793860027336320e-01
9.246474550960697147e-01
9.965434427116527383e-01
1.186439646226297828e+00
1.036956528823933743e+00
9.324021886638245160e-01
8.264249422707606874e-01
8.203175134902030985e-01
7.755694554018449649e-01
6.846291409554480234e-01
8.211884787990019197e-01
7.553983831798212201e-01
9.116455819334954302e-01
1.004027214834724235e+00
9.332381603217327903e-01
8.619392782291543931e-01
9.800190529333099310e-01
8.385940882069432556e-01
7.984936968782692102e-01
9.860412129939151171e-01
1.031065596220861691e+00
9.383705903907730850e-01
8.784236659419000226e-01
7.586574747517270678e-01
9.695861201973864363e-01
8.507718147939953290e-01
8.979734530421904504e-01
8.283827098192452221e-01
9.344698542040612566e-01
1.062162868215533518e+00
1.044385472123168457e+00
9.405752489280329032e-01
1.030553371681697028e+00
1.058458120198186414e+00
1.037315121257211148e+00
1.159041206831698645e+00
1.127134939121939183e+00
1.371114105869348565e+00
1.310671948571620726e+00
1.346812210714095182e+00
1.517173279833656352e+00
1.442972228213365460e+00
1.520942740918419078e+00
1.520546423123239288e+00
1.526972591153853864e+00
1.370614990826702240e+00
1.285041615672848359e+00
1.214925680684076026e+00
1.064085599328203458e+00
9.966094449159321744e-01
1.179356167154303137e+00
1.158606351138578017e+00
1.278023277635546684e+00
1.530045722023838373e+00
1.458850375941067812e+00
1.320880199912203512e+00
1.412538799876399187e+00
1.405549381072311421e+00
1.389079213963793968e+00
1.442504403009499558e+00
1.194914145290414842e+00
1.125805236348869753e+00
1.186573852043228072e+00
1.246730527635475871e+00
1.328302090987811823e+00
1.261566489015528258e+00
1.200008129748281860e+00
1.336191329113740389e+00
1.395978105853604934e+00
1.344882742621671401e+00
1.292236913830757672e+00
1.400012652190867790e+00
1.653929700897170063e+00
1.439699391436507492e+00
1.575325876662066804e+00
1.542190178349417184e+00
1.707537806072217723e+00
1.547851931609952159e+00
1.649904745036215648e+00
1.605861160989279668e+00
1.691853139916518201e+00
1.799398341201086104e+00
1.662328516756405028e+00
1.874165949238993489e+00
1.999538823261584941e+00
2.031280468356098101e+00
1.895641525425622698e+00
1.784386558484183816e+00
1.823007403671017768e+00
1.739803188363006736e+00
1.881925730100131311e+00
2.020927377422584215e+00
1.929017801596584203e+00
1.745829950075370673e+00
