1.507891492923917490e-07
3.579519773334768340e-01
4.492566216102727439e-01
4.973365330854078725e-01
5.357025997891246005e-01
6.388910369273711476e-01
5.965381553872608489e-01
6.704865776724945325e-01
6.038392380512680457e-01
7.590810676084855935e-01
7.533400980120869006e-01
7.159786991162937486e-01
8.083224832465799592e-01
7.280110500487905201e-01
7.506769861293740576e-01
7.019859303242048654e-01
6.839842093534861389e-01
7.791223180495554512e-01
7.561917139129250565e-01
8.303718653357095025e-01
8.947519898000835248e-01
9.922284587284991852e-01
1.007134842853156353e+00
9.698905270879647489e-01
9.956389919967107982e-01
1.017189182887542565e+00
1.171475824720322745e+00
1.146912382173318923e+00
1.083619303216646568e+00
9.885507736757637165e-01
1.024540126425260711e+00
1.092907527063024409e+00
1.027695997894330748e+00
1.068938074012242945e+00
9.882018429244876501e-01
9.766068102219717106e-01
1.014244246759227419e+00
9.455669218606983506e-01
1.139757112319646604e+00
1.186534179287913382e+00
1.113883984755963841e+00
1.152937487915260961e+00
1.198443374170204967e+00
1.234716634250547562e+00
1.457069893743451416e+00
1.486589587774050258e+00
1.489807659518868954e+00
1.497459952906665226e+00
1.203045345991517800e+00
1.325991468066730850e+00
1.272941155982914685e+00
1.270520712211305137e+00
1.141525266708768749e+00
1.346094254437381510e+00
1.363993349466213312e+00
1.529249797543586586e+00
1.343513997182894881e+00
1.298996190486936486e+00
1.231914129972132566e+00
1.099191082300813305e+00
1.280578255130341736e+00
1.159410830122905134e+00
1.257437490315375106e+00
1.220158739317491081e+00
1.068825685409365622e+00
1.170732674025459330e+00
1.224012453996562444e+00
1.120598318651780501e+00
1.296762476485007642e+00
1.223681514738222287e+00
1.280017677915680441e+00
1.195423076100574411e+00
1.146526484944326851e+00
1.309824469293545901e+00
1.333852731678424552e+00
1.318256124560199583e+00
1.397251100631098808e+00
1.148468294444689786e+00
1.248761152480285519e+00
1.218000530821515381e+00
1.309110537531127827e+00
1.250187055613607434e+00
1.207890570586908296e+00
1.235609152988780712e+00
1.066212890913002642e+00
1.102760767493726313e+00
1.142338356418024059e+00
1.119090941899291591e+00
1.106658603059996748e+00
1.196130079209458019e+00
1.246221005365342638e+00
1.368763460292420575e+00
1.341155546922502717e+00
1.313945650185415426e+00
1.127140978133276183e+00
1.236997180331214752e+00
1.129789551169995132e+00
1.105687351574810018e+00
9.290700843418623345e-01
8.854526376234403973e-01
