2.132480599880017890e-07
4.700678714659702884e-01
5.504680591562531866e-01
6.883424150329752189e-01
7.602648613621797447e-01
5.914037997920842393e-01
7.564320215796446201e-01
6.052170706363525499e-01
7.187561715632729831e-01
6.621256587204618071e-01
8.788239777349103887e-01
6.653836540833685254e-01
8.911266275044695817e-01
7.772763098743981081e-01
8.563602407434277586e-01
8.411051291269742158e-01
9.019641844716224099e-01
8.588525779524609494e-01
1.051403690396617741e+00
8.237183065675832694e-01
9.020232145363682452e-01
9.744300952023751128e-01
9.131930848565750214e-01
9.154065783608409390e-01
1.120626572400129417e+00
1.179864665922646161e+00
1.194333919130461386e+00
1.094533049066949371e+00
1.414117785893055368e+00
1.238920952846501944e+00
1.324201449574384348e+00
1.259709994724194093e+00
1.211548982173080269e+00
1.216065405132837451e+00
1.289604935899276938e+00
1.186067328748906968e+00
1.384696918350225570e+00
1.357109427198749385e+00
1.424476458338924223e+00
1.348584820115277472e+00
1.414913885480494571e+00
1.133557054673220099e+00
1.230764035777916376e+00
1.361392254190629147e+00
1.182525573519664697e+00
1.343700863493509035e+00
1.485421465057384482e+00
1.522657688035870871e+00
1.472577869220994984e+00
1.453860804579210075e+00
1.158806140861609935e+00
1.268253128942826047e+00
1.162753371121435508e+00
1.296978773814378538e+00
1.495223693542637289e+00
1.496189302709195923e+00
1.536757877295205521e+00
1.565188784368030994e+00
1.609420758567473131e+00
1.517111856768348366e+00
1.492892901044815313e+00
1.417820186014425277e+00
1.323675185232225271e+00
1.504196882689964321e+00
1.549481966462318505e+00
1.669935675408269482e+00
1.569433087231522306e+00
1.517780396044421387e+00
1.530008903344669102e+00
1.673225729823286212e+00
1.677219647105106626e+00
1.756872250416393166e+00
1.852208722198374513e+00
1.883704021448921351e+00
1.829955967028945807e+00
2.000426589434072699e+00
2.098296124815146602e+00
1.976508166718001558e+00
2.126685737301001300e+00
2.171170141385843078e+00
2.086670625036174176e+00
2.208316404161523749e+00
2.239706228897694995e+00
2.185643999627925549e+00
2.343325586326009180e+00
2.268031265825053211e+00
2.252344778230511935e+00
2.268632362955933957e+00
2.301586504943388789e+00
2.474169056258782806e+00
2.649351832784016647e+00
2.751522545753610771e+00
2.648897464043012739e+00
2.642831750458245921e+00
2.789929097177129780e+00
2.637785480332145216e+00
2.552596965135891960e+00
2.363993103634098425e+00
2.369211487326372545e+00
2.386056585891590309e+00
