0.000000000000000000e+00
3.898615532416152551e-01
4.825999125632255971e-01
6.527457437152486275e-01
5.330765474474121746e-01
4.586283021434879870e-01
4.937541067944024586e-01
6.526922243193946649e-01
5.114435653039646201e-01
5.970279581688998638e-01
6.549249759475865851e-01
7.028554905422889076e-01
8.213292726940789601e-01
9.946394066230170861e-01
1.055153692715858460e+00
1.078458223119321602e+00
1.062735130923687654e+00
1.122102147103985814e+00
1.246710640338269283e+00
1.085813751777038094e+00
1.087419313136605004e+00
1.001206962202232598e+00
9.468342271427094836e-01
9.429922354518411876e-01
1.086514378035725148e+00
1.125033530986836450e+00
1.030181106210083630e+00
1.030789257119038460e+00
1.104137776214655364e+00
1.053416543778846748e+00
1.075612084857659800e+00
1.401371093657693079e+00
1.049689654906676761e+00
1.107239865017345171e+00
1.174214718124332535e+00
1.245459153036400535e+00
1.336798172799905426e+00
1.108891719236820173e+00
1.073795486922734410e+00
1.086143717111332618e+00
1.159427305309103984e+00
1.074591590067615510e+00
9.387839144812052394e-01
1.066555187419715223e+00
1.098403611693166804e+00
1.011612640524736983e+00
1.111094292426585195e+00
1.176947421671938887e+00
1.158337599627402570e+00
1.193592156546612326e+00
1.061882040862924370e+00
1.225843004197176400e+00
1.242111040900448105e+00
1.190932114973447531e+00
1.349126581984848805e+00
1.467310336036541374e+00
1.719304532443380662e+00
1.628114073144999230e+00
1.731972006419497445e+00
1.782373376324638325e+00
1.741749352643453985e+00
1.502812032525389530e+00
1.540650535412806388e+00
1.555926858120560308e+00
1.578292598404619440e+00
1.495787382452913983e+00
1.514327052163549014e+00
1.432025746934622035e+00
1.352911252027986899e+00
1.411608111937471488e+00
1.551019155962096052e+00
1.603716140260234013e+00
1.583877793057213657e+00
1.684768444495951867e+00
1.657654175533939567e+00
1.701237125080991452e+00
1.574922008675334606e+00
1.410514853220632414e+00
1.468208325453397078e+00
1.407718057321829530e+00
1.562062625095229640e+00
1.473260720307534077e+00
1.416940634122313636e+00
1.600923308910834120e+00
1.386675610006571802e+00
1.456853558065568599e+00
1.631527462456963784e+00
1.597607830228937598e+00
1.643785484685073905e+00
1.791183700409425317e+00
1.635385996987705814e+00
1.824144105648084935e+00
1.732981122090077042e+00
1.544555847362994339e+00
1.555455738729963011e+00
1.759643332936305482e+00
1.592120182027566333e+00
1.636673190702148117e+00
1.669785889881176377e+00
1.673501797638001554e+00
