1.507891492923917490e-07
5.308005725298835520e-01
7.245592215281038140e-01
8.914540546470125504e-01
8.873401666338015525e-01
8.845141111491876540e-01
8.445482719634735957e-01
7.842993337692855116e-01
8.514109922493947602e-01
8.874599979350150658e-01
8.611238068046340732e-01
8.230731245464898427e-01
9.547848719225004999e-01
8.654765856976032179e-01
6.103733328447593642e-01
8.178596892671826657e-01
8.384366230661636221e-01
8.967798147508262430e-01
8.978794904472380267e-01
9.837131261550388084e-01
1.006478907846694026e+00
1.054631227698568319e+00
9.431986337209400384e-01
1.090820458463792830e+00
1.024458811162233030e+00
9.493490897453212840e-01
1.091653984514695086e+00
1.236040273881983786e+00
1.243262173766244150e+00
1.064787006623728827e+00
9.879077132162111807e-01
1.036496077044092079e+00
1.008311564791843251e+00
1.017168076404983745e+00
8.950702102323562226e-01
8.717641271127608560e-01
1.020256343764872620e+00
1.011747090198538590e+00
1.262737964677799862e+00
1.227956178628388351e+00
1.312280105293112786e+00
1.190398628355767041e+00
1.305985960227218134e+00
1.365059712454934404e+00
1.517503235293103936e+00
1.405327582414809040e+00
1.445674619187336196e+00
1.631999936561763898e+00
1.582169887215636672e+00
1.774765975778557436e+00
1.892162764830049637e+00
1.828772401289944671e+00
1.954953273441071504e+00
1.911959754427542180e+00
1.787731467696596299e+00
1.920595725965086320e+00
2.046016431126837620e+00
2.020887204629331357e+00
2.208844286236638865e+00
2.198274359217228913e+00
2.132528157993408779e+00
2.410141230535186807e+00
2.106164322632752661e+00
2.296598834462563854e+00
2.228050761383566947e+00
2.313853414831330113e+00
2.130581962588242728e+00
2.081485288695310576e+00
2.100418782016524766e+00
2.416514869582991221e+00
2.391318619807087487e+00
2.401378719580978149e+00
2.460630934175418449e+00
2.545850250043176999e+00
2.462349413087681071e+00
2.332791949356794348e+00
2.344989083905547833e+00
2.487598322467904133e+00
2.623729295852667676e+00
2.648912377827701281e+00
2.595878085451246431e+00
2.578846387506107618e+00
2.590779130597835156e+00
2.723924096979524645e+00
2.826535571106654210e+00
2.866744167988195535e+00
3.040920756430925742e+00
3.053647172032954771e+00
3.175850621603500290e+00
3.284384727381228331e+00
3.224035350141912115e+00
3.227255641286109533e+00
3.364485716172348262e+00
3.240653151299575097e+00
3.242779303566657223e+00
3.438927223180476833e+00
3.563298204649210099e+00
3.597746061703744225e+00
3.568327184518981898e+00
3.758185664583308938e+00
