6.743495761743045547e-07
3.739081487182849828e-01
5.572660037274664857e-01
5.646212888735046009e-01
6.865908710125816494e-01
7.858040320898004305e-01
9.048424220323753042e-01
8.602608983025259448e-01
7.800654669255188134e-01
9.253719195209696435e-01
8.518391442348927090e-01
8.825745908861142297e-01
1.136100415678664044e+00
1.155149828432681325e+00
1.191138112404099614e+00
1.372206577281225082e+00
1.199245089635983641e+00
1.402111315072661846e+00
1.387967676540029727e+00
1.277960481731723164e+00
1.351420528419989830e+00
1.442695750783143493e+00
1.620050989325131363e+00
1.587387045838323685e+00
1.638224599183866426e+00
1.861921089183822930e+00
1.803781183560441370e+00
2.023274540785003239e+00
2.081276882271591688e+00
2.004180920351429585e+00
1.936723474842926729e+00
1.992022222849419544e+00
2.062036775585004200e+00
1.983935803489401906e+00
1.871830859412724202e+00
2.024364392768680077e+00
1.904513815259477383e+00
2.024976344478897516e+00
2.169554447810191355e+00
2.177056241457996588e+00
2.174931783050664702e+00
2.494353419910005254e+00
2.646295140184386607e+00
2.568174926520443879e+00
2.428720318077912221e+00
2.492176407978065722e+00
2.675897270659890914e+00
2.568321639488221120e+00
2.698086181554834262e+00
2.719885591497149591e+00
2.761986347371900408e+00
2.697403391484304525e+00
2.865005142470786303e+00
2.927519155885810243e+00
2.777520533343796227e+00
3.130775354898279961e+00
3.228812073260177939e+00
3.159567100400729522e+00
3.389610758765308596e+00
3.346269203251446722e+00
3.442095107385342967e+00
3.343162379663606742e+00
3.102273634384230760e+00
3.151359540483746446e+00
3.021821489288228690e+00
2.960107190457621495e+00
2.957790588364344497e+00
3.123487506824582205e+00
3.052000609666523090e+00
2.850932608201747875e+00
2.725566833966320601e+00
2.569460674979693326e+00
2.561329854372557335e+00
2.771064263223056656e+00
2.532959933367552985e+00
2.500025574635619918e+00
2.459788797225280987e+00
2.230633933933320545e+00
2.091858041051781747e+00
2.077699165261520431e+00
2.221836115209848028e+00
2.462165287345388975e+00
2.530276286312222123e+00
2.359469607827191062e+00
2.159353864034099679e+00
2.135822597318883354e+00
2.197518844146257422e+00
2.575356202680245232e+00
2.618217445219206407e+00
2.705166446440284034e+00
2.681692264161149808e+00
2.791179551935512926e+00
2.809465789474642872e+00
2.983709946453603212e+00
3.317686995372817638e+00
3.077205783450850607e+00
3.092738966271764589e+00
3.254653305784373174e+00
3.195509565455465495e+00
3.088941012218612947e+00
