2.611744678045111057e-07
4.051665415435428685e-01
6.005159676460060103e-01
6.624182679504345694e-01
7.646892865339816048e-01
8.554168628133123065e-01
7.925833345372267358e-01
9.376650047283960898e-01
9.970118097532084667e-01
8.506504728926810310e-01
9.663391553196435391e-01
9.880865138041419193e-01
1.120584914067760840e+00
9.178862600546304762e-01
8.421148325796440348e-01
8.625263753920356935e-01
1.055112225562458983e+00
9.242024941192981125e-01
9.873759375114709025e-01
9.743181670143222783e-01
8.623413643353429192e-01
7.357496806592181970e-01
7.653471081271630005e-01
7.619464845240097040e-01
8.111186609339346987e-01
7.054011751885220782e-01
6.552965313371084122e-01
8.502891425988886587e-01
8.415921716968947086e-01
9.931670149458660113e-01
9.820066414890801232e-01
9.099171787845816706e-01
8.898752434994425808e-01
1.101198412216472411e+00
9.382693125781768062e-01
9.593326286541812298e-01
8.794264423730850933e-01
7.917412884547065932e-01
6.726806032379595290e-01
7.791221071350825644e-01
7.976780858931888929e-01
9.002943525662066016e-01
9.381974317096130056e-01
8.338192730517810514e-01
9.826192088746024123e-01
1.019192747510990094e+00
1.035598234765707115e+00
8.996613001649185204e-01
9.233010593840815794e-01
1.006874022589223650e+00
1.076164957426947844e+00
1.073349805694126413e+00
1.049002615667839589e+00
9.852852434678106563e-01
1.105984796922608870e+00
1.032017134409500159e+00
8.798259110099135860e-01
9.441023801154527773e-01
9.192466602197559844e-01
8.027370939860859478e-01
8.765007193911030781e-01
8.809198040027208521e-01
1.114840504948779953e+00
1.050068717083790570e+00
1.100228125691402603e+00
1.105357218997921942e+00
1.148363337202452872e+00
1.048612109233764134e+00
1.077847241975259163e+00
1.151355599600073054e+00
1.262086761214523456e+00
1.273518687746930889e+00
1.398900714254395883e+00
1.410028513640155357e+00
1.410070014529328786e+00
1.223653686661514417e+00
1.388040060336958259e+00
1.146425535472701984e+00
1.005064072890721860e+00
9.406566834914831254e-01
1.057977098986990105e+00
1.105551770810147660e+00
1.060567446706794259e+00
1.201556801739666280e+00
1.302533732124111054e+00
1.325455354704875965e+00
1.444095913487809080e+00
1.499443305489313927e+00
1.439209241291692143e+00
1.578588219925124880e+00
1.528485870418544668e+00
1.434523371539150327e+00
1.132674544727396260e+00
1.070568048992695642e+00
1.005896832531434137e+00
1.155581279326546529e+00
1.403229209772316466e+00
1.499161705027174163e+00
1.586056028572737420e+00
1.415111280239707447e+00
