2.132480599880017890e-07
5.258366394065865368e-01
5.771016947134531838e-01
5.807649526005923546e-01
4.982230423084021975e-01
8.258426768298328113e-01
9.685079102216486158e-01
9.415407608391220817e-01
8.516401567804817718e-01
9.651678031786471434e-01
1.150637619882627805e+00
1.104434855422083972e+00
1.131507812430627702e+00
1.136113482498367411e+00
1.233612472535399629e+00
1.019265602584249919e+00
1.114347629578189780e+00
1.133929672741474715e+00
1.161153226493827351e+00
1.408869782322102138e+00
1.301909089372470518e+00
1.428380189952286550e+00
1.454005878693926501e+00
1.357653279671921842e+00
1.485624296416891976e+00
1.618626648077916341e+00
1.613926936266444123e+00
1.674178622426870433e+00
1.686731488536371115e+00
1.684351073560234724e+00
1.873842629017363537e+00
1.849658743045289322e+00
2.090672847944740731e+00
1.973725514825097394e+00
2.086756724889064607e+00
2.161767198811514135e+00
1.827298889821939998e+00
2.121048865507525694e+00
2.172298560162913450e+00
2.190823656087975468e+00
2.209361610291951994e+00
2.184783545721189491e+00
2.167557606553498495e+00
2.335622004651503492e+00
2.415800921562879289e+00
2.518835629565359557e+00
2.484421489047537790e+00
2.511675104899445454e+00
2.367529216770052347e+00
2.376001322916377667e+00
2.230220524913081537e+00
2.304330458812672511e+00
2.513947150878764525e+00
2.397575862153416448e+00
2.179423608887481656e+00
2.342108032744890433e+00
2.400987527358043216e+00
2.482250214414341016e+00
2.236902203739127071e+00
2.305070671571485708e+00
2.530348453751609217e+00
2.501111955199515791e+00
2.621713657898252947e+00
2.569607135495970862e+00
2.767558144618923244e+00
2.911899793995699426e+00
2.977473649508867837e+00
2.951359674896222973e+00
2.930666558751318984e+00
3.072901165457287309e+00
3.092647359189076628e+00
2.906786419716023584e+00
2.827491251594350885e+00
2.796656772639206423e+00
2.924171366242227954e+00
2.988653965622357855e+00
3.004729080927282858e+00
2.821390355743581768e+00
2.769341404907992743e+00
2.756923015689606515e+00
2.621573114606949861e+00
2.702752907333930477e+00
2.645322621218884063e+00
2.746528018838962026e+00
2.633577735979041545e+00
2.684981592543867812e+00
2.426111571545758405e+00
2.387019680260316079e+00
2.607329661197558046e+00
2.601805970291735104e+00
2.522204247620434714e+00
2.396231748668645078e+00
2.440705502796038928e+00
2.333697027524637146e+00
2.311736817076826433e+00
2.146266836057301841e+00
2.140575552210698618e+00
2.131236164911765485e+00
2.223419008066929603e+00
2.052664951332872079e+00
