1.507891492923917490e-07
5.600260559877802136e-01
5.805064107731447987e-01
6.477249996277414379e-01
6.913286553785724653e-01
5.489072807871109294e-01
6.716916235399540414e-01
9.068755212758700113e-01
1.199969136367707412e+00
1.537853742256756417e+00
1.604433401771571566e+00
1.676075108023463489e+00
1.662114329037458260e+00
1.604802087893814067e+00
1.552204989961159409e+00
1.659559358778013305e+00
1.704266483144013300e+00
1.920663183384101913e+00
1.822508003171092961e+00
1.918079224760711021e+00
1.987093810132157135e+00
1.867395905189041860e+00
2.028814666262020783e+00
2.173222667452478163e+00
1.865421516085699061e+00
1.982581819995247185e+00
1.830768635137506317e+00
1.794536017769219338e+00
1.550910168450200022e+00
1.628611520144336966e+00
1.417565436156657643e+00
1.512220699067068796e+00
1.589140965938172778e+00
1.657744848961928419e+00
1.600199057293813842e+00
1.737523681431208722e+00
1.688624456871485879e+00
1.623073826802402309e+00
1.471039897028513233e+00
1.384836552637103146e+00
1.236842854472570696e+00
1.353353985843190666e+00
1.425143029312193610e+00
1.635046601500869112e+00
1.637594755249807577e+00
1.773916148409156790e+00
1.846339961384434458e+00
1.939236361606240022e+00
1.973260613397320062e+00
1.937738203216086808e+00
2.002622036849318832e+00
1.848908439915715407e+00
1.791637794821134611e+00
1.810352706275078827e+00
1.900991523474504730e+00
1.982747100738365020e+00
2.231886537310096674e+00
2.102756966859427479e+00
2.040352795834846855e+00
2.186979740694549701e+00
2.042218496611488909e+00
2.072990007091323417e+00
1.956572060901417220e+00
1.989142576748672786e+00
2.072983059842823828e+00
2.175421917366415769e+00
2.131448514028905006e+00
2.066394698635112714e+00
2.165648406515697122e+00
2.207841886902886852e+00
2.205991113451622354e+00
2.068636893853430081e+00
1.858420865417170553e+00
1.884948743356387180e+00
1.865600412192516711e+00
1.929308229896346871e+00
2.115592351094540469e+00
1.990347713482636172e+00
2.015085240283590817e+00
2.035681235459953609e+00
2.354798359751738790e+00
2.390085551313243517e+00
2.322325077781258074e+00
2.353870862663368424e+00
2.534966580211561293e+00
2.494508853130528614e+00
2.448368904763263743e+00
2.506574642533061503e+00
2.597157219683204676e+00
2.726658673004735522e+00
2.621044644220261066e+00
2.809023654266314285e+00
3.035586141627999890e+00
3.155062163624622329e+00
3.274308620467500930e+00
3.510638911093490577e+00
3.124836251806726306e+00
3.253810482510435698e+00
3.250433123795073431e+00
3.195250809047787133e+00
