5.642013342952361972e-07
6.417342243155285120e-01
5.686709049315490372e-01
7.554530967161795507e-01
1.049911393646167701e+00
1.012875206254697957e+00
9.328846518115413433e-01
9.710045724051663552e-01
1.086849129168200312e+00
1.030222147033457825e+00
1.149589920870729642e+00
1.057844263071657576e+00
9.710991408889054766e-01
1.176272818262396269e+00
1.446304265308723025e+00
1.463184624143697210e+00
1.602047373560067323e+00
1.457466137049600263e+00
1.379964722936417143e+00
1.508499895795509138e+00
1.543443104667174826e+00
1.587735910988006705e+00
1.818494125239912496e+00
2.000597512045692472e+00
2.019582879768289096e+00
2.002516983699513364e+00
2.221781100936033315e+00
2.286050993647690710e+00
2.098556954304538813e+00
2.046341086137818177e+00
2.013340404573656706e+00
1.979719723017030253e+00
2.017779275236143643e+00
1.810013050119838596e+00
1.767018462240287802e+00
1.905574254653934263e+00
1.746667728992627788e+00
1.809355758303465400e+00
1.864894399040249118e+00
1.948899965898801767e+00
2.019053121996917888e+00
2.154589152661896545e+00
2.145093730965787593e+00
2.208993606341556060e+00
2.119947109591874490e+00
2.082745603102648779e+00
2.045299066857277470e+00
1.897943402968966797e+00
1.897171535415843824e+00
1.832156201570192211e+00
1.726525824393747577e+00
1.778785797958192250e+00
1.729205963945128710e+00
1.825509760089208733e+00
1.793506575306275552e+00
1.906711498758487000e+00
1.956116359981121322e+00
2.023757670682762466e+00
1.956302189073650499e+00
2.227581226588346563e+00
2.455152715223951176e+00
2.490945778572962066e+00
2.443506129022152251e+00
2.372377459006623557e+00
2.389985110550558289e+00
2.418374688301567765e+00
2.493712884555610465e+00
2.411331671230008578e+00
2.630285738903126447e+00
2.607752924450423837e+00
2.610442960696120807e+00
2.679449380965353011e+00
2.776647594963219223e+00
2.867256007993539413e+00
2.809191791706687980e+00
2.712177306196133841e+00
2.743715187180741477e+00
2.946734955729053862e+00
2.943131114566630568e+00
2.978547558647773652e+00
3.126343395242004330e+00
3.095354663784769755e+00
2.942814966916914354e+00
3.045862220900857231e+00
2.955848326957697836e+00
2.927935079217263148e+00
2.911875547122356522e+00
2.782907853543288290e+00
2.943572005410531656e+00
2.740674376846986782e+00
2.710134470688122743e+00
2.668005170333254128e+00
2.638262658608764966e+00
2.685852929155331026e+00
2.746215921096793799e+00
2.755388983932117508e+00
2.771836047736761621e+00
2.699054064983551715e+00
2.769259884956212669e+00
2.729501073490109064e+00
