1.507891492923917490e-07
5.541024402930023740e-01
5.888777200073934681e-01
6.474427958632267277e-01
6.382395299832607227e-01
5.902735585285228126e-01
9.473227993642525657e-01
7.383997808559127352e-01
7.897623615158448906e-01
8.002632563069850269e-01
8.131598975828943088e-01
9.085597695180676059e-01
7.146648550623763141e-01
7.050173990422287096e-01
7.493135955832388451e-01
6.623764316653321105e-01
6.153265677671281297e-01
8.567198383147001106e-01
8.738693135089957709e-01
8.478713777023725306e-01
8.200141167934020814e-01
7.246317669344669588e-01
7.213158571693070176e-01
7.326335812207698250e-01
8.925767406225764145e-01
9.046842289684075000e-01
1.330114666215194363e+00
1.277673179590933739e+00
1.247541448884341930e+00
1.081730276146862568e+00
1.212958084134326153e+00
1.098150029134957073e+00
1.061034260486318992e+00
1.015491661281164859e+00
8.620712127423746374e-01
9.395318321858736610e-01
1.035290580690952478e+00
7.507000759813683421e-01
7.533619148739982840e-01
7.570123353401340127e-01
8.326369146771769314e-01
8.310839222908412705e-01
8.456058938928484592e-01
9.030422065232700524e-01
8.404950921956638732e-01
6.667567096261594051e-01
6.950477405363945094e-01
6.619009370212552978e-01
5.957878248013881439e-01
7.804096984534028003e-01
5.831434166606601632e-01
8.805523709333290538e-01
7.134201781412918830e-01
8.885411852915512387e-01
7.514551234787627543e-01
6.818085143655953084e-01
9.744001147078898972e-01
6.818485115226924353e-01
8.266232789173567630e-01
7.872956578054370880e-01
7.295654045068907800e-01
9.424106248637523775e-01
6.839495852464824166e-01
8.206350495726052463e-01
6.472533472246697617e-01
6.326129048026767343e-01
8.186549968549736711e-01
7.137770753055946438e-01
7.373939172354891936e-01
8.396767592244703815e-01
9.158642446708693541e-01
7.817313856442164033e-01
8.527795584515324157e-01
7.578431656111380699e-01
7.298049789240829144e-01
8.766768051620278390e-01
8.762877365705483701e-01
8.705401268189010278e-01
9.509072753450259485e-01
9.704748955164188562e-01
1.174067617765744753e+00
1.275914441766879071e+00
1.199849669412595743e+00
1.249137173338739082e+00
1.001295729490667030e+00
1.306607803829070935e+00
1.373094104453714603e+00
1.275907931704810094e+00
1.339040087409553603e+00
1.419375567449384867e+00
1.239008975321251649e+00
1.282925185415252800e+00
1.341097272579260258e+00
1.325519475857239504e+00
1.483229357307907392e+00
1.340520526291228531e+00
1.336155511711119015e+00
1.383220345836580600e+00
1.379278803120009833e+00
1.240863311368072042e+00
