0.000000000000000000e+00
4.827920315972119014e-01
4.488886042971579893e-01
6.159839720800287521e-01
6.698805608312917714e-01
7.719923471231023848e-01
8.944624446540853091e-01
8.094615603871012643e-01
7.896479012298390776e-01
7.828160148151037667e-01
6.928492912067333309e-01
6.703464113332753271e-01
8.474424228723769215e-01
8.024202016777579605e-01
7.539867068032328756e-01
7.078833586747399487e-01
8.160572331917633759e-01
8.150581499562665755e-01
8.500748952543024650e-01
8.664367636659678906e-01
8.820620512323757989e-01
9.038275730694849130e-01
1.027170231412106727e+00
7.027997010587410109e-01
9.184373320140614139e-01
8.026076795363136229e-01
8.117677796602811302e-01
8.501435367659742059e-01
9.501061874190168677e-01
1.016795166775258830e+00
9.172573365393061895e-01
9.441345769671256605e-01
9.260299875765657385e-01
1.003527226711592668e+00
1.005818040919405520e+00
9.961139071767937114e-01
9.829691167466726442e-01
9.422681568640499661e-01
1.060189572818245329e+00
1.071316474859620893e+00
9.185216331336909512e-01
8.263455393792702441e-01
1.071518692704328091e+00
1.143897555554005185e+00
1.058533391659754574e+00
1.038684447574923064e+00
1.106949237253969098e+00
1.128888014556718611e+00
1.185371279931905164e+00
9.894104677232828937e-01
1.066877654718552781e+00
1.038490498637564707e+00
1.102462015689827490e+00
9.083464902278828301e-01
1.040770338279239704e+00
1.007746577601761340e+00
1.100083532104150663e+00
9.988094898313621961e-01
1.229941576748905030e+00
1.174998641489391815e+00
1.095711721829041307e+00
1.188125504819884659e+00
1.189218925258892057e+00
1.187226196146618173e+00
1.196706314674544469e+00
1.175689108786373449e+00
1.187682271985294191e+00
1.235147231467991213e+00
1.221498216052260055e+00
1.226590776909883607e+00
1.203334368544940469e+00
1.271811741145407293e+00
1.277782133046883928e+00
1.257438314720464856e+00
1.211516063852649205e+00
1.338103584712354355e+00
1.181934198838832550e+00
1.129343080408385935e+00
9.886246632913616716e-01
9.752313645412618026e-01
1.186076287126478945e+00
1.072030708385155462e+00
1.017772651442872434e+00
9.881767514397766794e-01
7.674975767595242360e-01
7.833245168905307310e-01
9.703195609976812408e-01
8.728636687174672337e-01
1.002536292799951712e+00
1.146486102641768534e+00
1.065620027860937347e+00
9.920370069363046994e-01
8.244579840900759793e-01
8.433600606520181842e-01
7.800344446847066182e-01
9.121957174697709059e-01
7.876965299041125412e-01
9.444870871385296907e-01
8.487931294942949734e-01
1.020245209012502485e+00
