2.132480599880017890e-07
5.824179919648023729e-01
7.105388656258303515e-01
7.954764940140643947e-01
7.314477622947938018e-01
7.808846124285869772e-01
7.174862856495602959e-01
7.465875457743349486e-01
8.430364245227982556e-01
7.273909658793893396e-01
9.184225727092762970e-01
9.656370790603263643e-01
1.122354142088456852e+00
1.033936316481248952e+00
8.143272485298782559e-01
9.027936390400438382e-01
9.467202510192909148e-01
1.012202586246229163e+00
1.280686018711295837e+00
1.098530795874447241e+00
1.198462017112275069e+00
1.285644454164785566e+00
1.385257727853034693e+00
1.540528691271144002e+00
1.421310150877254985e+00
1.396596808379259480e+00
1.467564800313479800e+00
1.414942634702634594e+00
1.345667057026836089e+00
1.154283224630148652e+00
1.303875835749151113e+00
1.232444270082016402e+00
1.262255613591202863e+00
1.221164414309099389e+00
1.328319325916021976e+00
1.303353881212631737e+00
1.450934487030033138e+00
1.582378141213824252e+00
1.573846142627820077e+00
1.460689873230698321e+00
1.401818133131536914e+00
1.271570577112435041e+00
1.354175666939843925e+00
1.331213755029166945e+00
1.455814302994352216e+00
1.583011808052639857e+00
1.608035659856634991e+00
1.550596410410637782e+00
1.339493554917654539e+00
1.462703102709429714e+00
1.568300826063844244e+00
1.647208425013171773e+00
1.591380094816173818e+00
1.529258961568263908e+00
1.574617861714591394e+00
1.502312423240287576e+00
1.315936139015846162e+00
1.340890414375341733e+00
1.378546905839011183e+00
1.549306183203971399e+00
1.606818461669232034e+00
1.563508779905590229e+00
1.651631677141037757e+00
1.707474553921916494e+00
1.740152793765062489e+00
1.633307918632644906e+00
1.621612220027927931e+00
1.742061652096331459e+00
1.788722571574435261e+00
1.960612277148757521e+00
1.870475406885790948e+00
1.779593158075081005e+00
1.732025870382857713e+00
1.525467072162370208e+00
1.566777170015889453e+00
1.784247743299403943e+00
1.827022446838642233e+00
1.803787759340624186e+00
1.929020438112987845e+00
1.986469325158714438e+00
1.857137935272790585e+00
2.114875279278731757e+00
1.946762845353334104e+00
1.862286475219733228e+00
2.152280920583102830e+00
2.085148660911118945e+00
2.041626349446150179e+00
1.917636867201194528e+00
1.935793744234331815e+00
1.730698512184027926e+00
1.815191917842974734e+00
1.850317074982128496e+00
1.950052793358328040e+00
1.920176505956737723e+00
1.874209039519277642e+00
1.847354961718279176e+00
1.854304021313398554e+00
1.814842184273480763e+00
1.821151921633188175e+00
1.939859035675337351e+00
