1.507891492923917490e-07
4.667292675799979418e-01
6.678945873550854451e-01
8.429596665052934146e-01
8.527460869209184668e-01
7.102040718136293229e-01
9.759748813343662732e-01
9.531290927682427583e-01
8.556213386544576638e-01
1.045726290625848209e+00
1.030622884137231132e+00
1.072299888465629403e+00
1.077539055008362778e+00
1.030776224850205480e+00
1.159622724222225454e+00
1.291422482222075008e+00
1.191006135394007126e+00
1.494013526626682520e+00
1.454196258675477527e+00
1.196647668447993640e+00
1.361259437789378302e+00
1.210628606431038756e+00
1.304600321922799289e+00
1.367939055444541419e+00
1.263754468737505965e+00
1.156696747009203774e+00
1.318072976629164783e+00
1.224919042300026462e+00
1.470705183953048723e+00
1.758678201880793601e+00
1.693897855771704375e+00
1.649561746643520843e+00
1.654529790117991617e+00
1.713471552191851988e+00
1.590164437046942325e+00
1.694447777735146321e+00
1.809866967462965714e+00
1.647819366940626473e+00
1.796223271575183800e+00
1.770932451709945177e+00
1.778642628341199572e+00
1.927323642878648657e+00
1.984597905542825336e+00
2.066193238268390964e+00
1.919969781324376346e+00
2.112295090564481281e+00
2.193757685425130610e+00
2.141256585813319901e+00
2.243190536417360548e+00
2.390889276668074270e+00
2.588358645378039835e+00
2.645963642713828889e+00
2.607891419906823494e+00
2.539412237041180020e+00
2.661330885562725790e+00
2.544872982668485495e+00
2.550190811645846267e+00
2.672928295981222835e+00
2.619871054464623761e+00
2.919070081358243307e+00
2.720524132372667658e+00
2.639554161843695734e+00
2.709754417583019936e+00
2.454787988641947027e+00
2.211926871989121413e+00
2.310328723266873219e+00
2.245427064250565596e+00
2.133747018307178500e+00
2.362939693630548899e+00
2.458305144055052072e+00
2.200997062598831544e+00
2.142456133883994696e+00
2.045451020110030882e+00
2.250315377514269244e+00
2.211260424982499195e+00
2.294056456887590301e+00
2.473383132727124067e+00
2.523010179627338090e+00
2.493918047122761994e+00
2.484378439037966846e+00
2.818065859402660411e+00
2.693087678618910186e+00
2.578012195776760329e+00
2.696585818365234921e+00
2.807110936210577723e+00
2.755947711072315620e+00
2.697421553134984329e+00
2.558625488304278051e+00
2.647871253710298856e+00
2.438388790563920772e+00
2.382195328191752282e+00
2.293763424015727637e+00
2.449230239608730653e+00
2.321594759111558215e+00
2.377026907073280348e+00
2.220134071283379917e+00
2.375253142919059091e+00
2.352703727293692815e+00
2.267037183190057537e+00
2.424981169991752505e+00
