3.015782985847834980e-07
6.058855213509426463e-01
6.042012171700880119e-01
5.656415625757406085e-01
6.827613260477966017e-01
7.072162072169860814e-01
8.472828767719254861e-01
9.536121901425099745e-01
1.139451936918806751e+00
1.290694866856886946e+00
1.294966748405000256e+00
1.293726089387524203e+00
1.260114255481942447e+00
1.326768241803770731e+00
1.394171264149616452e+00
1.710945012150521638e+00
1.617890850816227077e+00
1.682694759166599718e+00
1.708184601640118983e+00
1.724873241224642140e+00
1.723952395843105778e+00
1.802404984000446575e+00
1.871209017333623326e+00
1.979673153892972381e+00
2.090434788694998769e+00
2.040926239343296977e+00
2.068784944858590880e+00
2.031856777904645028e+00
2.094747764940860346e+00
2.078681557063507768e+00
2.193719520069724371e+00
2.230202386720851138e+00
2.291157513082171526e+00
2.304380620251264666e+00
2.289012621368941680e+00
2.291841473911680804e+00
2.362510995542556724e+00
2.535854806344295387e+00
2.432821974104116602e+00
2.306383482799561513e+00
2.347359729383347915e+00
2.122098985305552965e+00
2.294789136029701915e+00
2.405183175817034336e+00
2.247898548132728269e+00
2.440474824022716316e+00
2.280693827500280157e+00
2.193657935724173225e+00
2.259271550281260144e+00
2.204637514830996015e+00
2.141560061173950036e+00
2.087071515061836635e+00
2.071049418495441774e+00
1.991760229624955469e+00
2.157687719540570814e+00
2.040735805281272519e+00
1.958840317694336752e+00
1.856481591813548881e+00
1.969011611005575091e+00
1.910882601238662604e+00
1.808595776398960187e+00
1.863408912039976162e+00
1.965370882450858669e+00
1.918160293106961234e+00
1.739656043788652129e+00
1.912925691972783504e+00
1.998685262639789739e+00
2.017172805693115745e+00
1.848380056702116914e+00
1.804027235128162543e+00
1.855599001831997885e+00
1.935389283997976273e+00
1.675236257351750302e+00
1.719893797062390650e+00
1.718568879187209575e+00
1.765544376301867002e+00
1.706318749066503493e+00
1.742141481740641984e+00
1.864252495926879805e+00
1.992187290679807710e+00
1.846791759754772499e+00
1.832339092018902438e+00
1.876742727699339808e+00
1.687327837367897931e+00
1.740490216761058972e+00
1.903802685350937107e+00
1.751688884311406458e+00
1.773026574867594851e+00
1.891374446583438118e+00
2.065198658026485834e+00
2.011090042390816901e+00
1.912051411983152205e+00
1.957786266176589685e+00
1.876476716105774267e+00
1.927127477545597323e+00
1.852167656766988690e+00
1.906350425428281481e+00
1.883964238107623368e+00
1.948827903160030406e+00
2.000202750703418353e+00
