0.000000000000000000e+00
4.668811707917294163e-01
4.765296847257494695e-01
6.001055182253989262e-01
6.652510098837937091e-01
6.573311355056137284e-01
8.107651545963444617e-01
8.453811061758408352e-01
9.253965786324936937e-01
7.981747269052471561e-01
8.118108130459155136e-01
9.198670359701944799e-01
9.009804963339123063e-01
9.699327112438692611e-01
1.050988673216778357e+00
1.290783400967153272e+00
1.069728417013488420e+00
9.900114550435171745e-01
1.025741619426123075e+00
1.025550224626767148e+00
1.229864068756327589e+00
1.280832796003095631e+00
1.304784055492747230e+00
1.290596324855559640e+00
1.398057289654129232e+00
1.177992649576593776e+00
1.345828205379731468e+00
1.263222649709757617e+00
1.588695013977796666e+00
1.576610634104141484e+00
1.466195244778562445e+00
1.842838209825402362e+00
1.885825494911359757e+00
2.073150635978152412e+00
2.133583126373651773e+00
1.960802094544798591e+00
2.038108578650105862e+00
1.930318521975959767e+00
1.713982845286469159e+00
1.565573474120638409e+00
1.623311821700446522e+00
1.683215853246480043e+00
1.987212368321424005e+00
1.902463911925386331e+00
1.792571399282804734e+00
1.640707312379256377e+00
1.697622799703272678e+00
1.838215757844919418e+00
1.673820549941799518e+00
1.690242007072370045e+00
1.611260898691092125e+00
1.402111902534887156e+00
1.664521292012867804e+00
1.593813613811792429e+00
1.710263921870961212e+00
1.776246495945962289e+00
1.880066137012662342e+00
2.084040120208116686e+00
2.264856072943998822e+00
2.019664446304346050e+00
2.047239690489887298e+00
1.900745634486399549e+00
1.832298945675005619e+00
1.814460253451062766e+00
1.656891548460609931e+00
1.492172924810384771e+00
1.605250203432524669e+00
1.756776897351641997e+00
1.873596355285509496e+00
2.052860707284945185e+00
2.092643989280269512e+00
2.218314868444935861e+00
2.128720767561082194e+00
1.985441041438088527e+00
1.876358409233052305e+00
1.839534930290230408e+00
1.959858130352280847e+00
1.999571184602426221e+00
2.048135680833054195e+00
2.209852664166187974e+00
2.207570663396882349e+00
2.144529205769321045e+00
2.169740144924737990e+00
2.003371211290121412e+00
2.160525677199466976e+00
2.183461913933023801e+00
2.250219198421568922e+00
2.413465566189830103e+00
2.543408130573588277e+00
2.536405015147556341e+00
2.501513508792525986e+00
2.451620962449852836e+00
2.417076824323475037e+00
2.525275175975139508e+00
2.547706070982907356e+00
2.573223607433148263e+00
2.602822271376943775e+00
2.423423747831058073e+00
2.350435644811163183e+00
2.307695035473625200e+00
