4.768371582031250000e-07
4.772778076961087801e-01
5.893653288998683681e-01
6.794210317529704168e-01
7.031669842240118040e-01
8.011388869340386742e-01
1.021819448139150932e+00
1.312239541426154510e+00
1.390259216823578337e+00
1.326107900715950416e+00
1.568040878677771532e+00
1.612854048369326554e+00
1.664892933884009718e+00
1.637050980404491485e+00
1.402417537181939844e+00
1.712196483543415582e+00
1.709666921907027293e+00
1.772226782268353729e+00
1.895667850982979852e+00
1.727105847895156421e+00
1.723777902809967122e+00
1.653189937595000769e+00
1.724848625709483718e+00
1.732393078789828733e+00
1.659358602213134137e+00
1.736299691267821688e+00
1.793263862096640127e+00
1.976929439799590682e+00
2.086487718687253690e+00
2.128514349041017439e+00
2.079665930035436539e+00
2.068793684959635115e+00
2.124227189321443277e+00
2.107974949293905720e+00
2.077036477394082592e+00
2.108294370783820426e+00
1.907955865849726429e+00
1.991936003002298339e+00
2.064279142891344510e+00
2.096631186240721867e+00
2.075376227009125163e+00
2.085682373821755142e+00
2.039209770687275824e+00
2.195219764088642389e+00
2.307397123455679377e+00
2.620499817400710363e+00
2.656413892852264702e+00
2.677849356047623974e+00
2.600001969940228363e+00
2.704487591583330630e+00
2.650941088134746160e+00
2.711006527716524950e+00
2.543602157499959215e+00
2.411482815885097608e+00
2.431029287949341366e+00
2.485978437906283922e+00
2.480946962664281052e+00
2.573479788689840841e+00
2.547141515215608720e+00
2.472371049906980200e+00
2.593562698514686460e+00
2.551914445291266986e+00
2.541643618977606600e+00
2.532197071273862843e+00
2.552097086243218627e+00
2.810930558109669075e+00
2.793576494061357440e+00
2.910393160128445622e+00
3.028734100576326860e+00
3.185292508453462901e+00
3.187540265210394796e+00
3.221030604571515799e+00
3.210883586214931640e+00
3.191192560202309014e+00
3.180045320301094769e+00
3.095425200173924196e+00
3.008567195321541821e+00
2.794527028714094197e+00
2.965311476096094356e+00
2.938595121557924461e+00
3.026448428978771865e+00
2.838533064225376101e+00
3.010753529598193090e+00
3.058959567549071501e+00
2.866517113370763870e+00
2.835151841147832918e+00
2.747388152721640164e+00
2.758098553276352227e+00
2.704434795874773645e+00
2.914842145717249977e+00
2.783937719417741707e+00
2.812986486252496032e+00
2.732493082696532571e+00
2.796313332025913034e+00
2.949476046766483339e+00
3.101004471624079883e+00
3.030990783771748465e+00
3.118954240012563162e+00
3.107766560201995265e+00
3.215677912096503555e+00
