0.000000000000000000e+00
4.628625936533846130e-01
5.464865933157837530e-01
5.498363330920996717e-01
6.175576445758413913e-01
6.520652330950714726e-01
7.213518493960725531e-01
6.340202070592229067e-01
7.497318041056202365e-01
7.851642872275933493e-01
7.880139113373207937e-01
7.856676997715452693e-01
9.363345295911811306e-01
9.543056621370501480e-01
8.128840475606777805e-01
8.785560456300592902e-01
7.534770105652165428e-01
7.055500860869784452e-01
9.483746944011005597e-01
9.728315274660072065e-01
7.331303585768592646e-01
6.523637583819654751e-01
7.657592563585702283e-01
8.221489823303210764e-01
8.420174567129581344e-01
9.363939901871968230e-01
9.126214210241045954e-01
9.447655566454780107e-01
9.558121049760524013e-01
1.030279836375687763e+00
9.091349930754685227e-01
1.038326139856588615e+00
8.836809612227800592e-01
9.296429735378879400e-01
9.007686419753253571e-01
9.638966118314752363e-01
7.648672353490743037e-01
8.626304887322321369e-01
8.297857437073237197e-01
7.526488199503382770e-01
8.612919816449203791e-01
9.606644900547984811e-01
6.961946300296324441e-01
7.779120762392137678e-01
9.552974839801339213e-01
1.028358902170020128e+00
1.082100100525363429e+00
1.148325014005327827e+00
8.512521466543182536e-01
8.960643832627755989e-01
8.925302603963313208e-01
9.721819412695937856e-01
1.079914039735212494e+00
1.021378353955186835e+00
1.093808740356133624e+00
1.082808574782951672e+00
1.143524715735608988e+00
1.229049173508393489e+00
1.129069258335704484e+00
1.174885901354210782e+00
1.100453358051321162e+00
1.023080881866558434e+00
1.115109155007971919e+00
1.229746716305605281e+00
1.189711884573654510e+00
1.328725616206387627e+00
1.298766558956475858e+00
1.492400561187711805e+00
1.441680846937912985e+00
1.458426057544086163e+00
1.371813856268968346e+00
1.309232319096389707e+00
1.251399382923170878e+00
1.463627282674877961e+00
1.249699654739143240e+00
1.284576866892777058e+00
1.185059935332571479e+00
1.166876199856023755e+00
1.186364468379995429e+00
1.014910515356144627e+00
1.190490595322421186e+00
1.227682211562522108e+00
1.253703706965944020e+00
1.193412205467654585e+00
1.278251592001099501e+00
1.214670557029360554e+00
1.139332321010926519e+00
1.159131105923003613e+00
1.050444521819558164e+00
9.326566815887535888e-01
1.049732982590754427e+00
1.082428862188656637e+00
1.219794345147380499e+00
1.167945211906214364e+00
1.233338185371011475e+00
1.334234533084454943e+00
1.363161737486516145e+00
1.421911238401238009e+00
1.464680763395014740e+00
1.586085769669953294e+00
