3.371747880871522773e-07
5.736189655300206747e-01
6.163771150911137031e-01
8.095909540861369047e-01
9.252613892944002716e-01
9.146262393015266445e-01
7.735878244243684643e-01
7.910320694622248183e-01
6.910891228214738335e-01
1.082183833359713354e+00
1.210256040428651314e+00
1.247121992940930735e+00
1.424060883733436089e+00
1.402844827571017250e+00
1.377347367104552633e+00
1.410937360115311678e+00
1.430873972824652229e+00
1.231375422316250745e+00
1.190725423203895295e+00
1.214620170738570426e+00
1.203897368991194039e+00
1.395637021181682424e+00
1.198955965690777781e+00
1.065743142278888111e+00
1.198529514466926571e+00
1.342439561508213197e+00
1.471728420098752821e+00
1.473990928275081602e+00
1.677623711424835129e+00
1.742855952257454488e+00
1.705226663851531876e+00
1.837213748327140239e+00
1.985614927718951206e+00
2.001862334159600909e+00
1.905051480348463944e+00
1.990193791849764748e+00
2.046382927248637351e+00
2.283343493150174819e+00
1.962627195229148525e+00
2.128059333458863112e+00
2.183418315734991566e+00
2.213143986015566611e+00
2.118574384910798525e+00
2.003069097144428490e+00
2.024909120126357376e+00
2.120381786097693233e+00
1.987719762925079348e+00
1.885398798891845695e+00
2.096512155265362942e+00
1.977582601426094211e+00
1.962475422181892970e+00
1.941438019686462235e+00
1.999696015598456222e+00
2.065245056594742667e+00
1.917936171566197778e+00
2.060990934430486199e+00
2.254643925600098076e+00
2.246872432239386708e+00
2.358872575556481888e+00
2.384110900954092394e+00
2.431708322685465884e+00
2.552546497013449933e+00
2.640507045382990636e+00
2.625151976443189206e+00
2.517043369804488950e+00
2.313120555508659582e+00
2.298939340477802240e+00
2.361405868835496857e+00
2.396974225375325673e+00
2.300980626347201241e+00
2.165477780685094000e+00
2.324778003603108267e+00
2.237333100938931008e+00
2.139026853788053018e+00
2.244901469263865135e+00
2.472976418663375586e+00
2.554388213274526809e+00
2.369096900251641546e+00
2.531948069756754460e+00
2.375561274510196608e+00
2.427298327866700856e+00
2.515562148451742086e+00
2.443927617357515292e+00
2.554026258287011686e+00
2.568025791209778141e+00
2.606040575762953004e+00
2.396721577890318589e+00
2.383049706942951929e+00
2.214980215279736875e+00
2.289292604213949200e+00
2.377556131936175543e+00
2.374709630824594075e+00
2.349330945437532847e+00
2.132208504483020572e+00
2.180743377103183001e+00
2.364029671392091192e+00
2.457955543920295138e+00
2.807046592363077409e+00
2.625757174883945666e+00
2.858218869730198008e+00
