1.507891492923917490e-07
4.175693009231243313e-01
5.111446185963930411e-01
5.798900483115750903e-01
6.684066459053805698e-01
6.792671559332789100e-01
7.696719216238274708e-01
8.116563993604432037e-01
7.236502915647697876e-01
7.914887592244073122e-01
8.040422166366647527e-01
6.955367347377388043e-01
6.714977110659315906e-01
7.174087509912686622e-01
6.789843854403697643e-01
6.635780359663279171e-01
8.595376147116504661e-01
8.509164431879846502e-01
7.920917778661777930e-01
7.358937809740817571e-01
6.379811974058114954e-01
5.837807548880513675e-01
5.553294616620506607e-01
6.668316104173672709e-01
8.429216968201712623e-01
8.208910786269359994e-01
9.238058299851894528e-01
9.598825763753434659e-01
8.252306639260869048e-01
7.801613868516078520e-01
8.222364993803459310e-01
8.872716230566474183e-01
7.832817723365665952e-01
6.608428319981514143e-01
8.150198921207730818e-01
6.485067277809639652e-01
8.506406105774770854e-01
1.013509356377403137e+00
8.964040470795476834e-01
7.918425799868571424e-01
9.527401663203955984e-01
1.025284872654247614e+00
1.031271866855277386e+00
1.326052319383115519e+00
1.215029183529877654e+00
1.381207484405956309e+00
1.386320085862424945e+00
1.260318180940671384e+00
1.293122638442944394e+00
1.239501192736801816e+00
1.195784918689880127e+00
1.157715239807436403e+00
1.180543646222206089e+00
1.311498745926215959e+00
1.316236447667867848e+00
1.475659599791258492e+00
1.516468116957971013e+00
1.610858258454423320e+00
1.297818186748283864e+00
1.235468817545317899e+00
1.338136831818133921e+00
1.143834358157693520e+00
1.369517856397765909e+00
1.418543897982431190e+00
1.328137993852812615e+00
1.439580295078933370e+00
1.383320031449223997e+00
1.515800252908322543e+00
1.317033819931862748e+00
1.537599430609691842e+00
1.491725266173947295e+00
1.590258495570700870e+00
1.431734445666761335e+00
1.422019420170835380e+00
1.337457464990610134e+00
1.674759469805236378e+00
1.557129354918623143e+00
1.440013325545126399e+00
1.365946269674765290e+00
1.462208070823887152e+00
1.409288475811040442e+00
1.320783385687256839e+00
1.552734251854915870e+00
1.431248797701398567e+00
1.350167666233086150e+00
1.529367399239202507e+00
1.550479999675176357e+00
1.536871311897992864e+00
1.730008522708754493e+00
1.637038974344311226e+00
1.397412837509838468e+00
1.333721395789012165e+00
1.342708474383692563e+00
1.257963794290581028e+00
1.410484805037681921e+00
1.397158004333361347e+00
1.342631479200616429e+00
1.410158205727944480e+00
1.289430020731640258e+00
1.382589283433339977e+00
