5.223489356090222115e-07
5.031289210610602192e-01
7.592039831614995071e-01
8.312665340118431390e-01
9.286880585888763751e-01
8.685146710554317862e-01
9.345684428050485826e-01
1.019274219965877082e+00
1.089444912796636356e+00
1.128267113512679831e+00
1.206001221506340704e+00
1.207971827952150523e+00
1.143241322696184614e+00
1.483726436761460432e+00
1.179559974546519063e+00
1.385537957742978499e+00
1.513896702911956327e+00
1.795686560790495045e+00
1.892948453268312070e+00
1.890467098003481228e+00
1.874118277223586260e+00
1.597248496017537489e+00
1.588949018748547548e+00
1.633565104488519770e+00
1.732173736932117070e+00
1.729746136615424756e+00
1.729602615580946745e+00
1.863340244627780473e+00
1.793440295937680062e+00
1.696195016983709003e+00
1.447038122280620565e+00
1.685963451303231997e+00
1.806238186592804107e+00
1.819557432246206030e+00
1.905800202862071080e+00
2.136549062271726029e+00
2.113066982845777098e+00
1.810623414735982095e+00
1.846464073697355435e+00
1.830621946442338333e+00
2.007845698406891533e+00
1.876744056699596097e+00
2.174190717199916634e+00
1.988614666307382706e+00
1.787025236999879141e+00
2.083146476857262730e+00
2.029382736742826765e+00
2.054231983700001596e+00
1.859664462383508132e+00
1.805229058719338253e+00
1.765849798730105835e+00
1.455793589344292371e+00
1.465687502215585081e+00
1.724242482202108073e+00
1.698276377251154878e+00
1.720269786538578316e+00
1.440268855813359838e+00
1.478506811630271978e+00
1.446620061289632053e+00
1.561197718272824497e+00
1.803872328686274784e+00
1.829610351857394734e+00
1.562713223376885896e+00
1.571516007726933228e+00
1.402531527707317593e+00
1.580972645326451653e+00
1.638290072262241770e+00
1.617380903388858870e+00
1.633315211586187532e+00
1.515683413225333842e+00
1.670803831072271928e+00
1.469244108410914684e+00
1.369865870073917025e+00
1.333555454559160580e+00
1.451334025502613700e+00
1.524248253630916761e+00
1.319658810237147817e+00
1.563511270502323303e+00
1.530438631187093002e+00
1.571503821095566522e+00
1.603617957976455122e+00
1.547049599868232095e+00
1.499541096844323018e+00
1.703716639242627284e+00
1.916691636573112811e+00
1.791427814502884797e+00
1.741828272187561977e+00
1.634380694095784570e+00
1.513323961274475549e+00
1.590938662596829145e+00
1.609447102462679968e+00
2.006782468955916610e+00
1.947897114561200071e+00
1.802552047722163486e+00
1.825024631212570414e+00
1.717105927293328227e+00
1.866830253267921291e+00
1.868165554136115958e+00
2.025100071913982891e+00
2.106788467496938377e+00
