6.031565971695669960e-07
4.111360147299807921e-01
6.386997097423030567e-01
6.229664347670376134e-01
6.339556654896513210e-01
6.575384550977447784e-01
7.142101657169078743e-01
1.053542584341408350e+00
1.078970014742321570e+00
8.452289211145221914e-01
8.527074957511117104e-01
1.034907291199641532e+00
8.975141684399039477e-01
9.630536193110337262e-01
9.347317754456782035e-01
1.024926211746540305e+00
1.102952860870558105e+00
1.014166501851774926e+00
1.101291048285367058e+00
1.029089767016599266e+00
1.038142181953170207e+00
1.101064785534618951e+00
1.297123166953558782e+00
1.338449983427164369e+00
1.398961218002050311e+00
1.405169500633490554e+00
1.577845454897322197e+00
1.611910432803905113e+00
1.498889953999647195e+00
1.492532678675472901e+00
1.431216784446710966e+00
1.656706635797530414e+00
1.381802046824659680e+00
1.385354581533785101e+00
1.326967309357921954e+00
1.425745403549051105e+00
1.483296268723916400e+00
1.404382858857836425e+00
1.307328876704220599e+00
1.200076430346896039e+00
1.253713805503956946e+00
1.500143661438417597e+00
1.360956959888050877e+00
1.362785106459116324e+00
1.185772893803663131e+00
1.178615702886063543e+00
1.294603892432873549e+00
1.159470068540163101e+00
1.175859488741760162e+00
1.428449483721001334e+00
1.574807669358332163e+00
1.681592892626413871e+00
1.609709242466313084e+00
1.609220535206765668e+00
1.597618814232825368e+00
1.653939115351469757e+00
1.841101941240581574e+00
1.735552028339524933e+00
1.846072925251705854e+00
1.888570032242716135e+00
1.853850944896209940e+00
1.843635072179499845e+00
1.846670423527954519e+00
2.144612309384537063e+00
2.232810297493252438e+00
2.213604260262667545e+00
2.217608340463259164e+00
2.170203856929244779e+00
2.077271588008422931e+00
2.087555514964823722e+00
2.048538058612580759e+00
1.989414508731637943e+00
2.194733824192424354e+00
2.286346838682163263e+00
2.179293286845695565e+00
2.358937320783736080e+00
2.259477882216653022e+00
2.178792482579188228e+00
2.289071220511237126e+00
2.241095627823432856e+00
2.081480136840709427e+00
2.096703089261852782e+00
2.385625619544684550e+00
2.375494184601744330e+00
2.165584873036240143e+00
1.958223193656757122e+00
2.332170602000798176e+00
2.419408985918234833e+00
2.445475239003144452e+00
2.587159367407227073e+00
2.645352614198789976e+00
2.689105585217382188e+00
2.501302166895441825e+00
2.619524705528798680e+00
2.621205026386251635e+00
2.691098474580323696e+00
2.781207147954871228e+00
2.738916551347689854e+00
2.896457325014194062e+00
3.101778099319085769e+00
