3.371747880871522773e-07
5.256650074619958479e-01
7.003912056971812738e-01
7.359817191932160885e-01
7.720619664625556489e-01
7.753707989918589005e-01
8.740444297345827396e-01
1.017266415312576333e+00
1.073336758383508061e+00
1.084528073183166796e+00
1.129456785322902945e+00
1.410072369272811654e+00
1.244873039426209305e+00
1.304292470025262052e+00
1.477322957937787118e+00
1.542002581147188023e+00
1.466754102514880920e+00
1.457279153658227910e+00
1.784723276086801924e+00
1.923471398070134342e+00
2.043410223522231561e+00
1.937271968271530698e+00
1.703936938308579174e+00
1.850567746025969518e+00
1.761141494260938467e+00
1.953533116222418986e+00
2.063359332934584067e+00
2.020811907830241783e+00
2.166402579945597928e+00
2.062484718395978245e+00
2.161190383518460489e+00
2.232041791420585675e+00
2.074787740778779810e+00
2.440931500411347432e+00
2.467062101208129743e+00
2.442694982557834571e+00
2.585856751567080725e+00
2.687284220298529203e+00
2.656801514312307599e+00
2.617767888133840426e+00
2.537934105228551562e+00
2.638695636622479856e+00
2.538105144252719381e+00
2.403129599594703070e+00
2.548608915279026110e+00
2.726920335676760843e+00
2.824219062050286944e+00
2.743900754736017689e+00
2.535751360787502406e+00
2.715014905793044608e+00
2.759561226981032789e+00
2.881427552075307208e+00
2.846976032693702141e+00
2.955985452850816930e+00
3.049462497584343623e+00
2.979489547961964746e+00
2.919604870759952231e+00
2.900605651535888452e+00
2.841222493479095057e+00
2.887043698692532967e+00
2.723083414036095107e+00
2.900725492970486652e+00
2.847926479243948261e+00
2.909483279823237289e+00
2.843255448102032013e+00
2.928289737215703514e+00
2.719215147663072152e+00
2.698230503018987925e+00
2.667918712994418406e+00
2.500939505267271823e+00
2.550943100450385082e+00
2.611240025691858868e+00
2.612484389658332962e+00
2.551444887388348626e+00
2.621700454723754792e+00
2.783637068613260546e+00
2.646213653151088696e+00
2.754965446256682604e+00
2.891662730928383773e+00
2.785267019070903682e+00
2.722011118488772308e+00
2.656299564371739752e+00
2.588183860692925720e+00
2.576737711666041264e+00
2.707942270394650297e+00
2.497010060746462035e+00
2.538602742955981650e+00
2.483288230888502035e+00
2.464010475838206649e+00
2.437473141832939394e+00
2.434397085207560263e+00
2.431527188999293099e+00
2.420529494288496064e+00
2.469031784397941909e+00
2.435248046862043658e+00
2.502386730665504100e+00
2.533504764201481851e+00
2.769986472032291758e+00
2.803246401381002340e+00
2.715279254654526575e+00
