1.507891492923917490e-07
5.256802977966538171e-01
6.372379762706735784e-01
7.694158521298365416e-01
7.702799158263221591e-01
7.841255172036888377e-01
8.467862243379867815e-01
8.896876607221188005e-01
7.830895975390120833e-01
8.035688015331009515e-01
9.429976521765276454e-01
9.197955985086467834e-01
7.979677396526774213e-01
8.478480424388575853e-01
7.994337740029494599e-01
9.106325153863419342e-01
8.714345500560042312e-01
8.396107640247352233e-01
8.646789953790917638e-01
1.131437035743323438e+00
1.108600638577236230e+00
1.109872987939192424e+00
1.234815820521538265e+00
1.168680148269686914e+00
1.220998433933178751e+00
1.234796817991477891e+00
1.326725383527463276e+00
1.196537089711129820e+00
1.434488176266025539e+00
1.253952435847400126e+00
1.384018765270996099e+00
1.344330581656027368e+00
1.606072384959601917e+00
1.703596866336435811e+00
1.537171857117790807e+00
1.737337439992035160e+00
1.886696797455477803e+00
1.850506813040049714e+00
1.836474359594133521e+00
1.595425444350462518e+00
1.725793494707272391e+00
1.647936320626248063e+00
1.573609502435244334e+00
1.580124160816225976e+00
1.617498629301557411e+00
1.517688381015689814e+00
1.576520032752867673e+00
1.555494814555614669e+00
1.674192159550477399e+00
1.456760110145362663e+00
1.379348054766081466e+00
1.360163483318691302e+00
1.617792835511047356e+00
1.808096950147496385e+00
1.750996618453070530e+00
1.679556133342600788e+00
1.726292698639788403e+00
1.783419111143690339e+00
1.673047485815632562e+00
1.506261116801021149e+00
1.382235691295627733e+00
1.434028822340232878e+00
1.503543645250743355e+00
1.615889149487671927e+00
1.654457475917177511e+00
1.677309968193920753e+00
1.608567425262893646e+00
1.944560261833755188e+00
2.049836007231119250e+00
2.129920754577033559e+00
2.219613941147092540e+00
2.333059083999554861e+00
2.295549104545412167e+00
2.243745834732993494e+00
2.323622431635062657e+00
2.256828032547589569e+00
2.279534441762904429e+00
2.247258970369477638e+00
2.422397334994647267e+00
2.413883238665105679e+00
2.406484872561691635e+00
2.229655331085829584e+00
2.355826533534206568e+00
2.170944068402633764e+00
2.551358397591463767e+00
2.481057005105379520e+00
2.533651038835361469e+00
2.497703553904256690e+00
2.363419813193280206e+00
2.263543327808135608e+00
2.451091796945443324e+00
2.440866529959806908e+00
2.473633185529422018e+00
2.341248808541190218e+00
2.330624828447317221e+00
2.202130367607432859e+00
2.211861768078217771e+00
2.163877190999170974e+00
2.258930840847775290e+00
2.305817418930808049e+00
