2.132480599880017890e-07
4.747542055325852384e-01
5.031672502893421717e-01
7.504187806194576593e-01
1.108987537905958387e+00
1.165822792229419091e+00
1.090251354715007892e+00
1.038947448859380396e+00
1.024549202303332907e+00
1.111371016415266366e+00
1.079651241212731039e+00
1.098943009424994566e+00
1.051638668001955379e+00
1.087723398620619175e+00
1.061413446409105399e+00
1.053685531762900141e+00
9.168597504004242227e-01
1.002668989992201665e+00
1.341027030244579032e+00
1.287252828520749626e+00
1.354766291257414990e+00
1.292896590744678775e+00
1.376302486397885216e+00
1.221582549855845468e+00
1.265708468742617665e+00
1.310478013758612947e+00
1.408486620142386458e+00
1.617606073966164182e+00
1.575545490041540431e+00
1.448720008613089583e+00
1.324682839166314352e+00
1.329346432767666286e+00
1.431847222299872158e+00
1.597506559969398943e+00
1.760058146680152369e+00
1.867830172452560333e+00
1.858384802805124636e+00
1.853850420851710368e+00
1.822211490155708269e+00
1.983829921536762297e+00
1.955278699301829404e+00
1.967361486983646657e+00
1.974223756510658623e+00
1.804304500100210262e+00
1.865838439018431716e+00
1.933305479064581167e+00
2.026027719434071450e+00
2.023308413872066502e+00
1.977486831744023288e+00
1.948757852975727678e+00
2.059644635440198712e+00
2.349614502835229768e+00
2.249260445459852598e+00
2.363638259778889417e+00
2.330885771909216864e+00
2.301124110129573186e+00
2.278013880123757939e+00
2.464994503200912401e+00
2.464843780748108948e+00
2.302636321818704701e+00
2.406086804808363677e+00
2.415026035264059345e+00
2.428549101921216202e+00
2.134371645213962498e+00
2.229728370402902282e+00
2.193685551465471839e+00
2.004507921962130901e+00
2.154774760584350801e+00
2.210989763324417989e+00
2.528132110672826727e+00
2.373973823112142778e+00
2.381624462970930001e+00
2.377871176029504152e+00
2.511520976242874958e+00
2.523395118913048130e+00
2.663684379335355956e+00
2.578031076055658843e+00
2.539066937702223914e+00
2.580763984450458182e+00
2.364731517955406037e+00
2.377928498055779105e+00
2.218360274241133911e+00
2.082982913580172291e+00
1.862700398838127436e+00
1.843590605857658105e+00
2.030191308312156551e+00
2.092759281939260418e+00
2.084120751461671084e+00
2.000832704438558984e+00
1.860437521408661921e+00
1.782084654961230585e+00
1.899891970853495593e+00
1.964982665377465354e+00
2.098669074792788081e+00
1.960119331304916113e+00
1.880457047631650447e+00
2.025415283628659857e+00
1.817326768692293815e+00
1.990501365256702737e+00
2.087483951882415756e+00
