1.507891492923917490e-07
3.075545916470147079e-01
6.258658156651175641e-01
6.053138582698519565e-01
5.416752609153473452e-01
6.132079775201989547e-01
6.917522346180409176e-01
6.860611700200429652e-01
7.450124506904703958e-01
8.951687333020197368e-01
9.190397281578410738e-01
9.486354142350827967e-01
9.552661905227984862e-01
1.091419896431598202e+00
1.263513523704342445e+00
9.739837140703966334e-01
1.123523476607209526e+00
1.164184201267458363e+00
9.959519786188310020e-01
1.089122496783530902e+00
9.924143462642063263e-01
9.445539416485486672e-01
9.818041685297025367e-01
1.067889501112339268e+00
9.293277881240266103e-01
9.204316515027390899e-01
8.894292042518906483e-01
7.864322302281558930e-01
8.730449973773808381e-01
7.854026061046903706e-01
8.460100992429040456e-01
8.142924191182693283e-01
9.011158502463650910e-01
8.416851536085093732e-01
1.072299055863532358e+00
1.173689070094540154e+00
1.097195750472782949e+00
1.238295763005128558e+00
1.423634857492154238e+00
1.154625203753039342e+00
1.313348124871210221e+00
1.365878517347396626e+00
1.344445099371309293e+00
1.264336338742971577e+00
1.247009055196816485e+00
1.173503795801816851e+00
1.137081225593030487e+00
1.361464459433809226e+00
1.584633622067138203e+00
1.517160163291051633e+00
1.384958797277126896e+00
1.357117159753416846e+00
1.234826985689013279e+00
1.376748820998992429e+00
1.299251126674165535e+00
1.369311807204199427e+00
1.219960488160520384e+00
1.096266159931011064e+00
1.356399309177353407e+00
1.209028819044679182e+00
1.491793871996806686e+00
1.536444871026348968e+00
1.565378657523535999e+00
1.736195736287220459e+00
1.786829235961896911e+00
1.983832917477016844e+00
2.060972170600258835e+00
1.980233671268878393e+00
2.282912532242701520e+00
2.293625405627209624e+00
2.164619881703664372e+00
2.058625474519812037e+00
2.080306010390136962e+00
2.140327821271533093e+00
2.059160325504261202e+00
1.838069362946667784e+00
1.954073740342131993e+00
2.001175006992432781e+00
2.088686936029307883e+00
1.959254918622511221e+00
1.980470199294212197e+00
2.077344398286263161e+00
2.153329567442021641e+00
2.085661470521022576e+00
2.147215636765367197e+00
2.025867845979496096e+00
2.186856706217517932e+00
2.208448558235185821e+00
2.314029556121488529e+00
1.915561629549416223e+00
2.028373842623774070e+00
1.789051357953227006e+00
1.737185721385809956e+00
1.772111730671112939e+00
1.732247225674938829e+00
1.889556166654080327e+00
1.835595210782136721e+00
1.674217528528104904e+00
2.047284353125697898e+00
1.967170697288871839e+00
