0.000000000000000000e+00
4.930574814235452741e-01
5.835749490786535931e-01
5.242724099999915843e-01
6.908138411076948371e-01
7.962449399008950657e-01
5.971350288247891935e-01
7.856771775970404770e-01
6.498643528750488452e-01
7.736648688613834146e-01
8.593875294330415304e-01
9.441281310212720213e-01
9.270688256061376809e-01
8.791761730498964811e-01
7.791722881912435117e-01
8.745222616572113639e-01
9.743812558097653120e-01
9.785976057762382219e-01
1.037956716275270308e+00
1.125718880960728141e+00
1.156253204326614714e+00
1.214104088774880852e+00
1.240149438003835369e+00
1.228817408430818992e+00
1.237358293447446522e+00
1.327497760044106689e+00
1.338276471720648786e+00
1.336462763772054529e+00
1.400915590151679435e+00
1.406061616279722593e+00
1.525203732383833666e+00
1.577925134004397378e+00
1.605888117256230263e+00
1.640662126035429935e+00
1.418225738006475778e+00
1.283320855454222587e+00
1.598718308906792673e+00
1.507684937281319471e+00
1.345032458648355300e+00
1.409466956610575750e+00
1.249468852734105351e+00
1.244574325848150753e+00
1.405002555898883898e+00
1.456962126912418665e+00
1.309729775049869538e+00
1.346170215368055478e+00
1.283160877151059864e+00
1.215715130785005371e+00
1.206032713913648413e+00
1.174351230427338688e+00
1.116903896446906908e+00
1.216437672833252215e+00
1.262982840495901593e+00
1.285687904365332423e+00
1.209583788358226775e+00
1.220753576959261011e+00
1.099867765131682829e+00
1.203919740864971777e+00
9.987959831328880878e-01
1.130184444595651927e+00
1.086833137885968137e+00
1.081500104449676369e+00
1.048857226037564816e+00
1.003527127480217329e+00
1.180370907425152494e+00
1.172784352201357905e+00
1.253177678725883926e+00
1.173668874456974320e+00
1.258931340563088641e+00
1.172967610207520162e+00
1.178338237386370668e+00
1.148013321998556435e+00
1.149071836981257366e+00
1.228170498268127186e+00
9.625002709420195091e-01
1.187333551955753075e+00
1.056981355883648277e+00
1.080893445686989640e+00
1.125063991712671019e+00
1.207420186291630726e+00
1.422911060593731625e+00
1.181033141727327429e+00
1.165113231563109419e+00
1.207395020422220355e+00
1.244862638241159170e+00
1.258780615893212440e+00
1.215073350258990770e+00
1.186419588782972268e+00
1.281897230897515394e+00
1.333152796158375564e+00
1.129637445939487561e+00
1.128409908410858753e+00
1.098470289757472740e+00
1.121763851020981306e+00
1.177681329609035599e+00
1.027941452566667024e+00
1.076053318595835417e+00
9.304229744364500565e-01
8.983256656266866980e-01
9.250365465518748387e-01
