1.507891492923917490e-07
7.014069877700488398e-01
7.517508963156606105e-01
6.554430140113194359e-01
8.007523037871651095e-01
8.452066143182619395e-01
1.161544612501511864e+00
1.091753193579263037e+00
1.333223501540630629e+00
1.409563837225019878e+00
1.483566638319495423e+00
1.563631718765885914e+00
1.714349620500932092e+00
1.573631057765794150e+00
1.808491538272897881e+00
1.574935431965381660e+00
1.650870004074976638e+00
1.629033420220187045e+00
1.833702406676218644e+00
1.648041050058687507e+00
1.673407563966577083e+00
1.557166075952609141e+00
1.630114196810689142e+00
1.605968797602988385e+00
1.661903126831392630e+00
1.659931858276518346e+00
1.589170330456108449e+00
1.616962896059514376e+00
1.646950275627486970e+00
1.552303418437338989e+00
1.710201555265834061e+00
1.866360176513239821e+00
1.933838298775658382e+00
2.037872648415534726e+00
2.034944898168422611e+00
1.907405895779239913e+00
2.013999356801586593e+00
2.021142331574959261e+00
1.814444954683518851e+00
1.852221357622693576e+00
1.797290022381932806e+00
1.729806759736534083e+00
1.656208497168777605e+00
1.612960381077611638e+00
1.569931804433084332e+00
1.638774849866592387e+00
1.508371128215747259e+00
1.566107702789525158e+00
1.589654350823892504e+00
1.494615317254849307e+00
1.468323307782003484e+00
1.542285646519309106e+00
1.600847651268572092e+00
1.607232712801133445e+00
1.826573729718224737e+00
1.737015093696411272e+00
1.743299640707695497e+00
1.799243123859821214e+00
1.762374361755311813e+00
1.866120436558146523e+00
1.697884982330093218e+00
1.656860457964587807e+00
1.620402576110847814e+00
1.731406542231434198e+00
1.661248827204858447e+00
1.692788629630517461e+00
1.699688798991022542e+00
1.735227821270903359e+00
1.685736943524417608e+00
1.617605960220270589e+00
1.563900808698971634e+00
1.602972244176609662e+00
1.585445428241465393e+00
1.554265191368706001e+00
1.661454919647007200e+00
1.466662269055902357e+00
1.400646091109650992e+00
1.460926284020192423e+00
1.407315716575400666e+00
1.435532354043940417e+00
1.411688479254251449e+00
1.557435695803732312e+00
1.531108224603348944e+00
1.557690002022053877e+00
1.465373362118389977e+00
1.477232710310431241e+00
1.344903856764252170e+00
1.604091422426978220e+00
1.451516632781864713e+00
1.407034067375698028e+00
1.418536702767950519e+00
1.580373776056560819e+00
1.398071144744492678e+00
1.499248947384268948e+00
1.461771151684062131e+00
1.545318948335135056e+00
1.685790980333012890e+00
1.575926483266776756e+00
1.347338673910438045e+00
1.604567374848214767e+00
