0.000000000000000000e+00
5.015112378771170443e-01
6.535588850698009766e-01
7.418815071427934393e-01
7.494684217118616765e-01
7.829176551308774101e-01
7.184602990697119829e-01
7.816601880506264255e-01
7.514569756390554467e-01
8.902217791089264143e-01
7.379901476292387574e-01
8.695773785298137604e-01
9.248509136430947963e-01
7.828644640497395280e-01
1.036420942125517053e+00
8.499124863885378911e-01
8.518373425434226931e-01
8.464516072404800751e-01
7.901946110270641199e-01
1.094294518338349897e+00
1.052758880774914640e+00
1.114976337066412748e+00
1.051657227722729848e+00
9.595930422480687394e-01
1.109984044817720950e+00
1.118533474629371582e+00
1.124342811697003786e+00
1.045194859641859875e+00
1.286789379082490248e+00
1.123937298199075618e+00
1.135096737231599873e+00
1.044660031404926581e+00
1.026404546652459615e+00
1.086290608617558329e+00
1.042783187240713616e+00
1.069344867714070668e+00
1.262714475791817170e+00
1.175969712223281061e+00
1.149028694597460598e+00
1.357882277718315045e+00
1.277346629181829618e+00
1.374346988992507512e+00
1.465251811228803547e+00
1.401615131539958536e+00
1.427170870801552027e+00
1.500533082616349878e+00
1.625175438080010304e+00
1.405208643569248794e+00
1.463333544303358824e+00
1.407598753963138938e+00
1.421695028609501810e+00
1.345106980643440364e+00
1.358708636463644481e+00
1.594441567502979051e+00
1.452415375411585829e+00
1.390719478087291350e+00
1.185793699793666889e+00
1.330486964280376272e+00
1.165149026236901530e+00
1.236103826169700826e+00
1.151427565527985752e+00
1.256084858981656227e+00
1.241812105657608800e+00
1.178333481498385682e+00
1.241883854699690426e+00
1.253403952608303840e+00
1.097344127834623650e+00
1.153178470521645682e+00
1.026007877502348009e+00
1.203794710310958527e+00
1.230710153786531480e+00
1.322440344213622776e+00
1.405870891222561703e+00
1.426109074540336641e+00
1.459225153157765131e+00
1.368247899124403810e+00
1.457679977889957623e+00
1.411013002693244367e+00
1.426636111534031581e+00
1.323427845555809057e+00
1.390930964690055394e+00
1.410042749519360150e+00
1.367731913789070886e+00
1.202725740545203204e+00
1.210996474732642048e+00
1.083286460528251949e+00
1.140442852010552954e+00
1.123619197381849899e+00
1.228633428281642459e+00
1.226848546074660318e+00
1.194257028896702266e+00
1.104137310806617034e+00
1.080974556612223081e+00
1.215476267283943423e+00
1.279431541130914729e+00
1.167039535472651268e+00
1.185712429062611095e+00
1.098686621094769444e+00
1.252663177026061669e+00
1.239450975686562373e+00
