1.507891492923917490e-07
7.210538016757057633e-01
6.684641955576093864e-01
6.473112801176960085e-01
7.021109116786223847e-01
6.853831682287981897e-01
5.908735143396764977e-01
7.456764567461566795e-01
8.998302971226629365e-01
6.886228683979082055e-01
1.253255787144569755e+00
1.326979339730326002e+00
1.283748571420254114e+00
1.376008181503215244e+00
1.228412260284171609e+00
1.402937689997202808e+00
1.529425749028846759e+00
1.741739652884866540e+00
1.804629843692835189e+00
1.747296749326242349e+00
1.752418397029896768e+00
1.839295116892921467e+00
1.819994734071473275e+00
1.954462687830462286e+00
1.899928227547443171e+00
1.701532825402987337e+00
1.766261896766278205e+00
1.822663063279325923e+00
1.776253478354886450e+00
1.941503509428532004e+00
1.811969364239076397e+00
1.718077523232231396e+00
1.850878152667015941e+00
2.096858221223589336e+00
2.288896799779567726e+00
2.160081836742998362e+00
2.124240156381723921e+00
2.006439021499883513e+00
2.092331891559737755e+00
2.160814137423909376e+00
2.221968479128107354e+00
2.206680167980814122e+00
2.337583499202430470e+00
2.626556225267600020e+00
2.526042437583869926e+00
2.370512536614969967e+00
2.503446979582869325e+00
2.396132698460689880e+00
2.356072364159574661e+00
2.458938110555418444e+00
2.460387446331510741e+00
2.546120374335026693e+00
2.469507517666007512e+00
2.582044872563235671e+00
2.660240543501964705e+00
2.574981194092250014e+00
2.620484636802210332e+00
2.799721476536047415e+00
2.911309206544647310e+00
2.738661513001485304e+00
2.680027036614096136e+00
2.662079052909144039e+00
2.586867425787966468e+00
2.556494505404753426e+00
2.642838883691982943e+00
2.733571115492380521e+00
2.550841143179194859e+00
2.840441445708877133e+00
2.807918776930887539e+00
2.853879813164605928e+00
2.766081701554503169e+00
2.697622809404426558e+00
2.650861292394866897e+00
2.558466949081711572e+00
2.634948241584787354e+00
2.763856915267791869e+00
2.872260517668526081e+00
2.983500449647327635e+00
2.724526952018498260e+00
2.722005853762580863e+00
2.724947467557817138e+00
2.696149635802065792e+00
2.731884853167549476e+00
2.928521986022560863e+00
2.938818223449984224e+00
2.921280936624210067e+00
2.977258356798992533e+00
2.861875717985602030e+00
3.043172431611898432e+00
2.978920536372219541e+00
3.111209307353537401e+00
2.950747626720744421e+00
2.981043525514143422e+00
2.793471471542779305e+00
2.828982114790083546e+00
2.760903568999350632e+00
2.582467349808765356e+00
2.425709768103530006e+00
2.391551389367190250e+00
2.427422039451100133e+00
