4.264961199760035779e-07
4.364564154559570364e-01
5.537765138415188249e-01
6.855459805719087418e-01
7.109397244930472093e-01
7.293302003117694277e-01
9.303481362514093300e-01
8.483302832192258780e-01
1.034036124335657725e+00
1.043899103785048244e+00
9.578450940817420101e-01
1.061296741098681995e+00
1.181039050579569816e+00
1.247835919752129374e+00
1.271401111446365473e+00
1.493257707323310202e+00
1.503751103296142810e+00
1.635595678286164922e+00
1.784126676722460614e+00
1.780703916068213211e+00
1.598044862824118839e+00
1.647304817442374780e+00
1.409144484167270894e+00
1.488596281310835767e+00
1.350723542731661286e+00
1.519761444277685669e+00
1.424754955241086085e+00
1.486350572163738226e+00
1.568342489586287192e+00
1.621101666941017205e+00
1.626640351102336401e+00
1.776757393573813681e+00
1.816364771131905309e+00
1.747452433387628679e+00
1.642255207619681245e+00
1.562090625603307359e+00
1.541644260055902826e+00
1.581538287776919516e+00
1.635654445235334986e+00
1.686179959619639179e+00
1.574944441650209637e+00
1.749204332542105833e+00
1.640559363346551613e+00
1.725564916790230718e+00
1.606763254170578303e+00
1.755467686379441616e+00
1.810956934202998969e+00
1.873287286052099931e+00
1.870105309913735914e+00
2.079607081572863780e+00
1.861795926008963820e+00
1.691858582173962455e+00
1.714648143884901499e+00
1.700776701767437338e+00
1.870319032896603506e+00
1.769481523049970972e+00
1.720985519550261245e+00
1.850443217708772181e+00
1.874112067216848310e+00
1.794473254642350080e+00
1.993083398988394483e+00
1.833381221880303835e+00
2.018123601979679549e+00
1.980576665664125047e+00
1.779213785182081509e+00
1.947118159578840935e+00
1.778729681317400280e+00
2.048796209810082924e+00
2.037186049929135656e+00
2.017309440947055332e+00
2.112464175212898088e+00
2.192943517759181837e+00
2.419511917835681647e+00
2.405009257482606522e+00
2.318572754550198844e+00
2.321366944372148744e+00
2.551289694375584283e+00
2.549771381245863555e+00
2.640151179089605726e+00
2.590576372752485756e+00
2.345642344232179433e+00
2.078815257267489169e+00
2.354414584525734266e+00
2.316787703280835942e+00
2.395724074273674731e+00
2.488015308544969884e+00
2.515178830270591526e+00
2.643078146718369936e+00
2.826395756543728766e+00
2.776347336088140327e+00
3.024901575019877775e+00
2.893357997052357078e+00
2.927985091498707337e+00
2.796695796597188366e+00
2.899224233820034247e+00
2.685814563963431212e+00
2.686059592174254718e+00
2.490450575654081344e+00
2.449751085401022266e+00
2.684158256614332938e+00
