2.132480599880017890e-07
3.893339369609513101e-01
3.979657949973012254e-01
4.630818764756730599e-01
4.205295124519973782e-01
5.406926790517437853e-01
6.057386988823511009e-01
6.510150110800534407e-01
5.453120517529513878e-01
7.762601812005553992e-01
8.324146035841839542e-01
8.848380158481138347e-01
9.848078138586104924e-01
7.724556207245912853e-01
9.609705623112716477e-01
9.395469193606862390e-01
9.228899025977458370e-01
1.049520575987547444e+00
7.778904454333185337e-01
7.514099251487169617e-01
7.568398033293344263e-01
7.532569873796642890e-01
8.859471232088932391e-01
8.720008467945780106e-01
7.787587006501106579e-01
8.957562759924269091e-01
7.240651945191208805e-01
7.854116185860887667e-01
8.012868171145696161e-01
8.792306894534147599e-01
9.923030768987947114e-01
9.458914835225368245e-01
9.226091084774219464e-01
1.181958925438693964e+00
1.223392385435981833e+00
1.276569282621051959e+00
1.362912041402056795e+00
1.249586675459245733e+00
1.115922246023906217e+00
1.018256571735560501e+00
1.153925198505500571e+00
1.186220193376285925e+00
1.263834519625780528e+00
1.216222501006900325e+00
1.333080819210066714e+00
1.333560201945844126e+00
1.398026124037992757e+00
1.432697380998926295e+00
1.310439796900624509e+00
1.244045118039540210e+00
1.328753895385344830e+00
1.365051793625926102e+00
1.288584670574231206e+00
1.229112694754453283e+00
1.319698146871309596e+00
1.278281712279114579e+00
1.432365706124249183e+00
1.353163474846233116e+00
1.140356117217249832e+00
1.149329092491889526e+00
9.651120891800611945e-01
1.098900997545046554e+00
1.149544347110802667e+00
1.242088474824236677e+00
1.060277957637883572e+00
1.112251651271889852e+00
1.055230211134618346e+00
1.177322061768041772e+00
1.212655968546804575e+00
1.159098431421470954e+00
1.270322030759619025e+00
1.056853722750122460e+00
1.095166359165884895e+00
1.126910818165506312e+00
1.437703351998150580e+00
1.413731959666440829e+00
1.420425333792075140e+00
1.544359760171045703e+00
1.288819525876285121e+00
1.437156849887234245e+00
1.262015122043977255e+00
1.336522378161998370e+00
1.358766928485348968e+00
1.366095449572261034e+00
1.509321392997649669e+00
1.495723759293773103e+00
1.462524714391394642e+00
1.447496640261572320e+00
1.298144941712944478e+00
1.619905475405075901e+00
1.580330804366255393e+00
1.552493425224581003e+00
1.428342913313179974e+00
1.470117969026986104e+00
1.167342345869467835e+00
1.262991343947366119e+00
1.309845529928967300e+00
1.413382194632194722e+00
1.273809674182959872e+00
1.161606461027848702e+00
