0.000000000000000000e+00
3.718989697183603393e-01
6.228056125145278177e-01
6.091825262923251660e-01
7.128475992634296654e-01
6.849516210979164077e-01
7.802875316426964858e-01
7.309232332362630702e-01
8.045695605579632481e-01
6.765180844967794149e-01
8.989795243580561701e-01
8.318245331800582232e-01
7.823200312421541014e-01
7.161942042874741565e-01
7.806107561303026188e-01
7.155239805793862651e-01
8.681611963818928190e-01
1.059264679867101488e+00
9.280283093582208931e-01
9.018012943180944152e-01
9.720043248773186928e-01
8.213949262138563467e-01
9.683414402494084916e-01
9.475287871211045543e-01
8.846525168217853619e-01
1.019483212131119476e+00
1.078430542946760884e+00
1.009547073930347372e+00
8.290381001585002130e-01
9.337335227838838847e-01
8.820583144139836351e-01
8.020912929629312460e-01
8.844554731180934715e-01
8.804473855366958812e-01
1.020024407886427786e+00
8.294534361558518754e-01
9.850193796759879605e-01
9.946444118629426123e-01
1.031180244633247423e+00
1.013298276674454712e+00
9.693713847075275947e-01
9.622217455687037679e-01
1.021005677118828725e+00
1.162073450176312583e+00
1.262021153925602990e+00
1.249653449938673333e+00
1.200221314405008677e+00
1.166530775651215324e+00
1.227245246271624568e+00
1.137279905049054296e+00
1.087812241955740777e+00
1.105782183878075031e+00
1.139427442556271375e+00
1.209333237723633880e+00
1.107559329478172483e+00
1.012173865457659527e+00
1.146867185163896741e+00
9.594778959921317352e-01
1.018524756515225560e+00
1.101049141324165204e+00
1.149271935635296060e+00
1.191439782474640330e+00
1.196597220938003359e+00
1.281489821641698335e+00
1.106684858316972164e+00
9.323984093389353633e-01
1.071394571585638333e+00
1.156099223283986177e+00
1.214236894395606559e+00
1.189948161201395571e+00
1.242124932614320665e+00
1.163369372207349706e+00
1.325048608376170334e+00
1.365416914150870520e+00
1.369853457983742917e+00
1.264665680011696880e+00
1.222939705265534194e+00
1.226030412494668376e+00
1.194496385130970006e+00
1.383732710954323597e+00
1.330962660306860501e+00
1.274593224991481533e+00
1.309961552592120659e+00
1.159901495376093994e+00
1.248866220291551699e+00
1.296196672191918919e+00
1.149333117157541828e+00
1.070826166444715399e+00
1.105874219044445494e+00
1.053732894192051628e+00
9.561342209185473839e-01
1.142922425630451322e+00
1.193857468334947436e+00
1.053899318033772792e+00
1.123307563888070293e+00
9.754153673663961133e-01
1.098335685156696329e+00
1.023066101079495471e+00
1.025308559477690284e+00
1.055460418981600368e+00
