2.611744678045111057e-07
5.803848570307036381e-01
6.129243047769228347e-01
5.729080216688225979e-01
5.556546007512929153e-01
5.923927406752229619e-01
5.669578613529177025e-01
5.452326424577905728e-01
4.458137378473457368e-01
6.706003411799522640e-01
7.080609298837857724e-01
7.900871751549491950e-01
7.756756138688848390e-01
7.516176235251927906e-01
9.698717314213131102e-01
8.623393930703430188e-01
9.920778125778146883e-01
1.235035736613654178e+00
1.316988141734253270e+00
1.338594313258904656e+00
1.353985537474922118e+00
1.326363607757951701e+00
1.335617398966937985e+00
1.415073389079758659e+00
1.489572067078018369e+00
1.612548983998541186e+00
1.932801889403656270e+00
1.912452507180772976e+00
1.901496027506895947e+00
1.916367666056690622e+00
1.899728907595975791e+00
2.033312479054050215e+00
2.068023550630921026e+00
2.049746309650317233e+00
2.178448115916983951e+00
1.993151064986966814e+00
2.160106217920765737e+00
2.065394362570567743e+00
2.055963084764618642e+00
1.991757251555101860e+00
2.120679546748124977e+00
2.173440158156827007e+00
1.982838404361374485e+00
2.031590269447897334e+00
1.992723792077021550e+00
2.024208682976958773e+00
1.956219271730272657e+00
1.969338246760073963e+00
1.663985166473145982e+00
1.573862272539075846e+00
1.407404389873347483e+00
1.382986963793202628e+00
1.261616570499783485e+00
1.200379204717431536e+00
1.201906286221798847e+00
1.346987694194805352e+00
1.289151745042373731e+00
1.387880930700543747e+00
1.439668442223679179e+00
1.483622428768742507e+00
1.528716713998790055e+00
1.476089119302762542e+00
1.448501511008114528e+00
1.365202441919401100e+00
1.215607034331656955e+00
1.527587018682296183e+00
1.667353894143389859e+00
1.793584822419233893e+00
1.759890837491041804e+00
1.609640177910375058e+00
1.647378687891491333e+00
1.348847654532134177e+00
1.363048371299483419e+00
1.320422060821932808e+00
1.158066220920973111e+00
1.290791646135009518e+00
1.124003975154019619e+00
1.419569419703479163e+00
1.544720939020908457e+00
1.614852536647544579e+00
1.606909594790376650e+00
1.639890334123787596e+00
1.527330292696033265e+00
1.506664730320119050e+00
1.374103763543773393e+00
1.338530252240919927e+00
1.452158839487785569e+00
1.693989632019208047e+00
1.883908012316339198e+00
1.810279528671344895e+00
1.941600817288009928e+00
1.849666612710537450e+00
1.931771783745591442e+00
1.897004080199416132e+00
1.861795117556687806e+00
1.670822586289617107e+00
1.828599487384052535e+00
1.723935053892789115e+00
1.689062085884787123e+00
1.690353375138041736e+00
