1.507891492923917490e-07
4.122780553429733486e-01
5.955273170458820209e-01
7.541113143792953499e-01
8.825731646033377897e-01
8.302904691240454715e-01
9.545553392581976881e-01
9.145965528231175812e-01
7.976192628128472295e-01
8.614881441094814907e-01
1.009957409255690219e+00
9.237389567929298329e-01
1.032455328057906296e+00
8.844175713214210699e-01
9.556691402263688406e-01
7.937553053990060725e-01
8.949884614869013655e-01
8.430805247730014385e-01
9.134443128542586443e-01
7.949746469350352784e-01
8.644973045988215699e-01
7.600032634523727904e-01
8.452231474704501313e-01
7.388031020729606269e-01
7.540590163682232561e-01
9.210560599830373008e-01
7.766042928423386726e-01
1.082502113024472301e+00
9.939103947825856933e-01
9.736362048627587029e-01
1.016753207256574365e+00
8.519098200646182395e-01
9.103274200374356084e-01
9.204677896225725853e-01
1.005731468775566073e+00
1.054332457040839222e+00
9.379069284578621657e-01
9.676033015014859906e-01
8.954474483806291740e-01
9.402146967115371234e-01
8.169008826995706185e-01
8.188530332214117857e-01
1.001242659094195186e+00
9.752428726689947869e-01
1.046660452256014340e+00
9.628435968190766081e-01
9.174572344210144559e-01
9.581302111168694680e-01
9.686924169268290585e-01
1.262365531553726106e+00
1.354998699991610156e+00
1.222074506083099976e+00
1.223562582115466979e+00
1.136238639433412523e+00
1.150655019384000832e+00
1.160939054287804861e+00
1.282842738723989573e+00
1.380196132449418300e+00
1.310255159569418293e+00
1.313701147262744451e+00
1.252825331418423449e+00
1.270305505267209867e+00
1.209302397724868916e+00
1.318589307010179734e+00
1.447903268468362148e+00
1.247567738605200205e+00
1.405705920873592696e+00
1.273397602453843591e+00
1.321495432305427320e+00
1.280426422573446743e+00
1.222971452848799379e+00
1.351249363763707523e+00
1.423322569888944678e+00
1.426367103679049730e+00
1.364304380954629137e+00
1.251512819366560558e+00
1.239164368928232562e+00
1.227019302858795458e+00
1.453974293273695872e+00
1.494621442555507995e+00
1.584484883675560507e+00
1.572717158047260533e+00
1.392984282084342551e+00
1.314855777171560325e+00
1.261716134421007274e+00
1.397730498467682603e+00
1.347970225931948374e+00
1.466432433277693681e+00
1.413078548651381938e+00
1.538358833526173974e+00
1.519479266302502962e+00
1.479007993108711894e+00
1.409993782252856320e+00
1.466243952115687144e+00
1.332971233027538505e+00
1.347694351631697929e+00
1.346190178178348962e+00
1.541715230474914655e+00
1.551834888951454161e+00
1.535818682251225198e+00
