1.507891492923917490e-07
4.960246488961143063e-01
4.113339875902247145e-01
5.984219136979174181e-01
5.342131080374017404e-01
6.377219284221602447e-01
6.483172496792733996e-01
7.599428464220356894e-01
6.543329708743027551e-01
8.580599246372911937e-01
6.896434380190811231e-01
7.291026333046455310e-01
7.288689437059193699e-01
7.663021273760655117e-01
9.552260859151007200e-01
7.722247496302705461e-01
6.850890211947460173e-01
6.876051569389729501e-01
6.888903719470101938e-01
6.022948242882983916e-01
6.774579227984341978e-01
6.902662838895810005e-01
8.320159529658617270e-01
7.386936159071878505e-01
8.604135830517462002e-01
9.149841323245765379e-01
9.279721683134567467e-01
1.000520163199557500e+00
8.868421990881966144e-01
6.918442850579602510e-01
8.620331639552070158e-01
8.682315039531393053e-01
8.750828634227462155e-01
9.060389736109524250e-01
1.034431541822227629e+00
1.158578542150401125e+00
1.193452139212634933e+00
1.064829783772817784e+00
9.058057439015140266e-01
9.506094855916298325e-01
9.531824936274274629e-01
1.010845416615232972e+00
9.805723190711619353e-01
1.003303189165763554e+00
1.128285457012404347e+00
1.148583180704344286e+00
1.335464137320171218e+00
1.373448144266599336e+00
1.410982327431708816e+00
1.456627627916143863e+00
1.478721259932017640e+00
1.474033953873058023e+00
1.441602302678736569e+00
1.367655360799574282e+00
1.551127962994593990e+00
1.408392346322705713e+00
1.689021859650744029e+00
1.657009879980717804e+00
1.737908153541435352e+00
2.011666644933565617e+00
1.896418559156000549e+00
1.955380226633656626e+00
1.809754118179875526e+00
2.043193363394400386e+00
2.195942002562138118e+00
2.168556537949079654e+00
2.212228790966336955e+00
2.052294671999263631e+00
2.048198023980056348e+00
2.106095640491270959e+00
2.100010741493568478e+00
2.158002355613607648e+00
2.010600926160416080e+00
1.981610053509410330e+00
2.024315024789068218e+00
1.958603296139706185e+00
1.861759433158005850e+00
1.730100156436395586e+00
1.617164141662069232e+00
1.742816493238753317e+00
1.989416393256467464e+00
1.758762300929561651e+00
1.883268480812598122e+00
1.808665265847043013e+00
1.896442101867509500e+00
1.668972846275743827e+00
1.601803765203055452e+00
1.493868782550171304e+00
1.525301918290256076e+00
1.614803468110014073e+00
1.888781764900896221e+00
1.656114971069002850e+00
1.663942283172270109e+00
1.641469552232792228e+00
1.618223353087706595e+00
1.573539810930576044e+00
1.543000877718056607e+00
1.697411649473264283e+00
1.552977017011716754e+00
1.709434374443852933e+00
