4.264961199760035779e-07
4.003304390464854090e-01
7.424807051021029558e-01
8.507608722541514235e-01
8.672401310193651458e-01
1.051006236332475696e+00
9.606669831666764248e-01
9.917118175829819915e-01
1.273017996936577578e+00
1.126320821898969982e+00
1.070643651604038959e+00
1.019860204879460941e+00
1.097748007879716159e+00
9.638834352611367340e-01
1.125832993799883441e+00
1.369072062362571618e+00
1.215982218918923552e+00
1.337901810027239513e+00
1.581747249248486753e+00
1.496431827377328938e+00
1.628994607658240223e+00
1.538248341564752097e+00
1.487875832923908570e+00
1.616748734426567191e+00
1.527257925659998739e+00
1.677328149040776095e+00
1.670889794700912034e+00
1.701093873740886275e+00
1.757226731136207087e+00
1.827387032624251173e+00
2.130397451878949688e+00
2.142545393704653023e+00
2.244643933829329363e+00
2.321518716151630635e+00
2.382420140814727194e+00
2.617035076008676242e+00
2.746642578005888513e+00
2.708709932763099459e+00
2.789571020688622838e+00
2.893361936684020641e+00
2.942478283529950112e+00
2.848805679418851433e+00
2.790856923510280474e+00
2.648921704561381318e+00
2.533853432987910992e+00
2.316134775779262078e+00
2.147483631886390576e+00
2.115087222830023705e+00
2.051643456702224810e+00
2.091766167654133923e+00
2.123252875630170955e+00
1.984573403452995377e+00
1.911277591677588150e+00
1.880655084850176184e+00
1.730391573317073606e+00
1.705127029345997025e+00
1.746486515647828419e+00
1.822949494090821076e+00
1.856284954240398744e+00
1.601881336796413535e+00
1.548203441166199790e+00
1.780895611897457931e+00
1.536467468709511675e+00
1.557223332734058108e+00
1.494682506613215001e+00
1.489921730955995782e+00
1.386372914417464797e+00
1.381285070275450000e+00
1.302387515788049122e+00
1.246891937402645256e+00
1.265787290245965924e+00
1.358887368646146676e+00
1.409739024038920485e+00
1.490691967131974272e+00
1.643712647454921960e+00
1.632429906378996431e+00
1.501358443540793175e+00
1.635296714052812073e+00
1.696761178940721093e+00
1.942332039373708907e+00
1.848423953280761367e+00
2.027136123293466596e+00
2.076697091455015354e+00
1.969650434382764770e+00
1.769600098019133982e+00
1.753705580788241791e+00
1.789583268088041246e+00
1.687513070914010926e+00
1.693151421930234379e+00
1.772591925045805983e+00
1.632542411151393091e+00
1.748322785295849835e+00
1.756017347327805345e+00
1.717211412439739515e+00
1.635544826579170774e+00
1.464465964804413378e+00
1.497895310017926418e+00
1.732412389617077331e+00
1.842268627037074058e+00
1.717478793638998802e+00
