0.000000000000000000e+00
3.745484200034278621e-01
4.184713758156923813e-01
4.938431862315418308e-01
5.761086424181327548e-01
7.825766418016618653e-01
6.822758657775173097e-01
5.577425014040159335e-01
5.744547433297753081e-01
6.594803510981673833e-01
7.005590345397244567e-01
6.716305573880690938e-01
8.384239590301747480e-01
9.105115998055126614e-01
9.084035235610821157e-01
8.783960550501928033e-01
9.645556610187885349e-01
9.604673714437536036e-01
1.084653515248332312e+00
1.225464615781017175e+00
1.212936625201771701e+00
1.316098597037703710e+00
1.430965606122500233e+00
1.522567276425860427e+00
1.339406745199863913e+00
1.436526724615307948e+00
1.329977011119894748e+00
1.262025531106504506e+00
1.323427780195540748e+00
1.297968006353079407e+00
1.173216802271204395e+00
1.127798395162191269e+00
1.226454258954306820e+00
1.044368310976130365e+00
1.137817552994836889e+00
1.080663264033193016e+00
1.238485726860894198e+00
1.177541869978830702e+00
1.128089410583186014e+00
1.160972620082874274e+00
1.098899394916289074e+00
1.252614406082494192e+00
1.169169386245800357e+00
1.341602929464158711e+00
1.429352157671663459e+00
1.482624770143425197e+00
1.565593380916918909e+00
1.370482765285403692e+00
1.266110429682178129e+00
1.359539402696126498e+00
1.375767754933859388e+00
1.371626559407518542e+00
1.277690324349193052e+00
1.312261335745531721e+00
1.447799625174327476e+00
1.386882817516716937e+00
1.274778447770150258e+00
1.359542936724666085e+00
1.299965268968255261e+00
1.376323515839442013e+00
1.401519609666973754e+00
1.567048224188595240e+00
1.539556046245511345e+00
1.720254035267792858e+00
1.716270388554444359e+00
1.790077653984047279e+00
2.017584791749734041e+00
2.026079898220972897e+00
2.014708152789634887e+00
1.972084576543001955e+00
1.710517720621547832e+00
1.882645876681287689e+00
1.772112064058974701e+00
1.936797113917189783e+00
1.748602377807489283e+00
1.790824957978566223e+00
1.851541845094942573e+00
1.649481287523662409e+00
1.635478622988894681e+00
1.590077606595662996e+00
1.368654446941719449e+00
1.483671778420420084e+00
1.497740286155227141e+00
1.464640209490323031e+00
1.480630697606984514e+00
1.626825012888816868e+00
1.483675549665818272e+00
1.586921215376707828e+00
1.564176130575444690e+00
1.469462196502066664e+00
1.569440883088224492e+00
1.654744327147170235e+00
1.647435292073980317e+00
1.589708964212415587e+00
1.751946284194623171e+00
1.649694326633631913e+00
1.686597971618329250e+00
1.641887258011052397e+00
1.710348867768290093e+00
1.855245222610472533e+00
