0.000000000000000000e+00
4.931865394515981271e-01
4.796718205814538560e-01
7.302554685449004213e-01
1.028378448007587931e+00
8.660289812655183050e-01
9.240511210075103010e-01
9.981052133222658718e-01
8.278262022792182151e-01
9.088359018216884966e-01
1.136432416070355389e+00
9.420867401897655702e-01
1.069770947724400845e+00
1.023724844721663807e+00
9.323713306416541169e-01
8.148900175722919581e-01
1.094424705763362704e+00
1.173768072860693845e+00
1.114263387711640352e+00
1.041691499184075553e+00
1.192898201074049869e+00
1.118749741552880872e+00
1.284041231304361874e+00
1.310012562685905380e+00
1.305002298142773132e+00
1.321793394810274247e+00
1.403891917329828987e+00
1.429335164338119579e+00
1.305770872363457791e+00
1.208103300400199531e+00
9.878964965538217236e-01
1.090066824889859731e+00
1.208586968738319722e+00
1.201895418837852558e+00
1.393890845764874875e+00
1.321056685706090139e+00
1.475933404164424756e+00
1.374411812855141912e+00
1.549525702789291914e+00
1.531950505282837272e+00
1.418989341499210521e+00
1.533685643049556013e+00
1.591846913983540501e+00
1.715185964979698108e+00
1.714049868155935075e+00
1.694656173154537537e+00
1.730219685178594480e+00
1.563404103589641769e+00
1.842283658169389771e+00
1.717458423889985486e+00
1.623485426887385952e+00
1.513228852924841883e+00
1.567397703313706314e+00
1.678480876172495861e+00
1.844442137063328602e+00
2.044224980777169964e+00
1.919297928132122966e+00
1.785182211940012031e+00
1.884338294667290192e+00
1.787134533034554718e+00
1.906747659213767543e+00
1.870664263637720870e+00
1.822127719695162851e+00
1.774184671528452606e+00
1.943418060997426311e+00
1.850226555047656207e+00
1.634791570292353668e+00
1.824714138198750835e+00
1.904711489710911199e+00
1.761642160730377826e+00
1.911428019342740869e+00
2.007115374918108763e+00
2.087871791019080714e+00
1.910170033029838565e+00
2.136440362744805643e+00
2.108058456406806336e+00
2.046267713364161800e+00
2.235941277943418459e+00
2.014775015647809475e+00
2.038442139347960147e+00
1.907472911542980487e+00
1.856564691482239793e+00
1.753337949443529276e+00
1.932222596214721255e+00
1.899749484468447491e+00
1.924317478695223960e+00
1.910142652110095041e+00
1.846482799609012515e+00
2.013059827867461404e+00
1.769172744565939759e+00
1.685758562986350739e+00
1.678847813347751794e+00
1.667200167529538479e+00
1.616066475935582503e+00
1.675342801102033041e+00
1.664451752613066882e+00
1.703887947233846178e+00
1.644110342797150404e+00
1.720520162837277045e+00
1.650945939159892406e+00
