7.072638022514022069e-07
5.126153341806175545e-01
5.620976959744119483e-01
6.962027834822469563e-01
7.049466592699107359e-01
8.485015387414486243e-01
8.056700946255404006e-01
8.889835868584931022e-01
8.624291938155369541e-01
1.080472453487198337e+00
1.131883730334882765e+00
1.118669589141986664e+00
9.831639823462193783e-01
1.053573413045937768e+00
9.639903536259728511e-01
1.130057053414673662e+00
1.185555423957045829e+00
1.289435754420592328e+00
1.220076016382265705e+00
1.394301991697378007e+00
1.494043139568999035e+00
1.358026108464680304e+00
1.398933815782698709e+00
1.334453414429487728e+00
1.481503677080263648e+00
1.438267205748574584e+00
1.514510684075521141e+00
1.467238620166011254e+00
1.664839997780281022e+00
1.637387926209799671e+00
1.902135260501863323e+00
1.999679028019045290e+00
1.758927463990519025e+00
1.808432813079473567e+00
1.875850636258662663e+00
2.025959236440900479e+00
2.059381948161752351e+00
1.956774467543885399e+00
2.098444904082803486e+00
2.042417519012516447e+00
2.194384295520200201e+00
2.272728424931704794e+00
2.492740146619165209e+00
2.222757091255462392e+00
2.271906619186716991e+00
2.299218637548361865e+00
2.262357969872244468e+00
2.267373479438911321e+00
2.321400181969814458e+00
2.491737139991732963e+00
2.756583162262685516e+00
2.875102943972376757e+00
2.855950283272669310e+00
2.981357702553520728e+00
3.233930614842274398e+00
3.443845010184296562e+00
3.427304849850102642e+00
3.604991073688487813e+00
3.665834867692246313e+00
3.637932149947598059e+00
3.476776647420322330e+00
3.692315161590329797e+00
3.724698619063502303e+00
3.686286436265024502e+00
3.325902644653889073e+00
3.487300799148214114e+00
3.709094190889609344e+00
3.939888009559911808e+00
4.032232978218324604e+00
4.142499269307795551e+00
3.987162008683400316e+00
4.041863131462309688e+00
4.224165107356048665e+00
4.081525514222717810e+00
4.175970174095628984e+00
3.971054743968849277e+00
3.879277444723004731e+00
3.645442256854605212e+00
3.616633992617078075e+00
3.581451137541935115e+00
3.826122570285598545e+00
3.712208115091716110e+00
3.604018886004229927e+00
3.416653106880218616e+00
3.373525379979446903e+00
3.245233142638346280e+00
3.213171032681389594e+00
3.231779862086407995e+00
3.184883658454038091e+00
3.178844531333111512e+00
3.204097510835887341e+00
3.442054249083162265e+00
3.518285017542348569e+00
3.829391956202898850e+00
3.676160876513587805e+00
3.611583626572913985e+00
3.841646473256533856e+00
3.472069406126497171e+00
3.769194178364056569e+00
3.799760110937092872e+00
