1.507891492923917490e-07
4.539293611659793171e-01
4.749986439377446024e-01
4.493551562640463737e-01
4.136687975694067765e-01
6.614107949444111290e-01
7.838736366549525769e-01
5.676764681884290953e-01
7.148393545510540736e-01
8.001928559873926483e-01
7.532422998981170847e-01
7.198815773213774749e-01
5.753785187207129947e-01
7.233408348399399390e-01
8.613062680415464190e-01
8.570957046210736507e-01
9.984729965751291125e-01
1.084219738124818644e+00
9.139153189124471499e-01
9.789883429102590462e-01
6.351334910581595272e-01
6.777748740757153501e-01
6.884624836669408499e-01
6.640097849897044213e-01
7.891490325157456409e-01
9.730707052057229189e-01
1.005480127621433128e+00
9.662193364104704196e-01
7.942905768565771130e-01
8.706991179253368296e-01
8.642951626453446723e-01
8.130937877884407694e-01
8.526803010874474120e-01
7.614674431314010228e-01
1.016421698027904386e+00
8.766763718542702755e-01
7.068237750246051387e-01
7.956924427277081158e-01
8.807833419681394549e-01
9.035280158634714232e-01
9.333748394378200697e-01
1.003346806766015398e+00
1.024142847798734435e+00
1.131507516320801265e+00
1.267776821473091342e+00
1.163461302691587429e+00
1.213735414571042615e+00
1.346237108685109707e+00
1.324523037060413300e+00
1.223383060274201961e+00
1.068606805165733586e+00
9.692972589578787712e-01
1.171789099362840814e+00
1.123301076222340766e+00
1.115915021076766989e+00
9.194260451724312055e-01
1.077072316331586732e+00
9.384256150162740839e-01
1.002807407226409708e+00
8.577366968402886371e-01
9.252309674280251306e-01
8.500146297364434833e-01
9.250224415825346602e-01
9.168909384779678762e-01
8.966483696831316630e-01
7.614328098488059027e-01
9.503026404419174789e-01
9.899620620010683991e-01
8.499995438099557932e-01
8.796494260610571159e-01
7.576509578257953903e-01
7.568452108756680285e-01
9.680280243395469331e-01
9.029583328186672198e-01
1.109526172694829560e+00
1.053430538257245530e+00
9.391607357620297414e-01
8.552747453317931514e-01
8.701545978643601131e-01
9.508486041571473368e-01
9.716272046101663840e-01
1.283829804555595588e+00
1.257359616292225590e+00
1.179842736060420894e+00
1.272528887409872578e+00
1.171257390713826396e+00
1.186648204803773199e+00
1.238921550708994346e+00
1.209299558845450706e+00
1.139488133174828777e+00
1.138587993839337065e+00
1.227394072361633670e+00
1.099979510482393730e+00
1.185479554553555914e+00
1.306794692227689847e+00
1.206463519527142925e+00
1.222993532498394931e+00
1.109143831848350636e+00
1.093481144956859108e+00
9.474020990841680590e-01
