1.507891492923917490e-07
3.319953825563526917e-01
3.360209661551395444e-01
3.665747356707425020e-01
4.725556662301250710e-01
5.802120311077938464e-01
4.481348291469177125e-01
4.698780968986149276e-01
4.340136634623159018e-01
4.747002544467706087e-01
4.621582986093905610e-01
4.858601091891683876e-01
5.239269477560479782e-01
5.400072893766154625e-01
6.820197963124891016e-01
5.832175847301962479e-01
6.362956353592554848e-01
4.936779690651680319e-01
5.917664681820206107e-01
6.488078341693234163e-01
5.501519524713681664e-01
5.587817127080452195e-01
7.831149506436398955e-01
6.891778746592285287e-01
8.371187842717223715e-01
7.760342390425828407e-01
8.454855799480754941e-01
9.454726871357148621e-01
8.866212725320857801e-01
7.725083367448498661e-01
5.919326755845066845e-01
5.359924827709690032e-01
6.087069672318484725e-01
7.383937456005368327e-01
6.203067113894389362e-01
6.466875061192834950e-01
5.567474091466217967e-01
6.557566099281649796e-01
6.308325277187992741e-01
6.369763007397860610e-01
7.028522067123476047e-01
6.822736392361516966e-01
8.166739306068377946e-01
8.932727135374262106e-01
7.751535785903311826e-01
9.693036181496973436e-01
7.409280096776466040e-01
7.226083172076609440e-01
6.786774388783970435e-01
6.401074104639727924e-01
6.748429737040664289e-01
8.804857815910739349e-01
6.050320512597243683e-01
7.288116948914359350e-01
8.340353554849906370e-01
6.439673885244361351e-01
7.801193434807479621e-01
9.792740752721894593e-01
9.024775485209642900e-01
1.208585617997594897e+00
1.116420214116441212e+00
1.246789256162357029e+00
1.178291943132479203e+00
1.244717189733013374e+00
1.244310289097113831e+00
1.369934890005058747e+00
1.074864324375166102e+00
1.083351792765741894e+00
1.074201702378175138e+00
1.186533708075171889e+00
1.130837076281824283e+00
1.070516779149127462e+00
1.077185305447360575e+00
1.031401505063120894e+00
8.648055438459647526e-01
1.130693298296262306e+00
1.134794742007422474e+00
1.156032959890140654e+00
1.369655096467287114e+00
1.478651114283238588e+00
1.368451519719377840e+00
1.249487031139324911e+00
1.382414528466582970e+00
1.315127472398025299e+00
1.312594124386006200e+00
1.254994056836111760e+00
1.212811391032448061e+00
1.253898003515166559e+00
1.368347440772508916e+00
1.393513836146724527e+00
1.488869884311080138e+00
1.457226956840391052e+00
1.501180637557694375e+00
1.306631359584193852e+00
1.325990296047035333e+00
1.219266635812437993e+00
1.318350433698768365e+00
1.269459028797279565e+00
1.291341454074518502e+00
1.463571624310380681e+00
