0.000000000000000000e+00
5.436531003743980683e-01
4.813506484744535241e-01
6.236661848421004573e-01
7.310373387027508940e-01
6.533613476205863968e-01
7.298996472959216053e-01
7.545250801884461067e-01
8.408194086083374819e-01
1.101160384388127245e+00
1.063263575788929938e+00
1.201923575736784544e+00
1.135019128050048787e+00
1.104908642883947412e+00
1.246137272328174728e+00
1.630418411379160659e+00
1.507226541846505397e+00
1.506133708122625148e+00
1.505793869624776127e+00
1.463310604478823329e+00
1.500082219372180781e+00
1.606377485924852744e+00
1.439556450966905876e+00
1.428267151268487245e+00
1.361964919584939704e+00
1.393859989722192161e+00
1.414160614182120135e+00
1.603421915159163991e+00
1.591268016594261647e+00
1.670400591365760246e+00
1.685474340199867971e+00
1.698500144324448513e+00
1.666991405310459085e+00
1.716055266555323700e+00
1.612187182548350028e+00
1.731892146457786774e+00
1.602051381571399702e+00
1.548075309793633059e+00
1.508308987310246430e+00
1.452050763898562691e+00
1.375098412606748699e+00
1.368912520890313234e+00
1.412795700935275622e+00
1.436223592429996865e+00
1.588265453727333965e+00
1.637171056925312396e+00
1.610621709769551657e+00
1.727642363082511290e+00
1.600718866086414449e+00
1.431936359856598173e+00
1.636153870482325745e+00
1.428321856213689012e+00
1.545992296523271969e+00
1.509702018933474443e+00
1.492609508334336921e+00
1.554588024780349409e+00
1.478779841469253231e+00
1.620171466877783351e+00
1.538283053013901780e+00
1.491828197861257088e+00
1.469989191336658951e+00
1.548907175951199200e+00
1.553102016107050787e+00
1.341133610668840737e+00
1.220756084845308287e+00
1.191147545432275745e+00
1.220048824371875673e+00
1.199908471514730568e+00
1.166006882928968924e+00
1.109387687113923660e+00
1.051393943567150435e+00
1.094637392749675309e+00
1.255639932416252824e+00
1.118789600612104085e+00
1.288600384742067284e+00
1.127095189566510225e+00
1.453396198117603566e+00
1.639022149662457073e+00
1.557599875499320774e+00
1.468855694359740172e+00
1.659352809059762013e+00
1.706515705431543850e+00
1.681059942397986839e+00
1.650831076828163324e+00
1.745218244356233184e+00
1.688735392313501782e+00
1.357147958580085190e+00
1.544732135135875151e+00
1.432152560036626721e+00
1.565442619072081154e+00
1.566336747374470040e+00
1.613535544402919575e+00
1.698976255746476260e+00
1.752875818978788303e+00
1.748441867044083331e+00
1.692775539343109870e+00
1.608829896656538194e+00
1.537788491957280623e+00
1.524626869086520786e+00
1.723974664208680396e+00
