6.031565971695669960e-07
5.130644415687480864e-01
7.160311573371868077e-01
8.921237660482049803e-01
9.300763905455420311e-01
8.294408828309774995e-01
8.397563872784472583e-01
1.075894559623686186e+00
1.138842954051477729e+00
9.135144672141375377e-01
9.902433712336738969e-01
8.332126327394667742e-01
1.082780118141463799e+00
1.082357300896058305e+00
1.059843314431950345e+00
1.240104339014887147e+00
1.370208249810684453e+00
1.608095460191258264e+00
1.435339846968842759e+00
1.455959684036868262e+00
1.402879091578697945e+00
1.513463621405213066e+00
1.758066784311167696e+00
1.880782888021503840e+00
1.855543482413258172e+00
2.010765557074963628e+00
2.133737448243655965e+00
2.180380549068659857e+00
2.139343152655232672e+00
2.296770103347176573e+00
2.302461999196375064e+00
2.457165860141761193e+00
2.329604262142592752e+00
2.504037718160384784e+00
2.460369957889438464e+00
2.243631420793548159e+00
2.225450491205431369e+00
2.087809350179779422e+00
2.091185899392230763e+00
2.071077016487864686e+00
1.927540420747069216e+00
1.867347665006753088e+00
2.226900793580803839e+00
2.187139007730257934e+00
2.034907023933572479e+00
2.218745398770439969e+00
2.349502318105182397e+00
2.071038815973893499e+00
1.932812365268684829e+00
2.224911295547535417e+00
2.284590158590098063e+00
2.328150618811335892e+00
2.599506734980435052e+00
2.533269258325439033e+00
2.720797379056684395e+00
2.659192335619226188e+00
2.942259523573571123e+00
2.770670461274605589e+00
2.790056440689975936e+00
2.591576004233005825e+00
2.870320056856461299e+00
2.845441566153376733e+00
2.740864710340171762e+00
2.900224375596672566e+00
2.803345290355874209e+00
3.044006854563882758e+00
2.945605885674617674e+00
2.855454774542366625e+00
2.935307464646843556e+00
2.970575407480607222e+00
2.978073227552228364e+00
2.921961634665177776e+00
2.913116514703117055e+00
3.035988797308364795e+00
3.047775388114870587e+00
2.873546577529532797e+00
2.943759406369520715e+00
3.061703101577205377e+00
3.214450814987996008e+00
3.289391201258186737e+00
3.271583638526247562e+00
2.974282255632436200e+00
2.850027128909865759e+00
2.926116625742209543e+00
3.117606748695407770e+00
3.114990602517828222e+00
3.252660698059349098e+00
3.231143388944147876e+00
3.481724959987746448e+00
3.545129978268548587e+00
3.506971248148782028e+00
3.538366941510400210e+00
3.445165864293181279e+00
3.430072350224208311e+00
3.440645653860414654e+00
3.516016857609788548e+00
3.526265412922474862e+00
3.633947902269370367e+00
3.593521852353130708e+00
3.842881242172712319e+00
