2.132480599880017890e-07
5.597804892391790021e-01
4.464507684268084753e-01
5.494306749072283003e-01
5.123895415252455177e-01
4.998792335605107828e-01
6.984751027644999777e-01
7.486502708377937854e-01
8.051373728736905822e-01
7.316108139942465449e-01
8.603237036784768810e-01
9.468615148763938061e-01
8.776860478203039051e-01
1.089733376686140121e+00
8.264124534094344776e-01
9.281050161057484704e-01
7.882313953443688126e-01
7.180283658323438623e-01
8.540755227689966755e-01
8.185682888282121983e-01
7.286713136140474667e-01
6.527105439889244742e-01
7.999922062431623626e-01
9.173446751021101520e-01
1.016209108656469073e+00
9.034333120324735678e-01
8.071674204928928065e-01
7.973901305630287650e-01
9.225260572373829016e-01
9.547171946264366715e-01
1.034634298031387845e+00
1.068786389206519249e+00
1.014226574188991314e+00
9.148819347339520736e-01
7.992766393636172584e-01
8.927728456044803362e-01
8.140790045511294704e-01
8.280590632232861514e-01
8.115983222677159992e-01
7.310761212504301998e-01
8.086864083034669415e-01
7.246472098961241892e-01
9.801310817995898539e-01
7.369385514563506767e-01
7.409332625310253162e-01
8.450402369519360857e-01
9.322423684295393365e-01
1.059675051634269671e+00
9.392236382474367096e-01
9.392170243155634202e-01
1.009500906837974998e+00
9.474451804837390467e-01
1.015366857849154147e+00
1.113123571759879082e+00
9.971443177266637869e-01
1.255478055788168845e+00
1.214870356485997061e+00
1.192000789969852370e+00
1.160077224480172253e+00
1.099639995433475237e+00
1.152220569887159485e+00
1.083118101372306352e+00
1.208187877563742685e+00
1.178323450644369164e+00
1.085405782876295744e+00
1.181659760589906183e+00
1.080588764889246267e+00
9.838409467934540187e-01
9.504400550502877243e-01
9.209771299379907461e-01
9.187338474512697362e-01
9.290433583877245605e-01
9.857143009216385865e-01
9.949351878721253151e-01
9.725880651424810841e-01
9.435145335924769450e-01
9.261190002401553656e-01
8.735615576384218040e-01
9.448903402207252666e-01
9.929261146065799792e-01
1.055984546693740311e+00
1.064077715889675479e+00
9.570846855424693933e-01
9.349217501717053125e-01
1.015201665740443238e+00
8.957437757748645257e-01
8.872191765835830690e-01
9.153977971501734423e-01
8.782597445163022876e-01
8.882523603390252154e-01
1.007019742533555862e+00
1.031411495175460935e+00
1.120543510243817265e+00
1.310897727976185534e+00
1.353196955879183871e+00
1.324285310957205919e+00
1.280644984409761600e+00
1.313557186326572257e+00
1.307241128842578481e+00
1.361878828121033003e+00
