1.507891492923917490e-07
3.630888119589309460e-01
4.524939254916139353e-01
6.953884965617649350e-01
7.262527213836659223e-01
6.237356413455567017e-01
1.064706018903685658e+00
1.170439684358248966e+00
1.268659055603092556e+00
1.197227501474497302e+00
1.233349097642934433e+00
1.176791158216011324e+00
1.202644565840585766e+00
1.090895397251886445e+00
1.177126568735635814e+00
1.276196952102742310e+00
1.185315053792600937e+00
8.964473376722097431e-01
1.066788952586443129e+00
1.060192287023226321e+00
1.313071384840447831e+00
1.251020513076139151e+00
1.220169553988067923e+00
1.218351320287121897e+00
1.208250395686709888e+00
1.204168493627681302e+00
1.278016329241652871e+00
1.217316803810757353e+00
1.295542559300552066e+00
1.278922754785531968e+00
1.278497214551726158e+00
1.474827671386495620e+00
1.469616157146267144e+00
1.651508106209729654e+00
1.645611762922843724e+00
1.807259619648142968e+00
1.944886804931159174e+00
1.908889900024414166e+00
1.860703178113982892e+00
1.754126748747002695e+00
1.571707017496861924e+00
1.681253080096186237e+00
1.892829197999231550e+00
1.816613767023296910e+00
1.784623772971170474e+00
2.075352534518222658e+00
2.036911900514304374e+00
1.851685062662428161e+00
1.761407588508780986e+00
1.768340217477966103e+00
1.717973811504321269e+00
1.710235386586908435e+00
1.736999229103876496e+00
1.611699682656561494e+00
1.574706113997355938e+00
1.607194693576254219e+00
1.448627871915932896e+00
1.572076100952152666e+00
1.624498096514569445e+00
1.548477690764562098e+00
1.572021284763718940e+00
1.605449145736466576e+00
1.740673717032282797e+00
2.019166361590835734e+00
1.718984737777064842e+00
1.610497426671010146e+00
1.633410621772638072e+00
1.565310191439208243e+00
1.552583181799515932e+00
1.460072518192064850e+00
1.377131624099388718e+00
1.384739267280598929e+00
1.269009935004768330e+00
1.510204287394456335e+00
1.411193889264854784e+00
1.434122640631900314e+00
1.469187383333129926e+00
1.371774191462971304e+00
1.460376136131041669e+00
1.347230372204985649e+00
1.554866462271993433e+00
1.512743555471047330e+00
1.428280496542440492e+00
1.587647200514322510e+00
1.594896645077790609e+00
1.449326843391250064e+00
1.582221736149563407e+00
1.509491505153450319e+00
1.458624007326195349e+00
1.435954793939882235e+00
1.271397777431191534e+00
1.238542051087575979e+00
1.355616912758052628e+00
1.199888597674259927e+00
1.203851962821331556e+00
1.099259020596409675e+00
9.961389490564036553e-01
1.009173528281934296e+00
9.866143967700738981e-01
1.144619986607189999e+00
