4.264961199760035779e-07
4.725715678214315041e-01
5.948469783146705936e-01
6.221028900117496763e-01
8.119511887213947121e-01
8.671467844574749506e-01
9.230551995878221172e-01
1.011141035283506406e+00
1.241447176625413151e+00
1.282906446680379675e+00
1.327170787813747088e+00
1.318370262042404484e+00
1.333890721313801819e+00
1.314635123435117015e+00
1.435515358032808830e+00
1.420757603993627383e+00
1.398045301357389025e+00
1.568865533322654437e+00
1.498520757302058248e+00
1.385487494886996629e+00
1.551950567757066413e+00
1.363669782095789929e+00
1.640702485921143428e+00
1.599629097394079436e+00
1.532948015847381384e+00
1.386835171525681698e+00
1.700598659191684403e+00
1.870998421417183977e+00
1.879933978161753005e+00
1.919120494823243206e+00
1.960081698696447106e+00
2.000829833682819192e+00
1.948199514483235584e+00
1.892993073053810038e+00
1.850485553839232633e+00
2.112143164104911985e+00
1.996512138609659370e+00
2.137742384727001621e+00
2.095136041147036998e+00
2.157370565549852959e+00
2.047957976763215449e+00
2.019478996583770947e+00
1.834222541123745387e+00
1.859001928748953425e+00
1.750383500999034725e+00
1.793953086632667615e+00
1.775279924126910824e+00
1.761597745807668591e+00
2.052030916301926133e+00
1.806090491727403435e+00
2.113399558557894853e+00
2.128286671093302385e+00
2.336355159083991495e+00
2.319559537740177646e+00
2.364439525326158975e+00
2.231480751438260413e+00
2.058716837100702968e+00
2.134295364932409012e+00
2.262948529537574860e+00
2.395120074541621680e+00
2.326141873692607831e+00
2.503582269371323221e+00
2.424583996663987495e+00
2.392263658974191465e+00
2.399398993478758069e+00
2.429951843399963618e+00
2.246105962906843168e+00
2.169488328224084217e+00
2.107161459042859342e+00
2.040001159921018381e+00
2.193351589171006477e+00
2.175660977398777618e+00
2.193301526031710580e+00
2.208087993678800931e+00
2.277607666048736768e+00
2.325616716743662771e+00
2.201179725089191574e+00
2.324329013589425674e+00
2.269781054960588573e+00
2.236799195285601449e+00
2.157559715137549183e+00
2.256057988221297883e+00
2.365092036449855328e+00
2.329785331095278522e+00
2.314099966768658589e+00
2.335961651629553160e+00
2.447079438761509795e+00
2.417395254730017484e+00
2.494098066139843528e+00
2.467988272018279527e+00
2.360264816275189581e+00
2.430006559095030827e+00
2.273632260084361700e+00
2.409299958646724082e+00
2.372809884853035456e+00
2.293594213296180850e+00
2.394941296648128048e+00
2.462148181865312591e+00
2.173440863789967370e+00
2.237094189057962090e+00
