2.132480599880017890e-07
6.989882776504993123e-01
7.092375312142091826e-01
8.714584647153608143e-01
9.331457963857693327e-01
1.026474507052631102e+00
1.076313159855120771e+00
1.262693754111076982e+00
1.127401016428153158e+00
1.086236826917071907e+00
1.212362970812721041e+00
1.242578868859068431e+00
1.326685991711044066e+00
1.462464014634776044e+00
1.528895233104975881e+00
1.658937056673609467e+00
1.502060672976020639e+00
1.571945812917462160e+00
1.390926884679859032e+00
1.339467490215953793e+00
1.232247928853482888e+00
1.328744589542170784e+00
1.413977277989765913e+00
1.584403573302453516e+00
1.569058843870595465e+00
1.316100232123329050e+00
1.211497588085127974e+00
1.349273273090563663e+00
1.484312268417674829e+00
1.435289654657807557e+00
1.516932864888591803e+00
1.484235822639576208e+00
1.741607083644555409e+00
1.824597962581447907e+00
1.847590483514387261e+00
1.908923964621833225e+00
1.912999185498687638e+00
1.785494050136708033e+00
1.652002600494925755e+00
1.875915453240518893e+00
1.877473038311637810e+00
2.109120058341028781e+00
2.098321429226464474e+00
2.048803376647511776e+00
2.179483547917922426e+00
2.079390923740646713e+00
1.979632244483082282e+00
2.132949949840609705e+00
2.000642707255185559e+00
1.865598013574951031e+00
1.912613167789636526e+00
1.960716676920058577e+00
1.910393150886091185e+00
1.891830728039756604e+00
1.831275777043632536e+00
1.874457164797112219e+00
1.936362182543320154e+00
1.875716420096785519e+00
1.738722826314584191e+00
1.908322520720518112e+00
2.112248461975506419e+00
2.045383779829857307e+00
1.947886088045791331e+00
1.859889935962508734e+00
2.166122357223880357e+00
2.252929558174523006e+00
1.992217861623689190e+00
2.026285515667324511e+00
2.151855474922051314e+00
2.326795529507074800e+00
2.334221347065271956e+00
2.172930111761143035e+00
2.270670210887386631e+00
2.146036233674471383e+00
1.997243109506902536e+00
2.230005703040132126e+00
2.378989859199939438e+00
2.405251161226176215e+00
2.452654775786308416e+00
2.406373150376047487e+00
2.381798383668495500e+00
2.268382902857352779e+00
2.193852577820361027e+00
2.255513223686572477e+00
2.424309939823309445e+00
2.400674250549688526e+00
2.442030513919603241e+00
2.591433376887593454e+00
2.668461154491662324e+00
2.713399350417361244e+00
2.557839679179044090e+00
2.591539705529080972e+00
2.641167444147396015e+00
2.681138094458629606e+00
2.688438111445755840e+00
2.606235719041912091e+00
2.574624996282005807e+00
2.504161055926533486e+00
2.539042260042155164e+00
2.631732949200601190e+00
