3.693564745147149106e-07
5.672472021512416918e-01
6.233793070160812411e-01
8.666518077709812751e-01
9.583183454623533937e-01
1.108160319401948035e+00
1.113099014923856211e+00
1.142745547652921134e+00
1.166731018323649671e+00
1.082557209564594780e+00
1.166939517223409162e+00
1.175605915662139678e+00
1.310987038533848237e+00
1.371162776877482781e+00
1.314380434902250316e+00
1.408242185473886465e+00
1.529861763033805611e+00
1.432264936693510959e+00
1.502200214046568894e+00
1.638671817577884937e+00
1.458768742098621063e+00
1.238264483175763431e+00
1.237934350634258607e+00
1.537981794345908204e+00
1.437385944305892949e+00
1.729477964097309917e+00
1.639743720216331191e+00
1.465139480879680267e+00
1.752838854645187183e+00
1.706859493906112135e+00
1.659606922192383260e+00
1.671399167384285844e+00
2.012608073914939677e+00
1.883233384164570312e+00
2.025072626086227512e+00
2.259657877242233770e+00
2.303911510351305481e+00
2.128220056241628910e+00
2.136986685257550977e+00
2.152808322493560578e+00
2.313340124652868646e+00
2.591104655071811091e+00
2.563090705374773570e+00
2.559448219078564790e+00
2.385814270192387454e+00
2.370249800593013489e+00
2.522189063169030021e+00
2.551941673150727397e+00
2.555519493070309345e+00
2.545598721536478148e+00
2.451638812892752206e+00
2.177420605726974046e+00
2.448936237328697807e+00
2.406728903188614321e+00
2.494790498907047294e+00
2.488209609559192792e+00
2.540196887706493989e+00
2.472859303974665579e+00
2.376495090052243242e+00
2.369898441476292472e+00
2.310381422286861941e+00
2.385799611382347418e+00
2.590279627415001951e+00
2.674781303879139038e+00
2.701784012875763086e+00
2.550500652135588187e+00
2.495678114751871846e+00
2.610745655176850644e+00
2.727013987162260733e+00
2.617477997089344921e+00
2.821115597558153887e+00
2.701532539267864852e+00
3.100555848557870586e+00
2.982344453259786921e+00
2.936612870635297412e+00
2.914924815879835762e+00
2.917182082443845914e+00
2.932447071916841175e+00
3.091744670226242775e+00
2.892328048703310728e+00
2.882998358269964090e+00
2.852676861245709183e+00
2.744720270441983523e+00
2.786992747391079828e+00
2.678302026799142865e+00
2.777422245090553243e+00
2.699953463307037893e+00
2.577585281968790998e+00
2.681041115199800817e+00
2.735141175403735581e+00
2.726431926949206108e+00
2.932840449439333863e+00
3.054016935716553860e+00
2.902822024843463300e+00
3.047531473048314510e+00
3.028475032071610062e+00
2.997744376330821581e+00
3.061398016173622949e+00
3.067764402945006630e+00
3.030858080235774743e+00
