0.000000000000000000e+00
3.869713816812072604e-01
4.822073878738948327e-01
7.087008014857800742e-01
6.817989935260529988e-01
7.136872668655867002e-01
9.067765532183815758e-01
9.177690624630704397e-01
8.812293964063033780e-01
1.082727146366309734e+00
1.202569901053824220e+00
1.288552522366467556e+00
1.493893603236357670e+00
1.248076589798020386e+00
1.232288658787314750e+00
1.207202046075096291e+00
1.558219878455019192e+00
1.762386155164620938e+00
1.829207463323826444e+00
1.855820720454280925e+00
2.176957290753607221e+00
2.002009888247757274e+00
1.974736220138096687e+00
2.051874620810112848e+00
1.855292519388699768e+00
2.072890487575369534e+00
2.311355444668343306e+00
2.011529039135981023e+00
1.981634180175988691e+00
1.890441489346825321e+00
1.987992264140446164e+00
1.873020116069558760e+00
1.801864026865805490e+00
1.935352353779588253e+00
1.745599422868304718e+00
1.861182276648267075e+00
1.874534442718313043e+00
1.980426518654027745e+00
1.915710545186353642e+00
2.132612939584660250e+00
2.146921403164609554e+00
1.970133091508763368e+00
1.764302969401793320e+00
2.026127802816243495e+00
1.601771396008997206e+00
2.067454089001099948e+00
2.099388051502422137e+00
1.961536371357976760e+00
2.299635956469541220e+00
2.249605251512648785e+00
2.257802303083194850e+00
2.276657130067688772e+00
2.233292652730076711e+00
2.142422006341876628e+00
2.111749709749789705e+00
2.324778844447101367e+00
2.502145307762416060e+00
2.731850662421012821e+00
2.676796947770133439e+00
2.657993005171640277e+00
2.686936586589486531e+00
2.517255614752329951e+00
2.549093170678077946e+00
2.646636754098123490e+00
2.938561740372949593e+00
2.995137509169231826e+00
2.986026071909945845e+00
3.171568734881824447e+00
3.186704333199027239e+00
3.262172680455766915e+00
3.236821397317361182e+00
3.181306042777867216e+00
3.118033431125380783e+00
2.866838779415889160e+00
2.916799135425124145e+00
2.771874624365823436e+00
2.783622161854038879e+00
2.641297857134574212e+00
2.585909773800836753e+00
2.782340738985002115e+00
2.668965446078492842e+00
2.403541566534205476e+00
2.246079123468477601e+00
2.275421360024489914e+00
2.138883177103620969e+00
2.310039936189017595e+00
2.312163704016199528e+00
2.152072693980332296e+00
2.256391598028392842e+00
2.325975726816467137e+00
2.278381650225098198e+00
2.185309916734181623e+00
2.067286538624228953e+00
2.193886355406618360e+00
2.178747379452805166e+00
2.284627098576124560e+00
2.335155127356151272e+00
2.377807419442345083e+00
2.288982541020341710e+00
2.464711364987876241e+00
