0.000000000000000000e+00
6.150599198497580522e-01
6.246546784954635223e-01
5.964006855213147551e-01
5.069913376461128163e-01
7.115065612761398706e-01
7.647319796732634511e-01
6.025460162859529456e-01
6.905526413644605954e-01
6.357611128779903087e-01
7.071433637887334367e-01
5.725420665811840060e-01
6.036910349593634928e-01
7.594500665145055285e-01
1.014929000288031569e+00
1.123810282402457394e+00
9.176693472799185569e-01
9.265200286141265229e-01
1.221495976944164230e+00
1.103411170271356712e+00
1.199549680986930156e+00
1.159031534909055861e+00
1.239348023185356640e+00
1.359489979716040464e+00
1.126688395653530295e+00
1.175610650314397043e+00
1.368232651690223456e+00
1.336550977491443248e+00
1.402734744546122903e+00
1.395183581421389318e+00
1.472157852001459322e+00
1.405489703141165503e+00
1.418061170875224875e+00
1.406089335838829557e+00
1.394296287615291563e+00
1.368397482990116210e+00
1.555270210890994820e+00
1.353368696075849087e+00
1.246245338036064298e+00
1.206889976243920692e+00
1.436287785408915108e+00
1.396814434859960485e+00
1.414957727679033717e+00
1.679366127714552404e+00
1.669528841668833197e+00
1.582154866120020209e+00
1.522385329823239264e+00
1.565920294498886589e+00
1.468231384902784598e+00
1.525947065759965193e+00
1.875371918603707666e+00
1.919878586784605545e+00
1.957566546805530328e+00
1.896604492148947996e+00
2.050096871616938099e+00
2.047889845063642689e+00
1.931692973647873401e+00
2.235521442991128538e+00
2.277369130402530750e+00
2.256088725440899889e+00
2.291843356151432864e+00
2.259184164839909581e+00
2.256896992555205816e+00
2.201604100575189182e+00
2.067968699813393485e+00
2.012363177069406817e+00
1.875442556071390321e+00
2.173262444375667179e+00
2.024044340038516854e+00
2.122459840648982077e+00
1.797319323287852377e+00
1.891022770402857267e+00
1.995341886413964927e+00
2.370499360692616797e+00
2.114296270720291471e+00
2.068586655958286169e+00
2.010794716155769102e+00
2.121402805365962596e+00
2.004555160207384112e+00
2.164868916029461854e+00
2.247672556821440182e+00
2.308520442480345825e+00
2.412227444591607206e+00
2.316000827633754255e+00
2.195321814009077777e+00
2.134921456754034441e+00
2.203541770040100989e+00
2.376841773117979173e+00
2.383177475753239349e+00
2.426690556634422347e+00
2.271077567188087176e+00
2.170187332510350231e+00
2.217235563880599614e+00
2.576063546056805986e+00
2.432338041253409688e+00
2.555654339734103608e+00
2.504274459976187472e+00
2.397471334228905349e+00
2.563920921176864542e+00
2.685262411525008108e+00
