4.264961199760035779e-07
5.069236970801733744e-01
5.572373212913335205e-01
5.924797152433276537e-01
7.847080042318325122e-01
8.045867563726030181e-01
9.505538596710407795e-01
1.117991429515745150e+00
1.249383103751670721e+00
1.251081033378030671e+00
1.362374578685940252e+00
1.510640770027060764e+00
1.544867819514886609e+00
1.524860153896903325e+00
1.545019057978779253e+00
1.664715042808376344e+00
1.648833809093845915e+00
1.573927829047517379e+00
1.715188751245047882e+00
1.700156665546306956e+00
1.895102634542103148e+00
1.814784356669803200e+00
1.742128533465436169e+00
1.823341371442529724e+00
1.780093553568887099e+00
1.883773290130684064e+00
1.924086759450935435e+00
1.998595959880007600e+00
2.032366061098772825e+00
1.914591178668649363e+00
1.941838766280262751e+00
2.053190467724338220e+00
2.119900456770584363e+00
2.223221390350198057e+00
2.188201122308378377e+00
2.291476284404442509e+00
2.227131211910285735e+00
2.304119495421072195e+00
2.495347852458920102e+00
2.165567085142400483e+00
2.202259332376551804e+00
2.155049373041082905e+00
2.255076010416585675e+00
2.325624047419654339e+00
2.449409423699283828e+00
2.424544094515170389e+00
2.378237307346043217e+00
2.425741345230969515e+00
2.643852269495675422e+00
2.456135342747708172e+00
2.577892144101192606e+00
2.539051747210954613e+00
2.597992406642300800e+00
2.631766009710104104e+00
2.768362708881188627e+00
2.685220855893483360e+00
2.728963354502827343e+00
2.708777443785376882e+00
2.678988465752364156e+00
2.678357999682889456e+00
2.695159062073956058e+00
2.764629931179190425e+00
2.607249198113851474e+00
2.523088467708931582e+00
2.409673095414889055e+00
2.536893723713137927e+00
2.442789862791865829e+00
2.430981216245102328e+00
2.432245534051238778e+00
2.268404886719691760e+00
2.207440031751517484e+00
2.134761180901482813e+00
2.132884892333848370e+00
2.165458639183281520e+00
2.295638939204929230e+00
2.067371545296773583e+00
1.978117303063904098e+00
1.789309054182459668e+00
1.948667644974188207e+00
1.911954017094323888e+00
1.785438864123844338e+00
1.793379961612681983e+00
1.744596940756756753e+00
1.942493861971517299e+00
1.924474068365550350e+00
1.845281845777690499e+00
1.964202245587890028e+00
1.970234394665707045e+00
2.106343811201844218e+00
2.240512785337620993e+00
2.133647333150203274e+00
2.125010971455968622e+00
2.041063436678631771e+00
1.850818502220890283e+00
2.013113228139737032e+00
2.221536149702066254e+00
2.254963257965478807e+00
2.151405936893329596e+00
1.996764663956660746e+00
1.935988147456783715e+00
