1.507891492923917490e-07
4.880927757286393498e-01
4.506870570506179563e-01
6.630460182002342329e-01
7.502544746953651034e-01
7.390120992541494571e-01
8.089766346557450971e-01
7.655386640822781086e-01
7.370571243956119956e-01
7.849066563786517570e-01
7.283504427814642135e-01
8.246572392974745869e-01
7.124420780348302840e-01
8.321653584037960183e-01
7.572344434971826077e-01
9.599768308072290646e-01
1.156096424178437276e+00
1.203086602685475626e+00
1.157369385799439376e+00
1.034499584451290755e+00
1.228718867335855558e+00
1.369149368074201734e+00
1.436945737182532712e+00
1.494757335593995817e+00
1.583710412526015965e+00
1.402119447792583351e+00
1.597479561624270739e+00
1.611506880156930999e+00
1.651257681918095743e+00
1.717363792726795735e+00
1.628808524230128452e+00
1.532130562625971582e+00
1.712113684446437745e+00
1.666678565834067038e+00
1.626352432250601776e+00
1.708832894242253930e+00
1.564179555516427067e+00
1.609762000889411349e+00
1.602821472909796929e+00
1.593327507170380075e+00
1.631223415630358664e+00
1.747081451263815755e+00
1.878823071257450961e+00
2.055081658734736028e+00
2.021763385859215223e+00
2.027473644949836284e+00
2.165527611612929615e+00
2.073864559370241611e+00
1.958993194597981491e+00
2.076129383552100638e+00
2.042381984623401703e+00
2.129162894285741903e+00
2.072709822046559847e+00
2.089465775762097799e+00
2.033313354685216012e+00
2.060952598009878844e+00
2.177566138402036611e+00
2.019020157970199847e+00
2.056582515389515198e+00
1.904248737646113021e+00
1.963737599597826788e+00
2.099718838019509537e+00
2.247729719584442787e+00
2.157775191796007963e+00
2.133114630495459796e+00
2.166010714311251029e+00
2.225578081976960831e+00
2.160746151228043033e+00
2.278296494574910458e+00
2.005504219608885474e+00
1.936094998655885080e+00
2.008275037612454739e+00
1.863148256809626702e+00
2.088817188263738522e+00
2.204979120886839006e+00
2.241825802223689212e+00
2.035923706574130243e+00
2.151109280010364611e+00
2.044658269480302160e+00
2.078965369909593797e+00
2.124904818639528514e+00
2.092032402596385232e+00
2.038356590958845249e+00
2.174279993448811066e+00
2.085604377809956222e+00
2.242185901000338877e+00
2.296187034491480983e+00
2.175461213786365811e+00
1.924029608252251444e+00
1.880149273073479455e+00
1.928722850241625153e+00
2.046009192783276642e+00
1.971698246944077360e+00
2.063078571733764743e+00
1.989040657737536577e+00
2.034991017572744365e+00
1.997167364066740669e+00
1.835454172868057121e+00
1.762024233213298707e+00
1.907576887605755056e+00
