2.132480599880017890e-07
4.308577538764263859e-01
4.738230067445018956e-01
4.091133889170613935e-01
5.473434985694041188e-01
5.238033763564265977e-01
7.678823195333399632e-01
6.208928696195715746e-01
7.340899259037925173e-01
5.770768279772412468e-01
7.674736622532366548e-01
6.029808396922907709e-01
8.271560579006852487e-01
9.150004697051322688e-01
8.856165987292026198e-01
8.257595486839681698e-01
8.162862818891025718e-01
7.900700102963142957e-01
8.004354604436061393e-01
7.597376164682655419e-01
8.395775275401565763e-01
8.795748920070967092e-01
7.829769710762354284e-01
6.616843068255141569e-01
7.281251485293163128e-01
8.255530012368661463e-01
8.859531877070028205e-01
9.171346861025823083e-01
7.888949417477250092e-01
7.889789200864358865e-01
7.867662353980374723e-01
9.004688216937426493e-01
8.764462408665827375e-01
9.052422773223073316e-01
1.037494725347924529e+00
1.131919312781504594e+00
1.110530302068796216e+00
1.147672042738200782e+00
1.168499995548832882e+00
1.245275621605327343e+00
1.328611884908200036e+00
1.260019802777556874e+00
1.102445818362074892e+00
1.155123770894243229e+00
1.064431093442513632e+00
1.141993359842063072e+00
1.140070048151031301e+00
1.270198256952938198e+00
1.354872092870910372e+00
1.277109709265527471e+00
1.319667638072745897e+00
1.426481684466767597e+00
1.410944966899581043e+00
1.276799082590893475e+00
1.256363301042863645e+00
1.433532143826105054e+00
1.246937534127520175e+00
1.283558976401761420e+00
1.298531014502469771e+00
1.458653345786930400e+00
1.524040334594976454e+00
1.565238838714450464e+00
1.553320152181928426e+00
1.449085005542568361e+00
1.336025407658247177e+00
1.419131677565282246e+00
1.361098859714579667e+00
1.391959692664640924e+00
1.366995086208786514e+00
1.613609504894567115e+00
1.508896103487077367e+00
1.413956194319259563e+00
1.582693457558469463e+00
1.519108424306550909e+00
1.685954967789404346e+00
1.629111327717224444e+00
1.722472538610386072e+00
1.672479068952021475e+00
1.527931555929241236e+00
1.489192283960466545e+00
1.620497545985684962e+00
1.848323565408079627e+00
1.754990023928419518e+00
1.952496790350644051e+00
1.871161850170939944e+00
2.034379784694519966e+00
1.826436380771287560e+00
1.889738111872588222e+00
1.791541028641926658e+00
1.637300204464959608e+00
1.815571821174016609e+00
1.801971082446082395e+00
1.876562081632715318e+00
1.810375735644182971e+00
1.886329912668004871e+00
1.829354762249229438e+00
1.725910289403122189e+00
1.587411242207631634e+00
1.642737803195918778e+00
1.537319616788789700e+00
