1.507891492923917490e-07
5.774034655083469803e-01
7.379980464279928265e-01
7.555420505899639316e-01
5.318002742862717458e-01
5.734302651754626945e-01
7.773306867901135231e-01
8.044791531826850361e-01
7.502088360017301616e-01
7.949201039212798747e-01
7.855643959589662106e-01
7.631966992429176644e-01
9.085363842135308898e-01
1.019281405871235613e+00
8.533505880952011458e-01
9.406650609030721144e-01
1.086966791580283642e+00
1.083565718272001321e+00
1.331222496604636873e+00
1.190808049484667119e+00
1.300473545543069820e+00
1.367195501002288038e+00
1.243354885737261162e+00
1.189378622007198461e+00
1.072515543306566288e+00
1.155695812038170844e+00
1.418397366384457126e+00
1.349528404269260129e+00
1.417833200300812502e+00
1.174524414302787312e+00
1.105155752906853861e+00
9.507894816852148212e-01
1.007040802036612392e+00
1.267721914528044058e+00
1.098514840782459867e+00
1.471145892303577396e+00
1.482402026794145122e+00
1.476248699169238510e+00
1.571225899920311031e+00
1.588653318886044330e+00
1.601964450143985585e+00
1.545559903482984332e+00
1.788603753093532367e+00
1.612788010187119703e+00
1.575724289870882533e+00
1.783138674923893552e+00
1.845098516001735689e+00
1.965774914336731127e+00
1.779642575021498585e+00
1.841711891658206035e+00
1.987521938784120756e+00
2.305990147687802860e+00
2.236210449025954006e+00
2.304954528990797336e+00
2.246870450442319367e+00
2.187620066558507492e+00
2.163377889278208510e+00
2.002045821968538863e+00
2.139649685986211747e+00
2.118694855875864924e+00
2.067566445045523782e+00
2.087486586247949472e+00
2.112704890964558491e+00
2.236698783280025804e+00
2.410218445628949713e+00
2.352334896011296639e+00
2.317301345619650732e+00
2.377107146985488750e+00
2.383320741792412711e+00
2.425715371792997566e+00
2.501101708397629242e+00
2.481601886138533164e+00
2.390579019700665331e+00
2.529520431630864152e+00
2.240358578752543295e+00
2.103953332095135575e+00
2.124098624382368516e+00
1.996634461877380806e+00
2.152661626330188760e+00
1.987983973867145204e+00
1.968231054014065284e+00
1.925594041986520288e+00
1.771056237075809614e+00
1.838359594922014839e+00
1.793907410808497582e+00
1.707784977033127483e+00
1.962424322145682520e+00
1.758003603249468361e+00
1.512811959227759129e+00
1.550962971686298708e+00
1.572312966100971821e+00
1.571160182543168249e+00
1.445715735390478818e+00
1.546179823314544732e+00
1.702823402004951525e+00
1.645728066008805390e+00
1.725462954546724825e+00
1.477514628768622273e+00
1.579194591257780056e+00
1.608252220900389995e+00
