3.015782985847834980e-07
3.951067428663049275e-01
4.708539353994706800e-01
6.809069917906171998e-01
6.983617491015911005e-01
8.392792196611829070e-01
1.017877371800579134e+00
1.016341320194056985e+00
1.087701635344241691e+00
1.040906284351958755e+00
1.041552157236262044e+00
9.865124424479770893e-01
1.014974330454612383e+00
1.003296528805938337e+00
1.007333236978791735e+00
1.030851345203326996e+00
1.066132484214398435e+00
1.133268308086193166e+00
1.298967746964574621e+00
1.291148333308506091e+00
1.239160716581520605e+00
1.137425929747184261e+00
1.278857250641623811e+00
1.218712282891724286e+00
1.279637012359794879e+00
1.280895603596633903e+00
1.229948413667323548e+00
1.314181186239265831e+00
1.426910387257863233e+00
1.446202021661403103e+00
1.445198904255304173e+00
1.492193932249762156e+00
1.277462378875484639e+00
1.311262658714727136e+00
1.179803650817166538e+00
1.040447111880126840e+00
1.129850108566333500e+00
1.337508449408109978e+00
1.373525362053197973e+00
1.485945335504319287e+00
1.381347235352689440e+00
1.577316975390578691e+00
1.503284464786426744e+00
1.645622514342831577e+00
1.598130616633350876e+00
1.653708988003097957e+00
1.690558323124422335e+00
1.807203674977009067e+00
1.928665594970103481e+00
1.811949569326239518e+00
1.924242139551069375e+00
2.050724518848484834e+00
2.156292688600711660e+00
1.843247056317699473e+00
1.991931217756087946e+00
1.930670005984813420e+00
2.068540476504872938e+00
2.049807493731363284e+00
2.267014177607849845e+00
2.346449165663386349e+00
2.406778445692405732e+00
2.176458582361981975e+00
2.397682752754427771e+00
2.368243484348849570e+00
2.491727119753492481e+00
2.522446325856474214e+00
2.365217093336521526e+00
2.693325300909128917e+00
2.532332191519044873e+00
2.690148361925885023e+00
2.938588824467241345e+00
2.883622329267883089e+00
2.945950716352625953e+00
2.930717168973947295e+00
2.755770122435545311e+00
2.739271296859597360e+00
2.878048132242835955e+00
2.664274284529825287e+00
2.574192472821239530e+00
2.754640330242194235e+00
2.965778947108050012e+00
2.651778560886224323e+00
2.791080633675236289e+00
2.921569328282780820e+00
2.881444054702779756e+00
2.633575941438709656e+00
2.745629907825168914e+00
2.725347715442031138e+00
2.819645745468502884e+00
2.897102035483963611e+00
3.027521208185294022e+00
3.072806791072149490e+00
2.922731134201990599e+00
2.959816843249066576e+00
3.014148724636600107e+00
3.016772619003063038e+00
3.089943142344858451e+00
3.091192863735168661e+00
3.077371003441677466e+00
2.743741403503560772e+00
