0.000000000000000000e+00
5.184143236568728996e-01
5.959450913210510015e-01
5.855522845431129220e-01
7.080121452118620651e-01
7.378193829471397791e-01
8.599682248225445358e-01
1.089884661913786079e+00
1.098850142271502017e+00
9.741075092397575297e-01
1.100460796893738102e+00
1.004912230650231386e+00
1.148994830427836122e+00
1.306688755569794580e+00
1.383368038177517301e+00
1.591483463290930711e+00
1.495651491975861003e+00
1.331870567878591372e+00
1.199571991606121157e+00
1.348819084960398706e+00
1.367454558963028255e+00
1.407612337353260967e+00
1.301109050692599745e+00
1.366170566816029552e+00
1.243254339981617829e+00
1.216501085623387102e+00
1.233453917155940216e+00
1.196178874745367882e+00
1.252539733130264787e+00
1.373733799788158016e+00
1.262553879328450313e+00
1.320286748978341418e+00
1.382457182932386397e+00
1.299572636678463233e+00
1.322966779140254401e+00
1.440974932013040721e+00
1.458090936637373325e+00
1.484466292596632986e+00
1.600238119857722019e+00
1.607917911240012598e+00
1.563796129843253446e+00
1.689725977924328992e+00
1.820374051451378650e+00
1.695702877695191679e+00
1.575249407265926882e+00
1.602984458032598036e+00
1.720325208661155791e+00
1.616913978164940202e+00
1.824587303821795903e+00
1.671338388665551511e+00
1.701060626474340420e+00
1.572848620163404876e+00
1.767904445978697225e+00
1.735827246122057632e+00
1.755643047088351505e+00
1.803705180980503142e+00
1.813703184979339245e+00
1.862629561896412822e+00
1.954022012442706568e+00
1.965467726211111543e+00
1.873157903126666302e+00
1.894825275066404968e+00
1.855650538864227928e+00
1.858649172210213640e+00
2.089349961728578009e+00
1.905757168915959809e+00
2.044109676732313918e+00
2.024421101312218862e+00
2.022740917668022220e+00
2.040945244513524326e+00
1.954059661177736551e+00
1.902127524529621860e+00
1.906023084550749092e+00
1.960874648532488385e+00
1.856147767894531286e+00
1.662857730391183120e+00
1.745096308518012673e+00
1.656652801019652399e+00
1.679162890625332860e+00
1.763885742035635307e+00
1.703791582258165072e+00
1.800549857833774192e+00
1.599931975796635708e+00
1.496575338083262707e+00
1.364576240495823267e+00
1.412399825232425243e+00
1.361891835479116297e+00
1.321361675925944335e+00
1.500588701294788052e+00
1.636046990134061518e+00
1.457189620638519534e+00
1.577905670567422369e+00
1.629179960668775795e+00
1.679531294293971522e+00
1.856221453274906841e+00
1.964529594817630231e+00
2.064525888167138223e+00
2.072859622607300611e+00
2.123106175218285596e+00
1.941097525540555369e+00
