0.000000000000000000e+00
5.314167066884183388e-01
7.312891755867305665e-01
8.779269071754788323e-01
1.011098082720256697e+00
1.014873746558137890e+00
1.059991049020027498e+00
1.065897955483473103e+00
1.108204156217360348e+00
1.023867623756341771e+00
1.079298770914296268e+00
1.174801148832629316e+00
9.946295693239513014e-01
1.076189402843523935e+00
1.100272313328237939e+00
1.217781033758120746e+00
1.388232918194455934e+00
1.298412918731056687e+00
1.305778371909866564e+00
1.222215820923490348e+00
1.253001361411147707e+00
1.150000080897292998e+00
1.369144798319580358e+00
1.244793431513014026e+00
1.194907851971747759e+00
1.336560296507875778e+00
1.229381541484451335e+00
1.103598961340515494e+00
9.870286208900652669e-01
1.285233888123838319e+00
1.356308334173473407e+00
1.244308006150363521e+00
1.332874036716383825e+00
1.276222258742161442e+00
1.360677028831924762e+00
1.374169007293586597e+00
1.427753732409634990e+00
1.268441725955226529e+00
1.226543223796002335e+00
1.475053219057587350e+00
1.347118538166071300e+00
1.443305267370347034e+00
1.536704159899979549e+00
1.330363320700970631e+00
1.260280328777334757e+00
1.510611157648954261e+00
1.780332069424530816e+00
1.627907857155161508e+00
1.381426571799115433e+00
1.264178199005901337e+00
1.402828770300331929e+00
1.353994498438281902e+00
1.614644752438611830e+00
1.660245189459929493e+00
1.594374421435371669e+00
1.482170373723570300e+00
1.725611522934375808e+00
1.559774267838983652e+00
1.636748602459396462e+00
1.705201229160849152e+00
1.622698170884806279e+00
1.646743008243261919e+00
1.639636818008462393e+00
1.858057714016576822e+00
1.836817828853295032e+00
1.802839104622411037e+00
2.002759718380621390e+00
2.046124673930141746e+00
2.077044256248152809e+00
1.893301814008890416e+00
1.854486041255369866e+00
1.932831955357342313e+00
1.801182758792766681e+00
1.938220064310088864e+00
1.960466037084211965e+00
1.904823050324289779e+00
1.875388194170605649e+00
2.020088215283468269e+00
2.107820022769782753e+00
1.961230227491264078e+00
2.003472716605385617e+00
1.900244586450619666e+00
1.839336834099122076e+00
1.783371750271035561e+00
1.907924446484625891e+00
1.797019135781361410e+00
1.809616830992357484e+00
1.682796440566639795e+00
1.678148210619361702e+00
1.739140921509944704e+00
1.928453409439740751e+00
1.955023330898520539e+00
1.911546663877762064e+00
1.912274936936264158e+00
1.824417559687184331e+00
1.615552269032177746e+00
1.650400329246049846e+00
1.861157010528045497e+00
1.947081056039353442e+00
1.998517052241273850e+00
