1.507891492923917490e-07
3.935450394951054975e-01
4.567828815720073599e-01
5.473370368064789382e-01
6.521928299936186058e-01
8.432994142283518624e-01
6.883960515219059717e-01
6.992892318808509033e-01
9.273884924103206195e-01
9.288808705441828906e-01
1.171615025141320210e+00
1.196677981259886003e+00
1.327963902166524601e+00
1.332669890678055857e+00
9.867801341809921967e-01
8.923892907614918713e-01
1.037223394354211070e+00
1.193343864570316493e+00
1.146812129747015740e+00
1.015407727532626980e+00
9.173421803302437283e-01
7.941527271871229310e-01
8.970627217162899791e-01
7.179865022142339903e-01
8.287435510008834827e-01
9.877143887116256460e-01
8.934300468868552336e-01
9.160603336660615437e-01
1.029517330170690137e+00
1.061485369986148619e+00
9.384791365907085847e-01
8.090203535607640717e-01
8.708187096954950190e-01
6.888881581431808288e-01
9.380913594360661412e-01
9.712470222809922449e-01
9.391583850646161302e-01
1.053407983718201768e+00
1.231351922660910425e+00
1.150361014198130194e+00
1.187426061954782286e+00
1.431666125677207413e+00
1.326521866450387277e+00
1.463121786493404741e+00
1.500612654750680175e+00
1.373657765462456881e+00
1.365075351146142646e+00
1.261427511243957245e+00
1.171052386053324623e+00
1.185036775708665058e+00
1.234721810263983199e+00
1.344201738327038154e+00
1.227666448586211878e+00
1.143598685726565201e+00
1.134901596972251125e+00
1.128976528096124810e+00
1.033696504868904409e+00
1.053743241293074950e+00
9.246833104667153691e-01
8.716800445914920648e-01
7.830640011787232124e-01
8.835485636075558480e-01
8.888088403007616822e-01
1.057457778098293444e+00
9.032738027650336621e-01
9.738371514664985185e-01
9.835518031587354715e-01
1.051864236891836057e+00
8.996245149238163430e-01
1.002506099048526833e+00
8.468287635060639529e-01
1.017171939914518708e+00
1.067388611433894630e+00
1.167528374916392719e+00
1.059965395157443480e+00
1.065711813734981916e+00
9.466041539850257314e-01
9.016977076438017491e-01
8.860322927040700236e-01
7.503971934275136535e-01
6.569068467043064352e-01
6.750844568433652659e-01
8.111663483314156542e-01
7.621468039101720882e-01
9.829654573391132244e-01
8.630146144469202918e-01
8.930644161396311675e-01
9.100961681835501027e-01
1.158564968065662004e+00
1.151807912772700782e+00
1.113193985917348749e+00
9.111505008442314368e-01
9.560982842126823922e-01
7.332554298785475266e-01
8.040981233422950236e-01
7.824390577499423793e-01
8.161186043228044751e-01
9.797361466596689050e-01
7.760179213463125336e-01
1.070260147119199257e+00
