1.507891492923917490e-07
4.386812362090291018e-01
6.991711896211020294e-01
7.762823263039888566e-01
8.664422528247716082e-01
9.037941526245987234e-01
1.205248482053817405e+00
1.201596505250601687e+00
1.338179797857123710e+00
1.586151398569851878e+00
1.642811934787795858e+00
1.753036809515167826e+00
1.547598745570883949e+00
1.623704902734794064e+00
1.510806973285289789e+00
1.709680742724550173e+00
2.025443172098803313e+00
1.816535015731632452e+00
1.905006969192403421e+00
1.851805866637517450e+00
1.673750007919478699e+00
1.621923039020741975e+00
1.659123435745285757e+00
1.796283109413515655e+00
1.965371208477304510e+00
2.212460578250407650e+00
2.109414423065083977e+00
2.125290345120405266e+00
2.302481368762490987e+00
2.450638635832524059e+00
2.399988004248189810e+00
2.520250575076378396e+00
2.627660953888490525e+00
2.549221488962669202e+00
2.748622282554306295e+00
2.634251457480026648e+00
2.507617704871844655e+00
2.613815606924545953e+00
2.802537898015744933e+00
2.838142948437486712e+00
2.893386183760764396e+00
2.922882644405878860e+00
2.837763575358489110e+00
3.205169719010897644e+00
3.085367954187491879e+00
3.115999410429906025e+00
2.942236032013245239e+00
2.784960212901609999e+00
2.793376044740208286e+00
2.836390098536753612e+00
2.921060843736975166e+00
3.034942086649302428e+00
3.152245848008572437e+00
3.258262706849923696e+00
3.152936511026005029e+00
3.158916081959597388e+00
3.024385873291416171e+00
3.089906686906221722e+00
3.112539966237254596e+00
2.952439559444243855e+00
2.837267489684914157e+00
2.812140707835359077e+00
2.642665845220391940e+00
2.892818384947140053e+00
2.847475698388611587e+00
2.693798468853152439e+00
2.788569454208352116e+00
3.046609177897466214e+00
2.925883131058385711e+00
3.115258925244801524e+00
3.273118758330071376e+00
3.327743163093574097e+00
3.427348522564370725e+00
3.194188965383526035e+00
3.099972608232517413e+00
3.175287458292973319e+00
3.332012848514981140e+00
3.281463039347668253e+00
3.330311121457401047e+00
3.426222131326811748e+00
3.350359134353911195e+00
3.523814683721610219e+00
3.625367553991549752e+00
3.670975231848000675e+00
3.813989425369129549e+00
3.946383253776171163e+00
3.717863752900384622e+00
3.691884393640766149e+00
3.749322367206020523e+00
3.640002310848709399e+00
3.681196578488846072e+00
3.440514296871181710e+00
3.534464158642210307e+00
3.345986603762975964e+00
3.360515717790390600e+00
3.117683855900221790e+00
3.354628665124876896e+00
3.292748569278567405e+00
3.297863867219545497e+00
3.241814182393230936e+00
