2.132480599880017890e-07
4.152375740152414729e-01
3.970952277999932889e-01
6.522949040691181644e-01
6.291191740397373833e-01
6.266318149400822435e-01
5.676379156905901890e-01
5.677930300328695168e-01
5.557971083326934680e-01
6.445403246599057390e-01
6.193267936625341807e-01
6.255929887731148664e-01
5.773637467036437654e-01
6.592004094391309410e-01
7.245073833339189529e-01
7.778119841650139588e-01
6.479748319587289584e-01
8.393331779141581794e-01
7.841617017464199701e-01
8.217241381171398462e-01
9.255479834606601397e-01
9.246585000790954467e-01
1.014249558164225018e+00
7.784037606388246600e-01
8.211382601288699234e-01
8.737067552347947963e-01
9.871403103889624386e-01
9.269254679249183670e-01
7.265065149104260600e-01
7.492574493462044183e-01
7.430815106087269584e-01
7.558479032074041370e-01
8.265231575800735531e-01
9.199605400320705062e-01
9.185818263400045147e-01
9.702409337740621753e-01
9.087073180104487946e-01
1.137551674632419685e+00
1.400611252205942403e+00
1.283575577485959629e+00
1.388997613856336466e+00
1.291536306575802762e+00
1.307275164483772567e+00
1.207765374133878522e+00
1.261982123584754811e+00
1.403819227145225002e+00
1.364634845328266177e+00
1.489677913404396037e+00
1.335307487559837414e+00
1.415110987619625282e+00
1.413000396386933311e+00
1.444260765267101121e+00
1.728002229964852310e+00
1.624265556391548460e+00
1.608193659518536434e+00
1.607032476617108685e+00
1.634421921763556940e+00
1.613862847711011739e+00
1.698037298118661109e+00
1.741944977784412041e+00
1.549428671782086875e+00
1.489754503754756820e+00
1.670418855593257090e+00
1.684550414941878183e+00
1.674401844499222136e+00
1.693931588328231541e+00
1.628398043930507022e+00
1.640597695840612769e+00
1.508928094054139635e+00
1.481355815187292535e+00
1.682198250251544680e+00
1.722439135743439653e+00
1.737409005524408911e+00
1.894323127164713849e+00
1.719887399970178254e+00
1.518156867077290473e+00
1.430496102097104316e+00
1.557266886015455043e+00
1.589942385801190738e+00
1.692654028910104858e+00
1.595154992887655832e+00
1.461248475149568682e+00
1.541664241795561496e+00
1.551241990393456227e+00
1.556583994472576338e+00
1.630361788534491652e+00
1.748786357876987996e+00
1.759556674100840157e+00
1.756217889410928823e+00
1.758082808441467026e+00
1.746660600044205314e+00
1.773611513152873131e+00
1.730152604093298851e+00
1.771464587288571479e+00
1.829774008362172522e+00
1.608000708966304870e+00
1.481987127622023781e+00
1.640736143029916549e+00
1.714139990682134407e+00
1.694171216462441842e+00
