8.259061849445711103e-07
5.021724171271492176e-01
6.481531944922150901e-01
6.987527506398717447e-01
9.662250865326144078e-01
8.995193648814974186e-01
8.927735616023459997e-01
1.039489519490381930e+00
9.136161308703102391e-01
9.972817921786267803e-01
1.270247787173450549e+00
1.206820441625696461e+00
1.130457739679978646e+00
1.179641480897172023e+00
1.327645396825908763e+00
1.186699664616915229e+00
1.249085598527466257e+00
1.142956963540885162e+00
1.258061613317589700e+00
1.374311503384591626e+00
1.681044295173808045e+00
1.562015867297696481e+00
1.793606979560418813e+00
1.871773108911433336e+00
1.466214507606139250e+00
1.389894362815897066e+00
1.449770691848217830e+00
1.546910396330929194e+00
1.299257378821821129e+00
1.443288444210063970e+00
1.424738940953818922e+00
1.374275265559862680e+00
1.636622432511174452e+00
1.619425967968315838e+00
1.529981883780253016e+00
1.585006488863840657e+00
1.762810324580574628e+00
1.705193022814086135e+00
1.623485707520472276e+00
1.733454200760821573e+00
1.699390960008635876e+00
1.712997786920803067e+00
1.792171719260215124e+00
1.771494602943485930e+00
1.714213912544853891e+00
1.727954927815831931e+00
1.964737156382259542e+00
2.002852660238802596e+00
2.092848882681834333e+00
2.119057338694232406e+00
2.113939529123420424e+00
2.245798437317074736e+00
2.025722960873461709e+00
2.060959179798026231e+00
2.112028920025352807e+00
2.169157080440359486e+00
2.200830051860690695e+00
2.441783169380275620e+00
2.582086574963537551e+00
2.227181707123873089e+00
2.554098742968959890e+00
2.866961087182585910e+00
2.855794369703844815e+00
3.041136420645615512e+00
2.998774971002990508e+00
3.017954542631829273e+00
3.189100678353972818e+00
3.273605573734038821e+00
3.341900333212215912e+00
3.283865600096674164e+00
3.062615785737895724e+00
3.010671259770276720e+00
2.926940606749444562e+00
3.209515165224557265e+00
3.211121390465641046e+00
3.057694509007030881e+00
3.056468095817837849e+00
3.100228080676624476e+00
3.097239917692983457e+00
2.849703525634424750e+00
2.607557040764568068e+00
2.628641658294931016e+00
2.437621644774579988e+00
2.407414541548758891e+00
2.387942291419839602e+00
2.577330819299464615e+00
2.536299167840988744e+00
2.624383432232183733e+00
2.558297274969667079e+00
2.671775198830316000e+00
2.620356092027472883e+00
2.601918967260177240e+00
2.502965888733549527e+00
2.576160227004802739e+00
2.722653221554099279e+00
2.821165914636581729e+00
2.817887940631912613e+00
2.578986966438726824e+00
2.880806242817609775e+00
3.040591304186779809e+00
