4.768371582031250000e-07
5.299013973504340669e-01
5.405646886282207131e-01
5.744120707535033121e-01
6.853373993037935596e-01
7.345766365119690278e-01
7.072014943071505133e-01
7.878753859732738896e-01
6.542839603862874442e-01
6.785470254055465666e-01
7.810468089163100647e-01
7.290335441108241055e-01
7.637797714617304834e-01
8.091013377059782519e-01
1.075791907279234572e+00
1.069752451798805293e+00
1.013467979600609858e+00
9.027267943920048721e-01
9.307890932836314635e-01
1.124268745479865217e+00
1.091435840018315950e+00
1.131457643308819261e+00
1.266559181409083967e+00
1.237782146975620501e+00
1.254369882567235583e+00
1.268825818420959761e+00
1.374781401308249551e+00
1.375352115824747035e+00
1.346374261828030106e+00
1.319354597670211460e+00
1.498061364104373405e+00
1.415279661401468214e+00
1.505292218612067190e+00
1.387363948694787519e+00
1.229812503088647313e+00
1.293857346415078213e+00
1.374912268432936235e+00
1.566770332051532266e+00
1.405439454238424757e+00
1.406470767907477049e+00
1.374256681442242334e+00
1.265598924916189860e+00
1.428959731051406390e+00
1.347612221300914959e+00
1.699426561976518535e+00
1.710674973063313287e+00
1.734831361712175113e+00
1.829512643894968482e+00
1.697086299614221749e+00
1.597703218680650128e+00
1.467388993628374161e+00
1.431693921344748377e+00
1.439103827577028261e+00
1.469076974195482110e+00
1.640098575516112600e+00
1.614077173765236628e+00
1.608692699518282421e+00
1.644016589309277077e+00
1.491260674190001856e+00
1.639144770904169102e+00
1.649302608093838884e+00
1.434343685064153107e+00
1.643302625646371196e+00
1.652917539887589937e+00
1.498131970938966440e+00
1.407199021585929355e+00
1.259279876618621952e+00
1.269622836979107605e+00
1.408267239699346085e+00
1.361192418009645300e+00
1.375402792556337905e+00
1.318423342249893659e+00
1.342323851913533428e+00
1.523298833607303449e+00
1.501957255902878652e+00
1.445071566762695880e+00
1.522056531410166169e+00
1.569277310404875836e+00
1.433680971563120687e+00
1.457384463198359237e+00
1.509886982463787275e+00
1.570934201026704446e+00
1.742720573609921386e+00
1.879484172682455601e+00
2.134481419248984047e+00
1.965454268438585173e+00
2.121184060352017564e+00
2.015310356793829971e+00
2.248600403806571002e+00
2.082251137272467023e+00
2.035012441755606361e+00
2.143214214678623719e+00
1.992347407415901328e+00
2.047963260573566924e+00
2.220351227944944661e+00
2.359405039953207606e+00
2.238156282740352943e+00
2.351426465370926699e+00
2.160025918575274151e+00
2.237968550059916240e+00
