7.979011788693194987e-07
3.865944203250325506e-01
6.577815780242693977e-01
8.364550647668559380e-01
8.594998309235166722e-01
8.676159184464010687e-01
1.043913459569101310e+00
9.770485829543269496e-01
1.172995479777771077e+00
1.201316578887565711e+00
1.151210654995058480e+00
1.443380714357295425e+00
1.410137249645216473e+00
1.192533238127255091e+00
1.330324937728575074e+00
1.309839121362277092e+00
1.339467156629730038e+00
1.353335625383961682e+00
1.148547213395848532e+00
1.307385668787233390e+00
1.331104199069533145e+00
1.237984083112045663e+00
1.220477352768045920e+00
1.156886655391303309e+00
1.271069213341884607e+00
1.247887778984069662e+00
1.382151347340947023e+00
1.482591412872902525e+00
1.375946737563594757e+00
1.474263423548515473e+00
1.447350742347474073e+00
1.500856056020921425e+00
1.614142737041359466e+00
1.712001073313034194e+00
1.843093313068639771e+00
1.941102647470721143e+00
1.908514141443801604e+00
1.837249436082093679e+00
1.957043744887266623e+00
1.940365918096370379e+00
1.791066114458247149e+00
1.840648561689815388e+00
1.641600645992580931e+00
1.570728143470486060e+00
1.327398291678410613e+00
1.356733270509227207e+00
1.211236041486115411e+00
1.219136568637991358e+00
1.180115470143474399e+00
1.403721386070263311e+00
1.530886604972507836e+00
1.545526701878424225e+00
1.390843355515609003e+00
1.512455940543506738e+00
1.700469755664949290e+00
1.413840089147339940e+00
1.365124840836190900e+00
1.626921548394262951e+00
1.676824244635422456e+00
1.577446311441895732e+00
1.665348501554016147e+00
1.708012439076153077e+00
1.500329741972353581e+00
1.406467832528970563e+00
1.440852165451537603e+00
1.388344826036772783e+00
1.365350552035244469e+00
1.643568605465795640e+00
1.497451673602852695e+00
1.726224300318142113e+00
1.865361146555074567e+00
1.742806681674721414e+00
1.906676720922896306e+00
1.598948849913516490e+00
1.682248709418471710e+00
1.677183134670667819e+00
1.597385344472627366e+00
1.485063473223270147e+00
1.601558701905586357e+00
1.787414086409449432e+00
1.727110358381159338e+00
1.582079441963419653e+00
1.607094389489916786e+00
1.588313616517231353e+00
1.486479615277688904e+00
1.510566675080232457e+00
1.491043305961257781e+00
1.625823721197690697e+00
1.472117336693834933e+00
1.820606141866715877e+00
1.515493861333706560e+00
1.738224788110922292e+00
1.788626818718249023e+00
1.858359456573193125e+00
1.528925934431856426e+00
1.856128903221125892e+00
1.823947114551027981e+00
1.860278652970477786e+00
2.016034636200273233e+00
2.167021704941885396e+00
