2.132480599880017890e-07
4.428556610472089150e-01
5.628230107183304076e-01
4.583758927055885390e-01
6.359785913202570251e-01
9.148921830243426090e-01
1.028477661650484931e+00
8.516225893543647452e-01
9.433268160058486673e-01
9.668438743370939559e-01
1.105806764438276080e+00
1.173120011069688662e+00
1.044152256754623309e+00
1.220049342870848541e+00
1.269536970077915106e+00
1.103097844908939251e+00
1.205563119974460307e+00
1.228790482269965789e+00
1.326386765122780087e+00
1.380080188148572695e+00
1.279108076364666058e+00
1.437545784342917354e+00
1.544029627100143021e+00
1.562641976567775037e+00
1.564940152273456953e+00
1.666136164363763550e+00
1.627967822728364267e+00
1.676861121755220285e+00
1.670848230601535755e+00
1.775656141559099677e+00
1.875744898667510041e+00
2.007923610950213433e+00
2.080765516535185267e+00
2.157795279037446168e+00
2.108092280751748593e+00
2.389961284364687799e+00
2.360943042068854414e+00
2.555163866609263756e+00
2.637173492649953932e+00
2.578649065174269950e+00
2.725557109113437182e+00
2.594364183113686551e+00
2.736789807515721318e+00
2.456794047763917632e+00
2.551505938481232416e+00
2.671508592963841355e+00
2.647034886767706485e+00
2.722829705824884261e+00
2.859724540857017328e+00
2.718591935718523089e+00
2.590286958713408527e+00
2.486585856168033182e+00
2.622667410769506713e+00
2.631908895920470837e+00
2.494667054924786687e+00
2.535938642402610466e+00
2.578459496939660589e+00
2.546698684337926455e+00
2.652006766461153298e+00
2.762014108215749442e+00
2.743951519607054301e+00
2.620029175579574598e+00
2.746981973747174788e+00
2.803860669350382917e+00
2.682403669361751231e+00
2.619413385054329080e+00
2.525577186200011592e+00
2.592665345415909428e+00
2.570158127498032297e+00
2.637591749546044806e+00
2.629347504061548602e+00
2.793679522029898887e+00
3.011673157418815361e+00
2.976629180101672656e+00
3.074776596910885562e+00
3.001184903940579574e+00
2.989034577290324624e+00
2.994898637126504060e+00
2.921687150638605956e+00
2.729802766550755155e+00
2.565268203636853706e+00
2.617428775034942756e+00
2.705367050031952658e+00
2.599928836313934344e+00
2.634568051394347243e+00
2.531642738386226110e+00
2.649933957834391229e+00
2.858921587555184551e+00
3.007150227309665080e+00
2.838495022803693590e+00
2.874404084302478957e+00
2.951997704473737993e+00
3.066313116725268628e+00
3.100654155138918178e+00
3.145566423101175513e+00
3.174653415565158898e+00
3.191003085556904040e+00
3.189173421427618837e+00
3.061764016012538114e+00
3.095511852680193687e+00
