6.031565971695669960e-07
4.349678857846645541e-01
5.518468340274924611e-01
7.171420070392432455e-01
6.918787418828434843e-01
8.066333024593131951e-01
9.742922198511215770e-01
1.093885748236522293e+00
1.161457964533250564e+00
1.046767376359899693e+00
1.015728953007190905e+00
1.022994242942220522e+00
1.239924975857886080e+00
1.432665400258978927e+00
1.287450479555862781e+00
1.250372315275077861e+00
1.423635447485544825e+00
1.505991192391509026e+00
1.838279858170165371e+00
1.648822438944139934e+00
1.719068468961103990e+00
2.079462313934453910e+00
1.928754369087255061e+00
1.879401574730009905e+00
2.116870556187571584e+00
2.148450136743342398e+00
2.281068132277818794e+00
2.314420741598048892e+00
2.274502615841407227e+00
2.152396774920902534e+00
2.243408793390176736e+00
2.046906243474468479e+00
2.169545395228413387e+00
2.221817230772098473e+00
2.485000551626491472e+00
2.380140978837032240e+00
2.512464559633993400e+00
2.547358831237683141e+00
2.668918717632535742e+00
2.637568745502030243e+00
2.452316753957777262e+00
2.515774376893716191e+00
2.725951415185497329e+00
2.886111368421684809e+00
2.688182228076773317e+00
2.558809308717236330e+00
2.316854932625938002e+00
2.280998299269304752e+00
2.426948091392427731e+00
2.508478333865177934e+00
2.369528565142836829e+00
1.964819553672346064e+00
1.747213917626733171e+00
1.625664801570355422e+00
1.607091078680479290e+00
1.655080972182919608e+00
1.444735736622703826e+00
1.336090754091216803e+00
1.417786286937490203e+00
1.501010578256623429e+00
1.712539783946936289e+00
1.888989965072681354e+00
1.775437132517166949e+00
1.915652199059776128e+00
1.976091698168550348e+00
2.071932501578069186e+00
1.914710497074360918e+00
1.791422658698919923e+00
1.699476172314986044e+00
1.620064623235269785e+00
1.734745752091742865e+00
1.782717268026214885e+00
1.799216478120902796e+00
1.793342651662165999e+00
1.695409035999140723e+00
1.622592771839155068e+00
1.604703101363743167e+00
1.805069179425643933e+00
1.698705964404994218e+00
1.675740444654211236e+00
1.728864490461532455e+00
1.438039962177990017e+00
1.381950522111997204e+00
1.284188833496057613e+00
1.296508543251208012e+00
1.211042839066646781e+00
1.152532951573976838e+00
1.070933717270849517e+00
1.054651294986448606e+00
1.328083527362858396e+00
1.243190964308736879e+00
1.511862874302025483e+00
1.635732105178169471e+00
1.632644507552712065e+00
1.725629672428768968e+00
1.465431833375660631e+00
1.328949383233134496e+00
1.442143152836059761e+00
1.750499167332628447e+00
1.755170870257747984e+00
