0.000000000000000000e+00
3.682546408451428110e-01
6.413612347396946411e-01
7.078361111779276627e-01
9.529114507940905643e-01
8.319741566389324827e-01
6.847196163952845582e-01
1.047060211043206790e+00
1.076691234523690976e+00
1.198128844576638041e+00
1.223033773034703398e+00
1.179711537634537288e+00
1.060516624163561072e+00
1.348153383324439236e+00
1.406239269397255853e+00
1.259717615022451165e+00
1.250897256507290667e+00
1.618353686052308005e+00
1.635362880066029367e+00
1.742386214670740285e+00
1.705105096746507787e+00
1.611301720904622758e+00
1.835720773047121002e+00
1.623815717690532567e+00
1.565744736566749840e+00
1.729236060931364394e+00
1.478165188538586694e+00
1.628394714322705994e+00
1.629370516281059444e+00
1.730278247209934728e+00
1.752114513246435301e+00
1.668099308553593785e+00
1.778178094895972450e+00
1.807583343652107821e+00
1.913634010652998318e+00
1.895985892538442741e+00
1.871280964065038299e+00
1.851161941364809271e+00
1.726208386645989412e+00
1.809130741464096026e+00
1.786922629536467078e+00
1.797716659919873949e+00
1.917549101026534197e+00
2.026365574452956508e+00
2.143369023844859278e+00
2.118783793899206014e+00
2.107772092895082938e+00
2.041367179787382025e+00
2.099436399259267727e+00
2.094582508329527748e+00
2.143478687294853469e+00
2.022426753928235676e+00
1.881311793129249343e+00
1.754951862819760455e+00
1.817194809956545587e+00
1.862495937147071068e+00
1.711722347538637390e+00
1.695359448933264623e+00
1.747926793319319216e+00
1.895099289189575043e+00
1.784930907001527345e+00
2.105175428195054543e+00
2.036588997380428978e+00
2.163125763213431973e+00
1.921710055929485073e+00
2.013643038017743692e+00
2.117443177198795823e+00
2.082589863769626071e+00
2.143181469897404323e+00
2.199265822132676185e+00
2.180926107544886694e+00
2.158720553000487818e+00
2.184044091282288935e+00
1.957059491531327300e+00
1.989320726339593781e+00
1.990937768983884970e+00
2.078868915251054439e+00
2.120974821568135216e+00
2.118126071027881974e+00
2.070587211524470561e+00
2.230510875758771494e+00
2.292809091086116968e+00
2.215007263817231564e+00
2.248313932243668489e+00
2.316212827106803207e+00
2.356109714256864773e+00
2.410828964594748935e+00
2.320336918075815102e+00
2.195470814272836968e+00
2.022932394272233037e+00
2.238100249717896340e+00
2.315382447199648919e+00
2.249973541699848756e+00
2.473874555482627802e+00
2.298174803550258716e+00
2.301374720203688273e+00
2.090615767312173467e+00
2.111152807472314485e+00
2.179535799761501913e+00
2.135143817482410000e+00
