3.015782985847834980e-07
4.316839379900050955e-01
6.476386091193874206e-01
8.098540371438770480e-01
8.770870983890798334e-01
9.244213709873513318e-01
9.128898265542617629e-01
1.073966971095135170e+00
1.006196836772389913e+00
9.755399143215804925e-01
8.621545398048300335e-01
9.931195262753117481e-01
8.578329059675929846e-01
8.831907914536376580e-01
1.098818692044374989e+00
1.208161915325850488e+00
1.297490052337308297e+00
1.293033298850894797e+00
1.386263451863157359e+00
1.473754393783335503e+00
1.363490607955166523e+00
1.364690972216621390e+00
1.442886471520262059e+00
1.424005148600694159e+00
1.484655416402860917e+00
1.460812905349418767e+00
1.503185287360210509e+00
1.766382701069729499e+00
1.548928729681466221e+00
1.476565810153631197e+00
1.459565959550163328e+00
1.349961292601991270e+00
1.250022612331777250e+00
1.454096544264144475e+00
1.442373444924587522e+00
1.434313884681225781e+00
1.410423202643891427e+00
1.634152787718098576e+00
1.729328972365413719e+00
1.661337131632013797e+00
1.865518161303872713e+00
1.999571321491875109e+00
1.864975759222104124e+00
1.803806409454060899e+00
2.132602802751213389e+00
2.060992281745371191e+00
2.318822857610556731e+00
2.345624532160741627e+00
2.408832752640670982e+00
2.469125337965698552e+00
2.542349077779512800e+00
2.405383479135258629e+00
2.157344230943157193e+00
2.298022091716053872e+00
2.042773924596331891e+00
2.085406900464257696e+00
2.387809113693757368e+00
2.239814458093787763e+00
2.126357317540914948e+00
2.229626921457114275e+00
2.480676199343144095e+00
2.405674096200418610e+00
2.437540782983964149e+00
2.144753587920519511e+00
2.061566441041228881e+00
2.135362932919221191e+00
2.266323499263487751e+00
2.249482146152482986e+00
2.283050721709749098e+00
2.056996300303704395e+00
2.184652036623260241e+00
2.490667084858339653e+00
2.322509761129129213e+00
2.336656360466311977e+00
2.407974499536360558e+00
2.570111636091914065e+00
2.733072621700364468e+00
2.485255606843778775e+00
2.666706583112929518e+00
2.711616414131331698e+00
3.049622621112528797e+00
3.030011755966594666e+00
2.959911213638127148e+00
2.728996205211458026e+00
2.623502805447042618e+00
2.918121725470470551e+00
3.004172353877096135e+00
3.163632578176676979e+00
3.063858159717859131e+00
3.042758634454724831e+00
2.922776182999203165e+00
2.922777263146326021e+00
3.001447559168869628e+00
2.867880242970762161e+00
2.667372144221039854e+00
2.606844476628351170e+00
2.860513761867831128e+00
2.837235945180472729e+00
2.894796461234014018e+00
2.704118447587248841e+00
