3.015782985847834980e-07
6.059911910967084037e-01
5.296104160228034541e-01
5.732716073186426842e-01
6.645499937740243501e-01
6.598519287770141517e-01
6.326624598692024426e-01
6.329952806549984379e-01
7.082027547174128967e-01
7.567568307993176591e-01
1.080805866268468529e+00
8.594847183774555477e-01
9.950450657580324210e-01
1.028705543384999865e+00
1.100665163200479135e+00
1.229762094391695149e+00
1.241697507293444636e+00
1.218060702184033506e+00
1.217319197136768283e+00
1.293716147873455347e+00
1.477904451107330486e+00
1.647561616081767877e+00
1.647894601851301655e+00
1.637018869465760584e+00
1.552457504944611433e+00
1.718942371306801054e+00
1.882821574149623700e+00
1.865442543180313884e+00
1.813284484201275193e+00
1.947142178621499964e+00
2.127418505992075382e+00
2.071703672781942895e+00
2.073862358989496446e+00
1.951070442816971173e+00
2.002318669834147080e+00
2.261782970011264382e+00
2.260080613530246474e+00
2.406260712044591799e+00
2.387054320105694849e+00
2.256064313893160644e+00
2.173386990500561833e+00
2.311818188769643179e+00
2.252680490747900333e+00
2.370118370520455375e+00
2.351138009967570941e+00
2.499275311060790372e+00
2.364220854974576902e+00
2.318159235902267579e+00
2.270384551071502166e+00
2.189147458030584747e+00
2.201080741103917049e+00
2.191456165596554762e+00
2.033494619130909342e+00
1.977301083922633262e+00
2.053045985448552546e+00
2.022827592236830618e+00
1.954471237263690320e+00
2.008910072353193854e+00
1.761382552890865538e+00
1.947551636477707016e+00
1.946374481547586299e+00
2.046892566034196559e+00
2.029957702974175326e+00
2.246827768874050779e+00
2.177201914615027434e+00
2.158674176406210066e+00
2.142479678757208017e+00
2.142445906857636029e+00
2.078467468466230539e+00
1.953254301516978320e+00
1.954051584356538918e+00
1.964369661485947383e+00
2.115686145372946747e+00
2.071609196421558163e+00
2.068937976754567476e+00
2.198033342866702267e+00
2.136015088901014547e+00
2.151166931877381394e+00
2.275227510898642613e+00
2.304948928950983245e+00
2.221650987733694294e+00
2.406132044584822438e+00
2.312345194703621321e+00
2.456566236145377946e+00
2.386337731606262391e+00
2.225480710005529605e+00
2.192687338287649279e+00
2.198810203159292431e+00
2.368829242972641858e+00
2.517331296528960038e+00
2.385472788550944134e+00
2.240726683917940054e+00
2.337657652922831009e+00
2.362745084157098496e+00
2.541615650434018381e+00
2.401733946423191046e+00
2.468769657651058491e+00
2.380993533140771667e+00
2.282429259445985625e+00
2.551549058609510201e+00
