1.507891492923917490e-07
5.016011397685364859e-01
6.099880234853117811e-01
6.824423355527253765e-01
7.198156450634073389e-01
9.374759354693601443e-01
8.213564850127893502e-01
9.346026741916358960e-01
9.879027812419681753e-01
9.398957714593398904e-01
7.769845343237754554e-01
9.538648721460316615e-01
1.103937001898544823e+00
9.839851247527868772e-01
1.032659484076110745e+00
1.031830832688286792e+00
8.870550685971166915e-01
1.065086933668087710e+00
8.850732579815163703e-01
8.296856230531360898e-01
1.062972662744411156e+00
9.422807222787447090e-01
9.714550900980025716e-01
1.075942425374208922e+00
1.107922915837218358e+00
1.188730935983613346e+00
1.233836299316733998e+00
1.189200720057270511e+00
1.145863989756655821e+00
1.109630157333494349e+00
1.247841744494265992e+00
1.251444452748271985e+00
1.334704908767332610e+00
1.206751581780711069e+00
1.159074486652581282e+00
1.157324992299757271e+00
1.374638239063408207e+00
1.247760467787247141e+00
1.377868333934685996e+00
1.521261043483678410e+00
1.264223546404950715e+00
1.375316564322524027e+00
1.384587000978696469e+00
1.543304506354753913e+00
1.578408365386151813e+00
1.513873637154185436e+00
1.585273751554889587e+00
1.681648852381991466e+00
1.726943997249234863e+00
1.678024432226714158e+00
1.794129417221496325e+00
1.774952393925097072e+00
1.770962944827439323e+00
1.793763992781799432e+00
1.884977115425564564e+00
1.711577180902695172e+00
1.922959442819140108e+00
1.746404224507966507e+00
1.712093589106647995e+00
1.881904934348090475e+00
1.814766576065619752e+00
1.646175743134830949e+00
1.715750482794729193e+00
1.709529090550920616e+00
1.823968868702523061e+00
1.741780119607055255e+00
1.641119747129718309e+00
1.623967906821301099e+00
1.565250123165962570e+00
1.651909058460049762e+00
1.709951496518530067e+00
1.636081058095542273e+00
1.639742153182948359e+00
1.622144030036820173e+00
1.693666918601233640e+00
1.528274149083109545e+00
1.527369665614749072e+00
1.573088766532458882e+00
1.574832411068814553e+00
1.633659541501150780e+00
1.674482656979047857e+00
1.535894069819928154e+00
1.585462661262130091e+00
1.608567471342820410e+00
1.546944399646992263e+00
1.519605279189932157e+00
1.608178362916397264e+00
1.547340922991930601e+00
1.420015210925106297e+00
1.516463473123364381e+00
1.468375578458313457e+00
1.503174793522053854e+00
1.569442080818943319e+00
1.289903509483627753e+00
1.317259836522753913e+00
1.263363536740790050e+00
1.287396488243268688e+00
1.316586413349328355e+00
1.364338610672715557e+00
1.384809092210820047e+00
