0.000000000000000000e+00
6.002118100182753935e-01
6.026436795446937777e-01
7.137376182933989899e-01
7.837907550170455373e-01
8.562803447711437865e-01
1.029165730878960350e+00
8.972616079163026059e-01
8.285292437834752555e-01
1.061437170560259657e+00
9.058680013629331063e-01
1.016335711798051378e+00
1.251647390579872621e+00
1.200161968010188485e+00
1.468544607893007559e+00
1.644015906942573935e+00
1.594441935041917002e+00
1.631645143399322206e+00
1.514230522899735698e+00
1.691643673686991756e+00
1.241032904988856211e+00
1.442441417582539298e+00
1.843479149620766977e+00
1.823500172321511847e+00
1.777181249738096991e+00
1.824385905232911886e+00
1.849137757794905079e+00
1.785231238630103023e+00
2.113245027224661232e+00
2.070816319259495053e+00
2.028101917703218238e+00
2.034896835378828595e+00
1.924137577381115793e+00
2.017151258059810992e+00
1.779513330512045410e+00
1.415199175486953065e+00
1.456667530929495413e+00
1.354692958209219977e+00
1.603657079460564683e+00
1.788022990027765768e+00
2.016247758813960012e+00
2.000079579610766434e+00
2.268063161414396234e+00
2.397797490928543329e+00
2.377097101454153094e+00
2.277558895471276212e+00
2.380854041635642737e+00
2.224511434654595554e+00
2.287040342775251478e+00
2.059863705074417073e+00
2.084792614860969451e+00
2.105505771044183128e+00
2.052657985370893723e+00
2.060661415806188224e+00
2.511228212530837833e+00
2.329492129933113720e+00
2.458560527282529051e+00
2.346853314323191775e+00
2.520841783538043668e+00
2.446163460949009938e+00
2.372894926554220962e+00
2.449381122283154522e+00
2.293492016472115314e+00
2.261475327396961887e+00
2.037636723353912327e+00
2.034474720645081280e+00
1.732795845776881061e+00
1.598584913504792260e+00
1.770705524910033191e+00
1.809964087895065576e+00
2.111579504762073789e+00
2.122969672198173008e+00
2.010390262398423555e+00
2.175312916927846896e+00
2.097234863190874599e+00
2.553025508807094557e+00
2.263735497711068856e+00
2.509490357695849827e+00
2.663636997880438617e+00
2.712107057988458081e+00
2.537280298080194729e+00
2.633185637512755140e+00
2.737677838199869207e+00
2.450343648538042540e+00
2.470154767584466171e+00
2.296352243589001141e+00
2.236012644004945482e+00
2.113225849673415979e+00
2.143221552703770794e+00
2.108055858971551899e+00
1.880145477676510080e+00
2.166246091530412254e+00
2.184741233121373138e+00
2.340544898546762731e+00
2.221627123529404724e+00
2.460920453160030608e+00
2.347570031572851601e+00
2.514073360899744536e+00
2.390525614717330605e+00
2.311680238023418710e+00
