1.507891492923917490e-07
7.492444056649030237e-01
1.000093633637560542e+00
9.400886176424561036e-01
1.197007862566396241e+00
1.213453253414893629e+00
1.350879261705042245e+00
1.496150266219234748e+00
1.567077957456541215e+00
1.445940310934514139e+00
1.512448161488659348e+00
1.394141888351756231e+00
1.642009156241613921e+00
1.613503188480737593e+00
1.862602915378394286e+00
1.955188964274627184e+00
1.987677329541805538e+00
1.920846868882797986e+00
1.748995854478036627e+00
1.935696360320952492e+00
1.834706091537991357e+00
1.863176158070191768e+00
1.839885883309064774e+00
1.912326992074593335e+00
1.724070543476332373e+00
1.630701489517913050e+00
1.573981723698692159e+00
1.643984165809472264e+00
1.727091524280703672e+00
1.785336755920475582e+00
1.844964133271031370e+00
1.772230225829274808e+00
1.845086965808501400e+00
2.109689274121874458e+00
2.104059096277596463e+00
2.045564379065648364e+00
2.231611873150459502e+00
2.254334764221546550e+00
2.234239596808735850e+00
2.523953523493957185e+00
2.524325800502995598e+00
2.510683389826820378e+00
2.326734293401932163e+00
2.223328301279304586e+00
2.415233509716461668e+00
2.361674183564916873e+00
2.389409894300008386e+00
2.194580738704630996e+00
2.155448814600366081e+00
1.909629242919798076e+00
1.951334066601602801e+00
2.078130979805451695e+00
2.045200324952824111e+00
2.035464780446015087e+00
2.139896909464511499e+00
2.032625403323923052e+00
1.851040091201178184e+00
1.880045806220606019e+00
1.941895829316625743e+00
1.939486612722460812e+00
1.812006110070461862e+00
1.875513308878465235e+00
1.797824152943631182e+00
1.943639012578044500e+00
2.191574715133715934e+00
2.020018864406278869e+00
2.101442188760706209e+00
2.175796397804036886e+00
2.137175266820795283e+00
2.148682719589254386e+00
2.228820407256608682e+00
2.167747679039626618e+00
2.092214751458551181e+00
2.132459101659200940e+00
2.237817315235224758e+00
2.081333723217180243e+00
2.099979038262288267e+00
2.052750548617404469e+00
2.163479994216257030e+00
2.211617005486527177e+00
2.007850205254329001e+00
2.127496693083026358e+00
2.112667863563149506e+00
2.110299261796423131e+00
1.935169097122644510e+00
2.136133813730994646e+00
2.200972463073451735e+00
2.306975432630024248e+00
2.320975404196113701e+00
2.246124164052466732e+00
2.366847371150135881e+00
2.239210892570468570e+00
2.184233309690147617e+00
2.231281385189700650e+00
2.301155267403698357e+00
2.483922103193838105e+00
2.496461214638250770e+00
2.611685201138154611e+00
2.521446997234991105e+00
2.389315273845674881e+00
