1.507891492923917490e-07
3.834296970285755446e-01
5.293833809413094338e-01
6.191421423582731398e-01
6.551981948972920300e-01
6.691406940615919341e-01
8.253142105584676536e-01
1.011433454922499253e+00
1.022609199527654944e+00
1.174685234965112679e+00
1.278700006233025599e+00
1.339024535099539115e+00
1.442417663524489191e+00
1.132376025151588861e+00
1.034361397011736683e+00
1.091981997792164982e+00
1.188734054195850431e+00
1.126809371698379580e+00
1.091318842700791381e+00
1.007471786051638007e+00
1.007446087112136457e+00
1.159235622613038919e+00
1.231822540179286385e+00
1.240573807465460421e+00
1.169249193447487567e+00
1.227806139688222720e+00
1.436145660443646221e+00
1.475901030469208175e+00
1.346540082459358967e+00
1.337247281882643080e+00
1.282591732505715898e+00
1.227778746374798002e+00
1.282099777332918800e+00
1.178513571360485068e+00
9.292214845650356159e-01
1.180971774179080835e+00
9.338521604041917223e-01
9.052156973319037681e-01
1.003185262571065994e+00
1.143321515092224905e+00
1.139367354082016170e+00
1.286180497518881083e+00
1.170348923451686396e+00
1.014122252262113166e+00
1.059808413648065661e+00
1.090192687498570345e+00
1.035740381448482683e+00
9.365294027723694015e-01
1.021533019614687898e+00
1.017242486785067790e+00
1.074341957556073757e+00
1.119282972431458578e+00
1.146138236477775685e+00
1.138753295372887164e+00
1.236988937034593894e+00
1.334159270669147412e+00
1.544068768507925071e+00
1.425129030206182978e+00
1.324166485461731213e+00
1.349054042803489617e+00
1.410891434364692554e+00
1.533990215322740935e+00
1.473571977607993411e+00
1.339258913441687460e+00
1.370871868933803972e+00
1.393648493972874824e+00
1.429234667668128012e+00
1.411146386294255928e+00
1.511446232041760096e+00
1.467721657020658599e+00
1.472128029128302762e+00
1.398666233927278180e+00
1.340704410884405506e+00
1.490378959280089566e+00
1.438198976866885914e+00
1.460843872979159075e+00
1.530700827270899733e+00
1.481948477390525598e+00
1.420382576524363616e+00
1.447129972199674208e+00
1.387027849403405177e+00
1.353936708730670402e+00
1.384256251475400878e+00
1.415923998317554888e+00
1.314963586672382556e+00
1.238221377711310023e+00
1.199002898079933876e+00
1.353897010571870396e+00
1.719704779043942144e+00
1.617704906726542990e+00
1.652520366845804389e+00
1.821383190534919372e+00
1.764242670187807116e+00
1.700665317463439186e+00
1.949329435885324369e+00
1.781115866097935818e+00
1.677447755439276156e+00
1.793267314971520587e+00
1.754048460748251381e+00
1.940905639602261701e+00
