1.507891492923917490e-07
4.422638993193496182e-01
4.832210171495913698e-01
5.944394903170435729e-01
6.596166866870081247e-01
6.338364937808361743e-01
5.524338041545363565e-01
7.107085884478314686e-01
6.957315022601517907e-01
6.656790648095655127e-01
6.630534130815157745e-01
8.032552722558483627e-01
8.261906297734078475e-01
6.566698600166581690e-01
7.663081745702733372e-01
8.872204620451680235e-01
9.676262267562067976e-01
1.055361995391461694e+00
8.446851296724456892e-01
1.068389549982331488e+00
1.041182382632998671e+00
1.156007313537180226e+00
1.152299012291347236e+00
1.299877827976274824e+00
1.090014101130105884e+00
9.165121447464013027e-01
9.551701277751887265e-01
1.052919781966323631e+00
9.152499684058299501e-01
1.118621638596007495e+00
1.180200585469237673e+00
1.147845933381745676e+00
1.040431099403150039e+00
1.088021423828179790e+00
9.971690888810501585e-01
1.039963891491585191e+00
1.039521121021115047e+00
1.285158748910342652e+00
1.343487058813502166e+00
1.028591630167343007e+00
1.169541000223401017e+00
1.171836759108123349e+00
1.102129314977067009e+00
1.146668430986744536e+00
1.077852725505886067e+00
1.130734895935844753e+00
1.152818299355549581e+00
1.236415322536259742e+00
1.194695234959081143e+00
1.345611787457445807e+00
1.380569505127881680e+00
1.236184099422622085e+00
1.225604017806485091e+00
1.253891120298226136e+00
1.187383776365227739e+00
1.280717337997481442e+00
1.331463146227002126e+00
1.092737113450987785e+00
1.222207213852380514e+00
1.197822672849296222e+00
1.117881740102721899e+00
1.116574322125561958e+00
1.073482436703370624e+00
1.092231130627070446e+00
1.015866845594626700e+00
1.147137698956588903e+00
1.196908590825289442e+00
1.161335586082303584e+00
1.319591637825633379e+00
1.186851656918266773e+00
1.302458692480530145e+00
1.293203048759971496e+00
1.300450256051252751e+00
1.257716404234074270e+00
1.472433541282835989e+00
1.494305418014368447e+00
1.539096906529710873e+00
1.485980191026519792e+00
1.487845138052910965e+00
1.245533692645851565e+00
1.241953772868254147e+00
1.149264787981479907e+00
1.141227200315751977e+00
1.237972654319731580e+00
1.273286333183794472e+00
1.379038522236605724e+00
1.296592509427174189e+00
1.421196800299379115e+00
1.587166478320997554e+00
1.480379309454076475e+00
1.484294589350579896e+00
1.539700091698545936e+00
1.596794710177493526e+00
1.611180186529013847e+00
1.738388541846973778e+00
1.974218151615904526e+00
1.866911096001893977e+00
1.805969287806257428e+00
1.812946785515345605e+00
2.161524971988507904e+00
