1.507891492923917490e-07
4.358261262181947204e-01
5.551531793990920338e-01
5.046933929833062882e-01
5.510966690166297921e-01
6.193000249671509749e-01
6.963338335952707903e-01
7.028867223294896771e-01
5.360186834583003934e-01
6.240294000900206139e-01
8.398888511883936259e-01
7.444822329709339659e-01
8.228421835552331975e-01
1.039560125545599067e+00
1.000033944865746705e+00
1.070503879647959788e+00
1.068783976909517319e+00
1.397848631097674765e+00
1.346614666587903741e+00
1.602734744132112921e+00
1.583968954584483280e+00
1.232308438199479550e+00
1.012539508469813887e+00
1.296146793943909969e+00
1.430442652081559185e+00
1.347320388129783941e+00
1.443721992135538423e+00
1.567743449919994481e+00
1.478550099470091084e+00
1.314134757974064982e+00
1.228580049749234737e+00
1.211920215319474581e+00
1.302109912525684532e+00
9.119578551498894736e-01
9.620580375901853776e-01
1.164737648218240773e+00
1.025842448118599481e+00
9.135136381853585785e-01
9.422308206048979340e-01
9.317391818606963749e-01
7.425743506306164976e-01
6.892173431718722210e-01
8.604080474287623126e-01
7.404485127189422977e-01
1.042386770017311948e+00
8.119104122473380647e-01
8.479302467117501019e-01
9.202349038434597395e-01
1.137729501718468539e+00
1.132924263107248697e+00
1.145357854945206144e+00
1.155006037797970952e+00
1.281121564502773369e+00
1.427590646765843241e+00
1.311065974442550797e+00
1.457485279833001801e+00
1.268330711736004091e+00
1.081736950990368262e+00
1.193215799635333196e+00
1.062423477488662504e+00
8.594249026310341044e-01
6.881206025618347155e-01
1.112624392278382501e+00
1.051099709287531381e+00
1.034109358230415721e+00
1.045724667017464693e+00
1.090839230951062833e+00
1.318858827388282640e+00
1.358779819143928203e+00
1.087807405134226801e+00
1.216428633851257768e+00
1.069441268370721287e+00
1.033941799809428241e+00
1.439813567503316794e+00
1.377724198662334754e+00
1.584796294112850612e+00
1.644102672836813772e+00
1.395032316669572614e+00
1.542128724565186459e+00
1.431917839734286435e+00
1.470656347173596945e+00
1.407639901518308090e+00
1.215582288331853000e+00
1.344665477130823072e+00
1.382490186960487977e+00
1.594072572821579659e+00
1.726029813317163430e+00
1.642661148622866829e+00
1.771024659759915076e+00
1.836916047138013708e+00
2.016197157141113472e+00
2.141162736566846192e+00
2.264563833714922758e+00
2.118537163062479856e+00
1.949495254983509618e+00
1.847487249750011218e+00
1.803507224130104225e+00
1.560970914458976289e+00
1.621148750370767333e+00
1.395232108061507326e+00
