3.693564745147149106e-07
5.026117496578531574e-01
8.092614817585619402e-01
6.324380270832948847e-01
1.068137485472951287e+00
8.960447116046124094e-01
8.943141293547811621e-01
9.990175725833602138e-01
1.016203283268293456e+00
9.844061152526539793e-01
8.351260801843428672e-01
8.881032019286948520e-01
9.834340008394152344e-01
8.676272511093924278e-01
9.801133611136274570e-01
1.026351706787534068e+00
9.751965493698971921e-01
1.030949458640632699e+00
1.239347340558092592e+00
1.144951918664515178e+00
1.385864301773484186e+00
1.391671377161970202e+00
1.422415905598060748e+00
1.395422358164068566e+00
1.261939820547119728e+00
1.468909139694681176e+00
1.472210816935928923e+00
1.629683899391154656e+00
1.637100057732658875e+00
1.663083411524321154e+00
1.612491046354015189e+00
1.615411308442624039e+00
1.729358600845220639e+00
1.620092457841719957e+00
1.647608889440315361e+00
1.821498030352048270e+00
1.788229797595179305e+00
1.763989664323577733e+00
1.935119633016112894e+00
2.090513087471912446e+00
2.119752879591151551e+00
2.018665248661180467e+00
2.292641394895603923e+00
1.944938272770885934e+00
2.085807704735574308e+00
2.003629466126968683e+00
2.119680349819451415e+00
2.229304332165654490e+00
2.400717663896088983e+00
2.346135598165263847e+00
2.425966328653014425e+00
2.426025222371641199e+00
2.309052277813724352e+00
2.392024107413492473e+00
2.709379897004331461e+00
2.729342900560799645e+00
2.752608394312982210e+00
2.917068053599553679e+00
2.937950017941584058e+00
2.833963059043070665e+00
2.817212377301197002e+00
2.726451714842704543e+00
2.823396009994491695e+00
2.869134429604552672e+00
2.729936136620465970e+00
2.709794621711634210e+00
2.636694514878182627e+00
2.566654563172499515e+00
2.606836412839518502e+00
2.720131121286643694e+00
2.780826128457131396e+00
2.812849249802069629e+00
2.839670250469712443e+00
2.773294225645290823e+00
2.762922535805865110e+00
2.878192886665560390e+00
2.987593280272986984e+00
2.869817616789844816e+00
2.909815279673814370e+00
2.895258232594062342e+00
2.995435500969988674e+00
2.950439754310551610e+00
3.018512072560562309e+00
2.948472300842162941e+00
2.930746233121658051e+00
3.000973271977316337e+00
3.023433721347091652e+00
3.074877785666858987e+00
3.203691392121259085e+00
3.168618265138180234e+00
3.208207937425234135e+00
3.261281823506703592e+00
3.303203070415496434e+00
3.298677836528103313e+00
3.376906354122694687e+00
3.311610106947023624e+00
3.304120985763685514e+00
3.149917385874079212e+00
3.085052882023489484e+00
3.122693943984184983e+00
