0.000000000000000000e+00
4.993833222438965325e-01
5.041839125638628571e-01
4.383948144444285711e-01
5.429992711086818469e-01
5.623757545477834352e-01
5.983475958554079766e-01
5.957338208006158764e-01
5.471960980082629655e-01
5.493374794064347366e-01
6.609640880578975253e-01
7.189855330935260858e-01
6.352971750621017044e-01
7.131071558473848215e-01
4.169323985422387913e-01
6.948000130803049235e-01
6.983263596932124395e-01
5.830406963110927876e-01
7.125724740537744406e-01
6.621405881256348103e-01
7.745627601305606902e-01
7.317497153535774679e-01
7.372313981423130880e-01
8.271732258457819009e-01
7.907240111436580898e-01
9.046055460216602118e-01
6.487267763358891548e-01
7.723029270631972532e-01
8.857521507347160261e-01
7.009660580803167562e-01
8.036564777414962890e-01
8.231539066216787548e-01
9.825268489922502901e-01
1.016230126626312291e+00
1.037676350345303700e+00
1.064201332456925497e+00
1.130751829016889864e+00
1.153396331195940316e+00
1.365673663223965661e+00
9.773078659451072125e-01
9.724011292696131958e-01
1.111473993044218123e+00
1.046419572619680327e+00
1.013919747934689308e+00
1.134228331838818882e+00
1.220552455343606679e+00
1.266822569315001035e+00
1.146708516233441166e+00
1.102329964588171896e+00
9.794150581645836295e-01
1.007519911201390173e+00
9.621113518728806602e-01
1.054830262429822918e+00
1.035685724635756921e+00
1.050700166873819175e+00
1.174807020419353920e+00
1.160730757030052462e+00
1.251081898797550052e+00
1.053055276758663839e+00
1.165699843001048341e+00
1.040332812203107027e+00
1.034569779170489312e+00
1.222250157830618189e+00
1.217178957356373381e+00
1.188331651405817757e+00
1.156703990557754524e+00
1.230075595910537389e+00
1.308627471178353208e+00
1.380955371789024833e+00
1.202260203267488059e+00
1.324092786789493825e+00
1.260404642803634179e+00
1.173815752357972864e+00
1.216947597153064553e+00
1.482799916903017268e+00
1.496383542106777487e+00
1.435438450752211770e+00
1.667727436879882674e+00
1.732796984952214014e+00
1.519813712457590782e+00
1.525856478060974020e+00
1.540617005588789779e+00
1.515644667796870237e+00
1.388984594486510238e+00
1.435731698292484371e+00
1.462703680034958209e+00
1.547845033718656005e+00
1.578310273292833354e+00
1.544256528034165576e+00
1.524456241055428096e+00
1.356695591622545383e+00
1.388051107789347371e+00
1.380502222784830479e+00
1.499451315147993569e+00
1.623442878491449859e+00
1.540249670990640141e+00
1.627169319562675520e+00
1.694592875601942161e+00
1.763248780289608852e+00
1.782089008640196814e+00
