6.031565971695669960e-07
5.168080023305645643e-01
6.953700612034245943e-01
6.719332872187514516e-01
7.446969876200103533e-01
1.111355070639737264e+00
1.040613801332524346e+00
1.001290264687474396e+00
1.076966734366287204e+00
9.452280314991170496e-01
1.084048821336684121e+00
1.197922048470088319e+00
1.224386404700888553e+00
1.278323749321353064e+00
1.250676297106880552e+00
1.194917015566776097e+00
1.140102906303152697e+00
1.056484333429534184e+00
1.148938718787746227e+00
1.358799005612535415e+00
1.371569849983661715e+00
1.305307169298132841e+00
1.087453414277929742e+00
1.240815269583277702e+00
1.187514390897058458e+00
1.115741256888404420e+00
1.213361309525765597e+00
1.248108999332028679e+00
1.240507416321349421e+00
1.305872496148901662e+00
1.481902244200370422e+00
1.570611417463095627e+00
1.432787286753092193e+00
1.346446790845162056e+00
1.247921224326410394e+00
1.033551271809631578e+00
1.308675084396709654e+00
1.268755047369807265e+00
1.590962822606866833e+00
1.584223643922081814e+00
1.523135273371673870e+00
1.684551317587194896e+00
1.651379103849356600e+00
1.425166075555787337e+00
1.442341985438988949e+00
1.383584139280487069e+00
1.325877553894080352e+00
1.477718009374362484e+00
1.443814668328701423e+00
1.485451076657118286e+00
1.437475657055984568e+00
1.288884492505595780e+00
1.253841360944334848e+00
1.194790586486613515e+00
1.292684118665801796e+00
1.427977124723944558e+00
1.287041424562396008e+00
1.258570508154525092e+00
1.383133420984206774e+00
1.306166820806950346e+00
1.444424542468333961e+00
1.560795513199257023e+00
1.537203901673009909e+00
1.614357360736867752e+00
1.914412490350268392e+00
1.763145563173489583e+00
1.559042962513963460e+00
1.603236321281196641e+00
1.727176458970356654e+00
1.909284880620385039e+00
1.899293621219280803e+00
2.092846108423611184e+00
2.226422784825313084e+00
2.144653425846458017e+00
2.244459307788093660e+00
2.373483045828367555e+00
2.521369732760495808e+00
2.408159014793157748e+00
2.437644902610873743e+00
2.675107778586814256e+00
2.575623713914516166e+00
2.669233410006886853e+00
2.800746651219446104e+00
2.697026590259549828e+00
2.840295231575822754e+00
2.852352257553300241e+00
2.718497070567857055e+00
2.862596293152384064e+00
2.832323981031638294e+00
2.907468500441789061e+00
2.971323118913293371e+00
3.019250213438970043e+00
2.968651586651459784e+00
2.780718721249167746e+00
2.731471386195262419e+00
2.825630360995504464e+00
2.964331916384467469e+00
3.025523307203517920e+00
3.018754405983348654e+00
3.082214684044286557e+00
