3.015782985847834980e-07
3.322924882895872400e-01
4.706335830731895875e-01
5.097885378679747337e-01
4.891076288102459979e-01
5.488444950324741223e-01
5.415578674116755531e-01
6.730273664248203058e-01
9.648070457953907830e-01
1.031075577361711737e+00
1.046677325118902546e+00
1.137531013535562963e+00
1.324870100226083869e+00
1.334380009312788440e+00
1.264012689175426862e+00
1.324085867991386722e+00
1.198401580368835262e+00
1.163821903238558386e+00
1.279963773312921438e+00
1.505672746138789542e+00
1.457016808607743741e+00
1.447244886711625433e+00
1.336187780642956069e+00
1.470463136855925113e+00
1.253114565299205285e+00
1.293507358664401918e+00
1.259317877151223009e+00
1.371263943233955729e+00
1.280484609289306963e+00
1.372495832208551869e+00
1.571720590059559441e+00
1.755462306001292605e+00
1.846078506676109177e+00
1.968280450259984438e+00
1.835798840517488317e+00
1.872815645208631308e+00
1.680747825999271861e+00
1.806802976551992623e+00
1.769622328756980334e+00
1.567478545813804303e+00
1.712684341178262626e+00
1.662525901110652571e+00
1.638688479304340140e+00
1.650304078445073097e+00
1.643828908009818957e+00
1.639295340481014440e+00
1.656345918707035958e+00
1.477267874071849896e+00
1.569543148293969681e+00
1.581136704476569843e+00
1.523722835498339645e+00
1.355011626260709034e+00
1.316930911533660487e+00
1.402880667479784016e+00
1.486091800446058819e+00
1.357296132215804363e+00
1.446566276394980921e+00
1.480610435950159065e+00
1.632569721430271015e+00
1.478314877508563274e+00
1.421250789950530891e+00
1.184130874072837791e+00
1.090288443275100994e+00
1.055226780598388148e+00
1.255643469096341835e+00
1.484323518937886943e+00
1.641487915469620473e+00
1.776682419563506032e+00
1.900352935604850302e+00
1.781934480958496936e+00
1.865177161411156526e+00
1.841863233092208008e+00
1.816221515231046801e+00
1.749699387361119074e+00
1.930332832833189904e+00
1.805788243058403797e+00
2.152571420335805730e+00
2.183830336269851902e+00
2.237408558180206342e+00
2.261461420886170970e+00
2.499100880693873261e+00
2.486815371439287325e+00
2.694726729160351830e+00
2.948154937273329335e+00
2.962558293713138724e+00
2.954633385170680526e+00
3.015677770361173682e+00
2.902729722172268101e+00
2.925099060134627393e+00
2.666051834915612151e+00
2.560517433179113844e+00
2.599490587084245963e+00
2.694922413379694071e+00
2.718151868233748658e+00
2.703408376505687993e+00
2.789066058362356770e+00
3.068279352554797779e+00
2.939780110472907104e+00
2.956016234802017806e+00
2.739260808918206447e+00
