1.507891492923917490e-07
4.757950270547886551e-01
4.367870181985838984e-01
4.785223121531326784e-01
7.362249970500526208e-01
6.458559674116056692e-01
6.439996124248368314e-01
6.528150463410289372e-01
6.391628654546909205e-01
8.939148117711654962e-01
8.558314293693969343e-01
9.153673430534612354e-01
9.099668190621877928e-01
7.964906715953906646e-01
9.002471664749703839e-01
1.111247739962405667e+00
1.232721955292364724e+00
1.217649744390304045e+00
1.149438661085303570e+00
1.169471672324676748e+00
1.280479956946547260e+00
1.127663636101541744e+00
1.013295593495655345e+00
1.315145431228995854e+00
1.172113437415498005e+00
1.420966010161092807e+00
1.151911194894589263e+00
1.098993647136492946e+00
1.189752989502321334e+00
1.098034795744100123e+00
9.609406917718209540e-01
8.646290706929447012e-01
1.062228104774910475e+00
1.393455361843703555e+00
1.548885308930585403e+00
1.600379613541236701e+00
1.421695451268560451e+00
1.581762214781161635e+00
1.511490148335087991e+00
1.716253752949983946e+00
1.502020879671235987e+00
1.413948829361975301e+00
1.289653258661913604e+00
1.237054681583271476e+00
1.220035322897846664e+00
1.254382026732133948e+00
1.415062854551172089e+00
1.355261190454305487e+00
1.383023398983683538e+00
1.568789032222640545e+00
1.585320455287359431e+00
1.636133506177423147e+00
1.604721444683706588e+00
1.579176695315565926e+00
1.832421196763115212e+00
1.637364657226562104e+00
1.591998738742527175e+00
1.618942666912280393e+00
1.700817588085773213e+00
1.512691349865851409e+00
1.464828061681026306e+00
1.675078856388205528e+00
1.556952455815538761e+00
1.955074823134454798e+00
1.592938987403784035e+00
1.636595462493699138e+00
1.755618223736705952e+00
1.653537351092523311e+00
1.628068566348445323e+00
1.438957830172995500e+00
1.534453669099001605e+00
1.284550474961179356e+00
1.262271368973598262e+00
1.312552745269148335e+00
1.255778368560652059e+00
1.183002761217404109e+00
1.073469624011925028e+00
1.133490322741711243e+00
9.282494144935261593e-01
1.015346164571340637e+00
1.213027433442344316e+00
1.075970012848742829e+00
1.375423170598701228e+00
1.196762655263242436e+00
1.235193251542709980e+00
1.458065842529990164e+00
1.407727161002449101e+00
1.451875657415035104e+00
1.394323714806892101e+00
1.453766993728130563e+00
1.386384977949839614e+00
1.496087339068618682e+00
1.710406002288617611e+00
1.439444999249750223e+00
1.531943333786961903e+00
1.780632964919020678e+00
1.556688974322816721e+00
1.734537817739989052e+00
1.539790378355446743e+00
1.579735173373769674e+00
