4.768371582031250000e-07
6.818928025064564524e-01
6.198812114471023982e-01
6.882516194527951159e-01
8.611229859466033032e-01
7.017287327922434592e-01
8.576141138152210130e-01
8.532265169577782915e-01
7.629616799491681922e-01
8.978243108615415746e-01
1.080650863849725418e+00
1.132126234346913618e+00
1.094289354033688211e+00
9.944222683460560708e-01
1.019046122321100922e+00
1.100592814328004820e+00
1.322225264220295404e+00
1.363204608850465460e+00
1.316788368504868467e+00
1.308508008708626269e+00
1.200064941027725318e+00
1.346206634699960158e+00
1.591973732939893305e+00
1.488830349076970538e+00
1.453434968259619042e+00
1.522423526200840316e+00
1.535611432981578206e+00
1.520541012423048954e+00
1.668219528354043080e+00
1.720954771042306986e+00
2.064152983999772317e+00
1.814247452587792964e+00
1.760761723417020974e+00
1.898002030440187671e+00
1.944615364958225623e+00
1.946561272284115018e+00
1.945097466791977592e+00
1.839276260968097487e+00
1.875796615007627288e+00
1.798873539088614804e+00
2.125674171483299180e+00
2.115533962161901371e+00
2.042635864865141926e+00
2.232746827205492668e+00
2.158443122827580218e+00
2.277535032592884701e+00
1.955104745317424619e+00
1.943251864598099843e+00
1.956592103198480093e+00
2.056998832417878287e+00
2.069634847489376650e+00
2.120109255691242645e+00
2.161786268550672130e+00
2.064512097296812954e+00
2.083155565161156630e+00
1.895574015119029898e+00
1.847319892758006565e+00
1.947621208841307849e+00
1.870522805032427183e+00
1.745761846398394601e+00
1.779653006624648315e+00
1.880688586505713689e+00
1.770101551337684320e+00
1.750245445072377892e+00
1.701610922288962824e+00
1.793791593630302827e+00
1.866380197678133790e+00
1.815455520330795380e+00
1.889085724765101837e+00
1.943961387815675179e+00
2.171212519633337390e+00
2.039883334821934735e+00
2.048586836701688174e+00
2.134809383926790982e+00
2.105003744176536351e+00
1.949065710330062817e+00
1.941470281564598332e+00
1.851125106939455867e+00
1.965000092352407357e+00
1.872490096631930001e+00
1.890163266027923283e+00
1.939462770971579930e+00
1.733077857730218385e+00
1.812545298224027546e+00
1.764849329176157111e+00
1.638818425211562957e+00
1.651466474030102827e+00
1.600181590470414639e+00
1.548641294627309373e+00
1.650243715553455282e+00
1.691722882280180862e+00
1.752848821932244894e+00
1.757989397860531655e+00
1.894221288427541783e+00
1.963504704551467084e+00
1.995313629187600135e+00
1.920869928349190570e+00
1.900311244967556545e+00
2.044126115843375224e+00
2.033989850242542641e+00
