0.000000000000000000e+00
4.576005934200161329e-01
6.065950168326083025e-01
8.855075727069657843e-01
9.292636857432834407e-01
7.717378706398322352e-01
8.524588719946325499e-01
1.073056762415639076e+00
9.822336979824598524e-01
1.003000357365927631e+00
1.126161733458614700e+00
1.327363082339780398e+00
1.578141009778131432e+00
1.478955701723450256e+00
1.557797717506651303e+00
1.546671867897850827e+00
1.544619761450723772e+00
1.519249217939049101e+00
1.300224368956816923e+00
1.184461242093475475e+00
1.046072042189277518e+00
1.200399373492371025e+00
1.309455324643691521e+00
1.382206330409688766e+00
1.400333572464109499e+00
1.475608327239001261e+00
1.696117065833920412e+00
1.771423070456670912e+00
1.713800967682153065e+00
1.752347951644857238e+00
1.827582832862683526e+00
1.780775928076189896e+00
1.646219746989737498e+00
1.855378276782527980e+00
2.007479871369368674e+00
1.917155297725000596e+00
1.960570619905799727e+00
1.898520292388804709e+00
1.953955118041386996e+00
1.873341650754626109e+00
1.953207524239248816e+00
2.027689950535501051e+00
2.117168820382446359e+00
2.075268238283630051e+00
2.082285083477919407e+00
2.188034420308282435e+00
2.107923547696833655e+00
2.150982471485607395e+00
2.236719861601801362e+00
2.215908402298455648e+00
2.196181724480019692e+00
2.233678155419587696e+00
2.289657295855097807e+00
2.269065362502027838e+00
2.279930600574558763e+00
2.178127082707660644e+00
2.205089176190409006e+00
2.128576015546613576e+00
2.112653142563739816e+00
2.151831184606375125e+00
2.248747327968108944e+00
2.274263778306703898e+00
2.324588263927380716e+00
2.343773893042790490e+00
2.426859891630912536e+00
2.361106476075570448e+00
2.027762398965619717e+00
2.115661307062781216e+00
2.034024858465917962e+00
2.069933624397273686e+00
2.399433858135271436e+00
2.445833915985036189e+00
2.470275293922914450e+00
2.460140243540743565e+00
2.547313920086320405e+00
2.495978163057183785e+00
2.432788580482262653e+00
2.347240209561496371e+00
2.399754005590000183e+00
2.645619542055790419e+00
2.665942003267561589e+00
2.645762168408043014e+00
2.698033375532219669e+00
2.767142707607646912e+00
2.792808725616688470e+00
2.805384722136729181e+00
2.728617804499352761e+00
2.732890017883855549e+00
2.872648644224099712e+00
2.746666207727435971e+00
2.529189911060080842e+00
2.516084615215884224e+00
2.604231784691048546e+00
2.595180492907076975e+00
2.680912256835850105e+00
2.903879704010706497e+00
2.689981110487961846e+00
2.543753358287521138e+00
2.375322554498983774e+00
2.604244696786044866e+00
