2.611744678045111057e-07
5.391406306675238236e-01
3.136342996067461031e-01
5.799262792820603085e-01
5.569264582171500333e-01
7.059368741546213633e-01
8.433930657697812361e-01
9.069397546489827988e-01
9.941659409698730965e-01
8.968727176770642240e-01
9.866892461415367466e-01
7.781639060916483164e-01
8.207018651097216511e-01
9.434198446271279126e-01
1.282424223317601530e+00
1.024359669722977539e+00
1.145743025481372301e+00
1.048336103255477214e+00
1.155280736965327959e+00
1.320323418567898699e+00
1.132708567964856750e+00
1.273054072244848234e+00
1.292560231567117190e+00
1.237505146933458589e+00
1.360608832495820097e+00
1.373570372742687118e+00
1.451343591941632649e+00
1.430385672928129681e+00
1.267837733510448261e+00
1.455515563814895552e+00
1.414209449308687194e+00
1.531410722532600577e+00
1.452952812203391675e+00
1.600713791872738989e+00
1.637027349719469838e+00
1.383333751437835213e+00
1.565027283020128834e+00
1.599551270307252748e+00
1.492537687358737930e+00
1.540362932553513531e+00
1.555761978358963793e+00
1.382261060035414379e+00
1.547292743976528051e+00
1.550833019701251647e+00
1.459116396614890565e+00
1.427323700239663706e+00
1.499606129066226590e+00
1.325765089836667965e+00
1.427481485722364773e+00
1.088960441832860671e+00
1.288532971283151696e+00
1.226005551750929179e+00
1.357110895782058568e+00
1.687032431941821731e+00
1.465912743075842295e+00
1.543282043551112759e+00
1.545086339193883385e+00
1.600665992350807532e+00
1.653915876453136979e+00
1.530843431501827556e+00
1.781562467723886822e+00
1.807448626174340767e+00
1.713961175293771344e+00
1.762364231060390862e+00
1.823005009431853729e+00
1.610629592493683537e+00
1.664386201823247147e+00
1.437354762704922573e+00
1.350418957863505742e+00
1.091665495938673125e+00
1.176368440270285198e+00
1.083497332671522706e+00
1.220189317916543503e+00
1.391624639202243552e+00
1.374158869438506514e+00
1.470577220830280751e+00
1.432669257849474631e+00
1.528701814592795971e+00
1.610233188060842480e+00
1.697757325109577664e+00
1.480324887110461729e+00
1.674629540334940270e+00
1.492810709318429074e+00
1.710446127180278664e+00
1.484289270280246376e+00
1.394665424978233093e+00
1.595493153248678242e+00
1.811913198627974619e+00
1.758158561306363055e+00
1.789385911140650931e+00
1.717340588939512580e+00
1.789686932740396808e+00
1.718621849870328733e+00
1.715613572035479928e+00
1.903087657513891973e+00
2.035755477273648140e+00
1.956695645637568148e+00
2.104231630243739826e+00
2.087605785821644577e+00
2.169453735755987100e+00
