1.507891492923917490e-07
5.663976656166830326e-01
5.788053859665798218e-01
7.317290233736865046e-01
8.283210407731728120e-01
8.874292902157915330e-01
1.031152489390955163e+00
8.253431977017631205e-01
1.020061058531178455e+00
1.047515996155966356e+00
1.173847552175301789e+00
1.124422668923991120e+00
1.095888389764553716e+00
1.011602933272974791e+00
1.114908477942274656e+00
1.113876808871431257e+00
1.240168059749962914e+00
1.409369099563271499e+00
1.715834655566354172e+00
1.755489443176449393e+00
1.671562510887778297e+00
1.456995353800821125e+00
1.443782242179580511e+00
1.472443218034014123e+00
1.568646240749113518e+00
1.779759666311137245e+00
1.813393808224332604e+00
1.845202560557156257e+00
1.895584301721014331e+00
1.905394085701896723e+00
2.027715786375580365e+00
1.940956933708925192e+00
1.968885220346069165e+00
2.103547592702456726e+00
2.293728937585587602e+00
2.121309077435009627e+00
1.967015023418359432e+00
1.992705874766322216e+00
2.155261362053547014e+00
2.011040365554113141e+00
2.100740109848592052e+00
1.959521673728344737e+00
2.117580788173094586e+00
2.082671972936827043e+00
2.069162692226659495e+00
1.780031393212650803e+00
1.822692974646800135e+00
1.781980736372661855e+00
1.911584163200920061e+00
1.851726428741170771e+00
1.810994708052246382e+00
1.673257644914258435e+00
1.759104719924270643e+00
1.933892956571351629e+00
1.891533616058150402e+00
1.741928918475219357e+00
1.908052227947137691e+00
1.845600064520105388e+00
1.923775062628183319e+00
1.923487071104418744e+00
1.877334965935648636e+00
1.866580943458032271e+00
1.757475732717427519e+00
1.815298585688809307e+00
1.709890286604435206e+00
1.621926711647434294e+00
1.477607963539652847e+00
1.453417297575226641e+00
1.499698502907592434e+00
1.387753852633358376e+00
1.301935668266765100e+00
1.476892205415357040e+00
1.449216437222502485e+00
1.299453595606883116e+00
1.099548750452676416e+00
1.222743161420840385e+00
1.084547184321449809e+00
1.100022482684355207e+00
1.190647343237337008e+00
1.332955323565535810e+00
1.216724742668915393e+00
1.241450886735302017e+00
1.175365982155188505e+00
1.485002063604308198e+00
1.315011108788618932e+00
1.224490842443882288e+00
1.240593016798469783e+00
1.280583343431221932e+00
1.352733133334394600e+00
1.504208818595614172e+00
1.595055735478078995e+00
1.641016883989292685e+00
1.605261653130252597e+00
1.622304050190912283e+00
1.551774730461878748e+00
1.797827803591665718e+00
1.937552323993900316e+00
2.032457121947986334e+00
1.935878166674579237e+00
2.201584193394583000e+00
