2.611744678045111057e-07
3.999505597944464919e-01
4.809863805540415260e-01
5.536504448814818513e-01
5.836235219772926142e-01
5.661372144589038591e-01
5.733416249450545843e-01
5.831796606844620312e-01
7.104974669670169884e-01
6.791208564284098026e-01
8.139552241485720208e-01
7.550728511543726151e-01
1.111863546143040171e+00
1.031329684701073557e+00
1.125981951001320480e+00
1.371339725536698806e+00
1.333017255827884995e+00
1.225853335111790843e+00
1.241262926781329767e+00
1.571155714150944682e+00
1.585340004683725601e+00
1.713873574416772128e+00
1.515919481433178673e+00
1.553580727424056507e+00
1.659160141889025830e+00
1.725503689553910647e+00
1.837980831685415151e+00
1.836414229130862052e+00
1.949907612151781544e+00
1.804606721554526061e+00
1.764273040204916709e+00
1.651777634649917115e+00
1.472635724557586290e+00
1.459539676592588542e+00
1.409035768247974385e+00
1.428283755735919591e+00
1.481807039541147120e+00
1.449757871751796934e+00
1.527614683249415961e+00
1.458168034641933009e+00
1.636819785652480874e+00
1.725479356966215905e+00
1.511703972679861341e+00
1.517548856402833657e+00
1.463811032250331490e+00
1.588856311170516955e+00
1.749997086767856480e+00
1.660271304416338412e+00
1.642404553125981215e+00
1.500214724759514562e+00
1.502846677709319234e+00
1.376790342772908682e+00
1.415016364748475475e+00
1.499891367310767221e+00
1.462929528328900108e+00
1.445884149771515581e+00
1.517421083146431648e+00
1.600437355573188336e+00
1.552796531828600113e+00
1.667387874523883484e+00
1.837767940469995587e+00
1.692759459344504114e+00
1.829822210568304186e+00
1.628759365413005922e+00
1.602536376317800881e+00
1.694631067702688343e+00
1.634731441810210129e+00
1.686604593382136530e+00
1.763545637409430267e+00
1.809912859821203313e+00
1.736552079674990257e+00
1.989973432715384405e+00
2.214981470796987928e+00
2.481188941408131399e+00
2.212391111465268789e+00
2.064713066440913458e+00
1.679283856158417798e+00
1.815989107656822865e+00
1.866380224313913150e+00
1.748540969870281181e+00
1.636907255340208867e+00
1.644739219747740178e+00
1.627425060559943404e+00
1.835388094684462512e+00
1.636788001602958786e+00
1.744321628128951751e+00
1.912098455436924693e+00
1.680763313980224494e+00
1.617972608592191053e+00
1.575401076524178157e+00
1.549196741153103352e+00
1.606317984291385725e+00
1.776329551515017258e+00
1.779837460177781994e+00
1.664114295610251926e+00
1.846582633057221923e+00
1.617680129158264757e+00
1.896022548558796705e+00
1.986505558729740883e+00
1.937584703202736236e+00
