2.132480599880017890e-07
2.977324103157390489e-01
5.404398666752807667e-01
5.135713542232067663e-01
5.741267303996512306e-01
8.779889075384514907e-01
7.822072643689712557e-01
6.899291254448849386e-01
6.098139566592166716e-01
6.391769542169200014e-01
7.532067179815334912e-01
6.220267482650001512e-01
6.485146409516407973e-01
6.782931448034035249e-01
9.170042483806950528e-01
7.319384877956045532e-01
8.705897753479542311e-01
9.769680811241070462e-01
8.446559162484510441e-01
9.341439097104465850e-01
9.808111255625175939e-01
9.647053244989255427e-01
7.587927606111342094e-01
9.405240045204587007e-01
9.651821440383741013e-01
9.948487358580797579e-01
9.174829424778454534e-01
8.293667727533543532e-01
8.736116147515843311e-01
7.764023246068461059e-01
8.294246559809157482e-01
1.015678991342698678e+00
8.725580050633426898e-01
1.038607115279672310e+00
1.048656401002457050e+00
1.090431005985729174e+00
1.025937465218059286e+00
1.183588618116088398e+00
1.076603337386952575e+00
1.142634200649319753e+00
1.134920812951330849e+00
1.186434427501337208e+00
1.034453957348500541e+00
1.090844005843981446e+00
1.085632809008363786e+00
1.164950214456695665e+00
1.188451227079911021e+00
1.106420738469232834e+00
1.123633104004278183e+00
1.229736683674721665e+00
1.063861653906259530e+00
1.178775517189007527e+00
1.035694416052735711e+00
1.112689820289507470e+00
1.019070249512991300e+00
1.212890561946123213e+00
1.257085897191818846e+00
1.485999891251022165e+00
1.241295022558394523e+00
1.437989311119210800e+00
1.332223754437690033e+00
1.366967053293619117e+00
1.528254586344815369e+00
1.457330320869892004e+00
1.390121847557492574e+00
1.346563969660079740e+00
1.428313004575012091e+00
1.439564888726724945e+00
1.414531599506840820e+00
1.446191950188517206e+00
1.534911326446745772e+00
1.603015563213514127e+00
1.698420842516067841e+00
1.603628119862057222e+00
1.491451782060971176e+00
1.499395656355910988e+00
1.659755984235333770e+00
1.907914436806027902e+00
1.799658839872671168e+00
1.881820835489344423e+00
1.927051716995648256e+00
1.759865144300047479e+00
1.892016974954894959e+00
1.776302619897259572e+00
1.887046151207257161e+00
1.996706390871843428e+00
2.029409405151016088e+00
2.037656104872948681e+00
2.209392884192570072e+00
2.062723837336869259e+00
1.870603468010133108e+00
2.209291679742735770e+00
2.254740524070226293e+00
2.245902085215539135e+00
2.210553299760920076e+00
2.309219651697002273e+00
2.330491572648281551e+00
2.295846604155754367e+00
2.145450694326020535e+00
2.268451993201436867e+00
