0.000000000000000000e+00
5.821919801958100882e-01
5.022645325579095932e-01
6.894205528300563213e-01
1.098626965768992880e+00
1.168776289551573422e+00
1.389265355014172476e+00
1.489714334314604649e+00
1.320897842218936136e+00
1.567816548113376118e+00
1.529710899780596156e+00
1.384786702600115493e+00
1.208730764192493812e+00
1.263435646009222868e+00
1.377680302795808220e+00
1.464024995931420214e+00
1.286801474563013636e+00
1.302623129883233810e+00
1.570258704665065563e+00
1.534575809165404259e+00
1.681753428420252439e+00
1.656530692685872941e+00
1.647955095567499306e+00
1.614480562782573125e+00
1.713715237944226866e+00
1.551306945472038290e+00
1.614440446480443381e+00
1.563948344443195859e+00
1.416973132277227210e+00
1.533001722259478061e+00
1.605875363706847248e+00
1.521152206137265761e+00
1.730724880600320148e+00
1.603602765839987621e+00
1.622816613886304271e+00
1.669494566213445719e+00
1.598313040132014029e+00
1.616091050000066476e+00
1.818045312372017275e+00
1.744662567000142550e+00
1.890770030314600225e+00
1.910577419490363305e+00
1.908756538621218857e+00
1.919636257962703096e+00
1.790644517144907688e+00
1.809741178142545870e+00
1.873701588908967208e+00
1.938057819060673870e+00
1.814325847271817116e+00
2.033187953576856000e+00
1.961965877564077809e+00
1.776236248911563287e+00
1.757615345536818419e+00
1.777335069248110244e+00
1.880575392462603634e+00
2.098625736221850335e+00
1.942686788712497226e+00
1.999751052908441462e+00
1.917159484226395927e+00
1.760915157151864863e+00
1.814397493086273627e+00
1.803926431629642169e+00
1.825904798249241123e+00
1.769280955051238502e+00
1.882413390563699496e+00
1.828606015917915162e+00
1.752137447077174670e+00
1.825943880595282343e+00
1.730392907965562888e+00
1.755477092967727248e+00
1.870641510028840715e+00
1.829859107642103799e+00
1.784565676464381356e+00
1.697367228440851417e+00
1.779220315186600399e+00
1.941492210678193109e+00
1.818751873995400281e+00
1.913420850568218645e+00
1.920971096701604486e+00
2.149938745422725006e+00
1.966346378994875410e+00
2.043127666301298273e+00
2.082225345004607764e+00
2.060747558077912434e+00
2.163340471423935263e+00
2.184541334498959042e+00
2.360990840421030690e+00
2.282827398291492393e+00
2.255435447503203239e+00
1.975590322535845766e+00
2.106855853573062820e+00
2.339386558605263122e+00
2.156054326852692160e+00
2.118478704832972959e+00
2.173028773972840888e+00
2.224403450879618216e+00
2.326551572033335624e+00
2.391835508151638479e+00
2.300965655884358085e+00
2.605290039242039946e+00
