1.507891492923917490e-07
6.196100734042733205e-01
5.442999111799976530e-01
5.526565425673084508e-01
7.071375621660507260e-01
7.740854634364919828e-01
7.630495863535927681e-01
9.047733440686557271e-01
7.973215715730160857e-01
1.106984935993162722e+00
1.260018409764696035e+00
1.057613353743176887e+00
1.327321608276569309e+00
1.080459199580709573e+00
1.318323649532526787e+00
1.316130577153373782e+00
1.183269787008353724e+00
1.579111598234276492e+00
1.517480369552707042e+00
1.228492601416749208e+00
1.464382938763967967e+00
1.384449297198615980e+00
1.210535496278075440e+00
1.134396291843848825e+00
1.231513947104678319e+00
1.392380066812798356e+00
1.518255786767356508e+00
1.383540818245089676e+00
1.413755109986453373e+00
1.370493696769982561e+00
1.517090269012038695e+00
1.430370630336671889e+00
1.569171501940175295e+00
1.465163358411641914e+00
1.372129467848886675e+00
1.392116117525965757e+00
1.677669473195229077e+00
1.715958455681379169e+00
1.519529717614904296e+00
1.649959205973740017e+00
1.672759232420393483e+00
1.451574392691881155e+00
1.549835797446460717e+00
1.578146628538627416e+00
1.469076818869238910e+00
1.373021619812980099e+00
1.322508891201277903e+00
1.283180392359627220e+00
1.393246065554518909e+00
1.512100400477657924e+00
1.425646465651726036e+00
1.484176020801944329e+00
1.789183501458138092e+00
1.978178852022093093e+00
1.958831477285545297e+00
1.846560883355623517e+00
1.923205084886606242e+00
2.078870839292931372e+00
1.850993285395375443e+00
1.838136590012518834e+00
1.814799408453410479e+00
1.808813363394186968e+00
1.798742962751552765e+00
1.857055260414580022e+00
1.953450740910162020e+00
1.861144590606464089e+00
1.740870882741380132e+00
1.576850654710282296e+00
1.626801831005671772e+00
1.827788265400225098e+00
1.747699639047033404e+00
1.950166373491952321e+00
2.027655121637687241e+00
1.951460237679344845e+00
1.975205533408010528e+00
1.999124598966531385e+00
1.897866451379461639e+00
1.901708959591993597e+00
1.757476544353115955e+00
1.729121203009041929e+00
1.824739492206294944e+00
1.734336468861445324e+00
1.748000150776517048e+00
1.721044162981113068e+00
1.625677198591855444e+00
1.809834430407100347e+00
1.880843087389851398e+00
1.817662583244236130e+00
1.619824653345016685e+00
1.611421333375862908e+00
1.662542986300542980e+00
1.526335088567672305e+00
2.021075206769948451e+00
1.858201028378953179e+00
1.850659154863915745e+00
1.979842356148514781e+00
1.945740742005053425e+00
1.964534241032481088e+00
1.885225900929880405e+00
1.666837217804733928e+00
