4.264961199760035779e-07
3.598073361213848242e-01
5.287793395734057267e-01
6.967724074938566048e-01
9.348331128492092246e-01
8.478121924252863817e-01
9.354422017677072043e-01
9.939355478851894521e-01
1.019723920020353614e+00
8.700719603966116100e-01
9.603348899285855111e-01
8.680053250087639283e-01
8.788566180570001052e-01
8.866036579059847211e-01
8.527517165422578982e-01
7.854476093068365472e-01
6.791574513698596105e-01
8.432088092049330186e-01
8.894326394992440044e-01
9.904473761283405508e-01
1.036315486631384619e+00
8.756342105244695473e-01
9.043238752281163029e-01
1.050180265273859215e+00
1.160205847803416734e+00
8.863355559675272222e-01
1.216427834427652899e+00
1.181873620333467212e+00
1.354976755115190556e+00
1.314465437493694822e+00
1.371829358173268565e+00
1.604621776374755004e+00
1.521122353422190931e+00
1.570930056231363059e+00
1.551977745472802539e+00
1.510764007728185643e+00
1.359108074946131284e+00
1.373100055658263985e+00
1.281224687844485510e+00
1.556378558324066796e+00
1.635219836513148728e+00
1.713099766391397383e+00
1.877122807537969562e+00
1.944478904815510223e+00
2.036348168710933049e+00
2.091597693346453735e+00
2.071070536966925779e+00
2.033906261013457950e+00
2.030802226460366899e+00
2.112253942731886713e+00
2.036900278055910007e+00
2.070109099603550717e+00
2.111364524356860173e+00
2.018709643411314314e+00
1.929231734762473671e+00
1.995538933296610917e+00
2.029124009806205553e+00
2.078761759334396775e+00
2.127060741298796742e+00
2.327884239162671509e+00
2.230051250966504472e+00
2.116027658265980271e+00
2.125095268327153786e+00
1.760020479161466422e+00
1.752024401932897213e+00
1.887713943245899806e+00
1.811179196579776107e+00
2.009758818733173857e+00
2.168814903849939579e+00
2.177095840112126535e+00
2.210785226161532169e+00
2.358228605707780368e+00
2.408133880340668220e+00
2.370035589514881025e+00
2.386657367393187457e+00
2.450462363455964798e+00
2.363825718102476436e+00
2.235946028696142562e+00
2.517906021291111962e+00
2.347387279592658249e+00
2.544542562891519033e+00
2.504152875120118527e+00
2.405197657712399018e+00
2.492897625334149936e+00
2.362468987992348168e+00
2.222415120782109010e+00
2.331329729460884348e+00
2.449440899970818819e+00
2.568326823677439030e+00
2.730491362635419250e+00
2.635771966167473668e+00
2.613607460263239979e+00
2.625261717654931992e+00
2.805885269171945140e+00
2.707949726206997365e+00
2.643767837243615304e+00
2.531913058222514668e+00
2.535853541372236286e+00
2.745796840881322254e+00
2.824329372538508576e+00
