2.132480599880017890e-07
4.161523573700027789e-01
5.468827101883964037e-01
9.011181410277223636e-01
9.068427739469626658e-01
7.999439580548564077e-01
1.021099659095570100e+00
1.028669656778478547e+00
9.227646357926143628e-01
1.040734465047190804e+00
1.202546086116910162e+00
1.159679555578347676e+00
1.113537791898766560e+00
1.113178430396366991e+00
1.164970600297318803e+00
1.028558273552578894e+00
1.387919249623553508e+00
1.349019028803320142e+00
1.320522155428492939e+00
1.316050382898344751e+00
1.242921106294905043e+00
1.173854954229425429e+00
1.371563076399632930e+00
1.397730713309953465e+00
1.479475842002804686e+00
1.563232915127771738e+00
1.536109403251261663e+00
1.638340024782277027e+00
1.495721893877920428e+00
1.342616487968250505e+00
1.332066949551878210e+00
1.512324515936201541e+00
1.629525863962290488e+00
1.381887930520074192e+00
1.529520379836263988e+00
1.502161016332463017e+00
1.659809501013040034e+00
1.435059498310201409e+00
1.433112871015478795e+00
1.398060017302648284e+00
1.465923564617769514e+00
1.533536021295391683e+00
1.543911787698289739e+00
1.487221811359868084e+00
1.475426479946060132e+00
1.493016411604243254e+00
1.651407693246576880e+00
1.520919868446722445e+00
1.668112533310020185e+00
1.717735874795237816e+00
2.007122687881108369e+00
1.930770304505494694e+00
1.815231004418530247e+00
1.976895147493598515e+00
1.772759759163232252e+00
2.040515441031081512e+00
2.048422232487968397e+00
2.355599309149445819e+00
2.355167188478746176e+00
2.370740079147266144e+00
2.622360473274328641e+00
2.398508067619314676e+00
2.229881048900296037e+00
2.268868878218336604e+00
2.085723639948998009e+00
2.235994595690613540e+00
2.366851925360897724e+00
2.545370864810138301e+00
2.632389773160147772e+00
2.632176978390271316e+00
2.481229435750132328e+00
2.449899990815130657e+00
2.480713849487150569e+00
2.557498661952990027e+00
2.632016646892177292e+00
2.655670996375048443e+00
2.616850843596545406e+00
2.557592476288318206e+00
2.331798668231353400e+00
2.597074980559616275e+00
2.611845517454685961e+00
2.804314116687182334e+00
2.738174679561050429e+00
2.673712637144050053e+00
2.945042875883672640e+00
2.590660689016428098e+00
2.913697674308758145e+00
2.874026349148310455e+00
2.913312107101970749e+00
2.746376461890136955e+00
2.817380525104598465e+00
3.081078407175843914e+00
3.001337218170113896e+00
3.016049978761344175e+00
2.762633514956075675e+00
2.910329381593929732e+00
3.086908759262644963e+00
3.090586840447956618e+00
2.884315102652918128e+00
2.884883307349379589e+00
