5.642013342952361972e-07
4.846928893686929252e-01
5.169894095026417169e-01
5.752847637878965026e-01
8.311780576846213853e-01
8.036692176565567447e-01
7.746381821761705311e-01
8.299966272408638712e-01
7.188588300764779948e-01
1.050457570370037841e+00
1.017581079597094096e+00
1.005619005774182062e+00
9.330222629260691569e-01
7.438043021749709549e-01
1.003078375019490709e+00
1.188407843576428480e+00
1.345353942822050453e+00
1.341936794806017463e+00
1.447811417264068146e+00
1.695787905972178100e+00
1.633305929070564932e+00
1.502051963679826629e+00
1.454955924829965941e+00
1.622995026042425293e+00
1.655790633900782405e+00
1.416515513092768463e+00
1.571130672650768112e+00
1.269199853662616118e+00
1.269897189081054201e+00
1.312650192212422962e+00
1.363161221655476041e+00
1.421193971383718280e+00
1.427606610162432954e+00
1.501564943688080023e+00
1.444550558793372463e+00
1.378554526715009887e+00
1.445187893918841171e+00
1.334464418919099948e+00
1.454870203127540007e+00
1.604057058055150531e+00
1.415387131569431078e+00
1.519213914929761211e+00
1.518607540501850650e+00
1.671024799643920256e+00
1.631988276240596614e+00
1.823326526805779224e+00
1.626781353008444952e+00
1.470607088788248307e+00
1.547441808618834180e+00
1.562460765214039204e+00
1.511503135331666359e+00
1.590540626144737901e+00
1.646131781571591457e+00
1.842536173405714184e+00
1.928372142002794831e+00
2.083706488311842797e+00
2.326536376947751172e+00
2.201770975617539428e+00
2.261675290714347142e+00
2.252624660444492832e+00
2.322969992059003452e+00
2.427450917457850910e+00
2.448769618494799349e+00
2.491166911566887077e+00
2.387005573610203601e+00
2.259197810386508909e+00
2.322744662221402745e+00
2.408893751865039956e+00
2.410895986267269198e+00
2.512469339342147556e+00
2.433303592667756643e+00
2.394823766995221259e+00
2.448565684443402279e+00
2.479097825539322120e+00
2.439655941154427410e+00
2.317573680400735192e+00
2.296067367169813078e+00
2.271878284203919574e+00
2.192426871199314675e+00
2.283018412502854755e+00
2.100262591396308665e+00
2.302502409144711493e+00
2.355973452859031259e+00
2.146842060343965741e+00
2.141208878162850215e+00
2.304488562354171322e+00
2.419031608521194254e+00
2.413651353180975789e+00
2.469047474543232035e+00
2.381644847131465959e+00
2.373382069820234808e+00
2.504740354039700190e+00
2.409980074029599795e+00
2.355316293943803263e+00
2.336371196215751844e+00
2.303264694268737145e+00
2.120076243887065282e+00
2.143640931710891984e+00
2.210822827652207501e+00
2.171396171179666545e+00
