1.507891492923917490e-07
5.997228339747351367e-01
5.456048443947560944e-01
7.381257044544912160e-01
7.990210537396112978e-01
1.018255041377478465e+00
9.748709379921389750e-01
1.152223539597821311e+00
1.230792594907889059e+00
1.028706977957529745e+00
1.161845643844306109e+00
1.215579109550963821e+00
1.194210446814806481e+00
1.139610289938244536e+00
1.329259645247526711e+00
1.603310789756640986e+00
1.581830127269255648e+00
1.703066369073785502e+00
1.717727261494935043e+00
1.756134669630309508e+00
1.947077571264534956e+00
1.776812776922082504e+00
1.779017698626341071e+00
2.072120828154162542e+00
1.953043599294330690e+00
1.943219596626173606e+00
2.185921798978178732e+00
2.209346939180490743e+00
2.102014842903850322e+00
2.295581221225829527e+00
2.230040371713949643e+00
2.179773778497611669e+00
2.096273897064894420e+00
2.261272643234865320e+00
2.107586991480213001e+00
1.960397059348905957e+00
2.189858109230055305e+00
2.223849097995964197e+00
2.159494240196309089e+00
2.281957645947521041e+00
2.340067635158508796e+00
2.183264571770929141e+00
2.203283903279035449e+00
2.219374170848391170e+00
2.313119770961805433e+00
2.274614714629310530e+00
2.121080246667234270e+00
1.941943414955149549e+00
2.104869563628066764e+00
2.211335026189491515e+00
2.379749932718163041e+00
2.353712101257873002e+00
2.378510429505231283e+00
2.288821965829257898e+00
2.118483271636335541e+00
2.163880351947078839e+00
1.898664748359702115e+00
2.096737857889407586e+00
2.151519080769753511e+00
2.203743787166152046e+00
2.356822138756022866e+00
2.382490947511600066e+00
2.348225893119863628e+00
2.256226497537493270e+00
2.450330772003009194e+00
2.596943240064747638e+00
2.475162070929446845e+00
2.460949435736917046e+00
2.515631194593420439e+00
2.436661153482931219e+00
2.454055135169117108e+00
2.462501723138971421e+00
2.505624083615589637e+00
2.630504221018824307e+00
2.538405962093354340e+00
2.581414579286126276e+00
2.313797139076535725e+00
2.430709322677210515e+00
2.400823872782993806e+00
2.640649013287673874e+00
2.658960681917050817e+00
2.691175665274378570e+00
2.665246191599389469e+00
2.588859518254607917e+00
2.664872666333550910e+00
2.832350242669523954e+00
2.812451859376158048e+00
2.872798574606605815e+00
2.844931596472104918e+00
2.839501256696455922e+00
2.837493597264802769e+00
2.824403067397793787e+00
2.808855863888760851e+00
2.884515914973020845e+00
2.863394417757210153e+00
2.876267760956839670e+00
2.973377439742927564e+00
2.848432389928897468e+00
2.910932319205269181e+00
2.954161576016886670e+00
