0.000000000000000000e+00
4.053670753410212324e-01
3.925470147276541866e-01
5.642101141929796171e-01
5.608359487562477597e-01
4.914912478806880980e-01
8.056624842877564419e-01
7.474685331977430902e-01
6.194686187952818113e-01
5.917104644067338048e-01
6.635723161238509249e-01
8.495593315175397064e-01
8.857220896437735247e-01
8.595241675994326203e-01
9.050683698640423769e-01
9.792211787890067187e-01
1.074622465603532140e+00
9.154692635214964902e-01
9.186207145465822288e-01
8.495401987636826968e-01
8.381969634126757995e-01
7.892283241813772277e-01
7.446602794431979033e-01
7.216141900509147611e-01
7.100173712159700834e-01
7.847994337657058228e-01
7.185625921983875841e-01
6.467866635169995382e-01
7.300438820603980528e-01
7.793780225887642077e-01
7.770581790754429452e-01
7.501129695447936729e-01
7.502723189351271360e-01
8.356423055336581474e-01
9.325525319468708219e-01
7.086123128680588135e-01
6.905858093803232123e-01
6.610102990118372768e-01
6.874497375257129228e-01
8.765279617161493286e-01
7.248779595256524821e-01
7.044600717313826976e-01
6.461331070315349256e-01
8.392505474810952881e-01
7.527968401109980112e-01
7.736920088658026939e-01
1.017721519210969428e+00
9.274995038238302847e-01
9.291533187603306931e-01
7.607192915818473677e-01
7.399374983085130753e-01
8.190438920595985994e-01
9.185112785970730442e-01
9.857849281824764276e-01
8.296401092159251256e-01
8.720974348078487370e-01
1.046263133223340303e+00
9.759004774225449319e-01
1.082191205501625619e+00
1.034823424680084036e+00
1.190398908176849124e+00
9.908296634898381416e-01
1.209809279415324124e+00
9.684267438793648930e-01
9.956427623548688155e-01
1.015988377461332526e+00
1.118741061665183834e+00
1.027954335964232913e+00
1.095133349067605844e+00
1.087201490188173691e+00
1.205053965745572775e+00
1.082963944368977582e+00
1.202966132330991700e+00
1.064049619314943573e+00
1.232375876797546344e+00
1.286601935717791800e+00
1.222655464912456580e+00
1.088239784774005736e+00
1.466327767543748939e+00
1.331163019107378886e+00
1.160228246175020628e+00
1.222095334935535460e+00
1.224524998805380793e+00
1.499374204331310079e+00
1.417087509590041039e+00
1.482871936012539082e+00
1.620912732801328193e+00
1.593593539061319841e+00
1.424083141255954699e+00
1.593616240477341517e+00
1.547818870087718013e+00
1.470583904515582407e+00
1.453622870625862484e+00
1.624655668835407907e+00
1.483792948104843523e+00
1.624374176306410789e+00
1.991193884647204815e+00
1.967529906010272445e+00
1.830102615370646779e+00
1.808034362945053708e+00
