0.000000000000000000e+00
4.727596175809511414e-01
6.459460116275463903e-01
7.767919174683388661e-01
7.563859595165086658e-01
6.119915226205775438e-01
7.052282893404282493e-01
8.403487677897851782e-01
8.222072408012396361e-01
9.477035550685973808e-01
9.849996862569784239e-01
1.078646604778643381e+00
1.039374439644995540e+00
1.212635701794640086e+00
1.353632380498375865e+00
1.715287241275016861e+00
1.706550253108252369e+00
1.912083155139808976e+00
1.686002733874556681e+00
1.353446276040549012e+00
1.346950648178310672e+00
1.304289367267852828e+00
1.556916228027835913e+00
1.448210497659766727e+00
1.541168036343648184e+00
1.525020621027614487e+00
1.949287610110133295e+00
2.275565956895264197e+00
2.178079405167835603e+00
2.195698139053453790e+00
2.078603900706072150e+00
1.760561791137320586e+00
2.045823534949737788e+00
1.755936729356021964e+00
2.086224531594362830e+00
2.020507522551477475e+00
2.118862339985412291e+00
2.258457941051197793e+00
2.281401024305865111e+00
2.084407660949735952e+00
2.038666880949279392e+00
2.102432870492521033e+00
1.870567650621016043e+00
2.056480213203697005e+00
2.051957407714039228e+00
1.979469480182838081e+00
2.203694550532289576e+00
2.378330927515258875e+00
2.510815547440167883e+00
2.533609570864956417e+00
2.431508941244778566e+00
2.338673549439875377e+00
2.286867531151618671e+00
2.322559339647690901e+00
2.133586127101296359e+00
2.402778556391495179e+00
2.216124139076644628e+00
2.249876945856429167e+00
2.246715356491487903e+00
2.154788739968288347e+00
2.070575846417626931e+00
1.920856554123582471e+00
1.823751441190749167e+00
1.771486665898337920e+00
1.741308312163006411e+00
1.628446326046492976e+00
1.658793271015376547e+00
1.890655518164509719e+00
2.078270780699231768e+00
1.949280714624286315e+00
1.843293211685184785e+00
1.692873603345218969e+00
1.704073841622559149e+00
1.654925057421401613e+00
1.687988093243602217e+00
1.623594602104846407e+00
1.620285764302223264e+00
1.415474354050753503e+00
1.436085627696308320e+00
1.484265446556661150e+00
1.337568482784830870e+00
1.343696530105474407e+00
1.289003542987550377e+00
1.274859327292682032e+00
1.155683735260870204e+00
1.161876832867041687e+00
1.171277721007881967e+00
1.098370252419797799e+00
1.235132096573920535e+00
1.533989897104504729e+00
1.470452878856780332e+00
1.585371465779820133e+00
1.625935724761759849e+00
1.697630494493229891e+00
1.500875370314018964e+00
1.574839621245216481e+00
1.591459691649348862e+00
1.564532260695205013e+00
1.388716297730201221e+00
1.399213411616321734e+00
