2.132480599880017890e-07
4.462315733410132101e-01
6.375777838024312416e-01
7.686039416224004217e-01
8.285113995428846634e-01
6.610937726073945475e-01
1.021229673611281807e+00
1.051596764258523775e+00
1.150835236618655388e+00
1.180815856720692558e+00
1.523376959969541922e+00
1.454522763229456839e+00
1.488122827190478059e+00
1.413294873451921729e+00
1.253187222032070336e+00
1.460624987964254551e+00
1.290281036883455412e+00
1.353727363627062807e+00
1.448535235273644473e+00
1.597798619390104813e+00
1.421936774867269548e+00
1.547452485335837347e+00
1.613435658883804136e+00
1.650092696407522652e+00
1.650165835400753345e+00
1.650668500617395784e+00
1.721898210716828137e+00
1.778944079310220472e+00
1.669519760327094149e+00
1.722962018132605078e+00
1.653831845744430540e+00
1.339082346947098046e+00
1.254961932133484392e+00
1.469052913061148713e+00
1.359588206470937477e+00
1.274370521380128407e+00
1.446230804535190595e+00
1.352144175033341389e+00
1.361402024680606226e+00
1.405621056280186965e+00
1.549662797790917868e+00
1.635022579617364968e+00
1.826413173466597151e+00
1.925925621095742279e+00
2.039864371492830397e+00
2.218709797880955570e+00
2.258808011654421577e+00
2.299323406688689175e+00
2.338544515074242991e+00
2.346725668793776087e+00
2.236612877695348001e+00
2.214388065952516804e+00
2.324840166045023526e+00
2.204460078732692896e+00
2.312909636554327353e+00
2.598010656761904347e+00
2.556760721874027809e+00
2.538741339917812923e+00
2.525833700505915047e+00
2.622002005948604442e+00
2.887390245984574833e+00
2.661925422477540604e+00
2.390219521803225611e+00
2.400941297838120381e+00
2.285967183575211337e+00
2.147851197492444353e+00
2.241861377809369227e+00
2.364566437354512995e+00
2.318477222720414233e+00
2.362814913700703734e+00
2.365323514269868976e+00
2.216859357567932509e+00
2.387134480443507734e+00
2.435938661278203465e+00
2.478085764530703283e+00
2.642510188189695519e+00
2.714744233078661306e+00
2.738502916061402725e+00
2.752788854039669442e+00
2.737419326406413056e+00
2.636411459534695023e+00
2.786704451881842459e+00
2.673427014514598632e+00
2.558392406210527881e+00
2.545223020298402083e+00
2.236634061415854635e+00
2.349107797212528492e+00
2.299835495079832981e+00
2.457955372114025483e+00
2.477786371619735917e+00
2.433932266473257666e+00
2.355232073024687178e+00
2.327871009879451947e+00
2.405346878599186056e+00
2.463483953185801489e+00
2.669725673862380688e+00
2.555269695681127828e+00
2.415223650311614456e+00
2.372822316944874110e+00
2.328022590126913371e+00
