2.132480599880017890e-07
4.208236952320728030e-01
5.600474934035767349e-01
7.511756890004783749e-01
9.004393402706807326e-01
9.276426788510923060e-01
8.630477651418380081e-01
9.671059116802313005e-01
1.198733225147961212e+00
9.910966728210962584e-01
1.099047108824958929e+00
1.349257701567659895e+00
1.388931174058024576e+00
1.457666233826391267e+00
1.290442689222714545e+00
1.405125232891210718e+00
1.222967913766510595e+00
1.343734452095027843e+00
1.608930817557341797e+00
1.815706239504706332e+00
1.959387075009675572e+00
2.033496424990661744e+00
1.949220904983827829e+00
2.038269513857693838e+00
2.020309592732317139e+00
2.070936420451563897e+00
2.012445868692367856e+00
2.056102248108410357e+00
2.005567171174468477e+00
2.253354940408417217e+00
2.281072654503444763e+00
2.378623958976287422e+00
2.574058425164079456e+00
2.557582837436633838e+00
2.735043365686757877e+00
2.774024150104197783e+00
2.860678942657912671e+00
2.610059281856882851e+00
2.481671191124779963e+00
2.725297613383586004e+00
2.404015128532901446e+00
2.530764328309315747e+00
2.518050911895314492e+00
2.517029764410421588e+00
2.487679200614462349e+00
2.279681132795501330e+00
2.393032861490826058e+00
2.253407758399980310e+00
2.474705239547773772e+00
2.229684043423241668e+00
2.274677776665138040e+00
2.202153335918227928e+00
2.194184164518608426e+00
2.133999753708899050e+00
1.979089036627201370e+00
1.960140298030095485e+00
1.928646226267824781e+00
2.264579623952411414e+00
2.406752639341116051e+00
2.507859734657835737e+00
2.601191471530500454e+00
2.521375923483406112e+00
2.749728439672328051e+00
2.660557881479276965e+00
2.976166478594934883e+00
2.968695796000416554e+00
3.021300316888314352e+00
3.029199470273842287e+00
3.212478951377037983e+00
3.123365948317146312e+00
3.162955999966056364e+00
3.177686223919243602e+00
3.022972674845624486e+00
3.173401667377854896e+00
3.462174862087303850e+00
3.439687758531450257e+00
3.470341155019877277e+00
3.565474910781607942e+00
3.354601990846756365e+00
3.317811094379041759e+00
3.288054776687539871e+00
3.202922658541615064e+00
3.002931477149392681e+00
3.129015761977501420e+00
2.899061839417870878e+00
2.707340641796724512e+00
2.692991320166474800e+00
2.568541513864520898e+00
2.773149543686414642e+00
2.836209458962528629e+00
2.699667603540909511e+00
2.593823312362481204e+00
2.694593372049208124e+00
2.741453168400219909e+00
2.702380970231617940e+00
2.799154028485697498e+00
2.855892808182293408e+00
3.084044230620945459e+00
3.043499779235909752e+00
3.279146518727767301e+00
