7.387129490294298213e-07
5.576266784412240440e-01
7.647455463688795918e-01
6.957024208219190209e-01
9.034386442821606966e-01
1.021661237509202902e+00
1.242917170797627202e+00
1.419741257164000015e+00
1.473684399262713773e+00
1.435718111343867509e+00
1.271551923733674538e+00
1.448311676405645176e+00
1.581106614777504804e+00
1.469879965348842132e+00
1.304226521584529452e+00
1.362306078420809419e+00
1.349530280549217309e+00
1.532079831444260520e+00
1.489631821191766736e+00
1.534317625660282847e+00
1.573680084678455549e+00
1.384925146238652927e+00
1.314157115756337646e+00
1.513491395028108366e+00
1.709598620607911013e+00
2.138716233475467465e+00
2.128511536019360495e+00
2.070979529923880236e+00
2.031645123076422532e+00
2.020960067659165915e+00
2.079839847183151846e+00
2.143639136366357612e+00
2.212127431387006293e+00
2.138276867940844816e+00
2.169628470320348779e+00
2.200416723198838742e+00
2.368334897033855135e+00
2.316228384813947994e+00
2.437396843279856729e+00
2.375199693182409089e+00
2.539976435124501997e+00
2.516297546968490728e+00
2.710747581962328123e+00
2.382198330249718499e+00
2.412266044718323954e+00
2.497721728237194405e+00
2.628652838326453800e+00
2.558303580436241731e+00
2.487905201081211271e+00
2.491041315219745922e+00
2.425751371227936826e+00
2.315905158842441747e+00
2.618760661154071911e+00
2.509552565696490767e+00
2.560156411169395074e+00
2.238172428935595537e+00
2.391744870371932397e+00
2.466433309241236493e+00
2.372579961293821427e+00
2.176798201611905625e+00
2.231707073787452256e+00
2.115010349357250519e+00
2.112167649459638419e+00
2.204422859719756378e+00
2.184353318459893334e+00
2.308948442524029421e+00
2.503689599419007372e+00
2.763639181339226258e+00
2.647779575057090273e+00
2.697687173105335123e+00
2.650494513078140546e+00
2.607874337095880346e+00
2.660788337540343829e+00
2.660144515628291018e+00
2.498532863564617124e+00
2.654865846447304278e+00
2.917300268799835727e+00
2.737393596709000843e+00
2.525602748261624786e+00
2.652198650976782535e+00
2.782304122787455647e+00
2.830443365993691174e+00
2.679703712345386180e+00
2.717072133048086702e+00
2.643912013928428006e+00
2.710124276151714806e+00
2.746114813083404105e+00
2.720188519208941003e+00
3.016311492121386717e+00
3.087152407956230249e+00
3.186649312866433714e+00
3.183562695838113132e+00
3.162023434295229141e+00
3.310017257444128447e+00
3.437155995259316033e+00
3.434613949036073421e+00
3.447574530291366290e+00
3.617982184240534860e+00
3.800447552126637873e+00
3.631826880352083009e+00
