2.132480599880017890e-07
5.336672427755803083e-01
5.122985312058609964e-01
5.974033014693359567e-01
6.706072876603504929e-01
6.878290241010701633e-01
6.340026406319941854e-01
6.429173553551749132e-01
5.308024344942344763e-01
5.808304490790580088e-01
6.809418818278928365e-01
7.158838879479534345e-01
8.416488922562568309e-01
8.487496718708684718e-01
8.182795167358765109e-01
8.015661347891342992e-01
9.627607995190996526e-01
7.769609056580112361e-01
7.255153740831523645e-01
6.942040120978667517e-01
8.156313995852764176e-01
7.453650408894024748e-01
6.476491639978751991e-01
8.236019697892877911e-01
9.070104419619755554e-01
1.050970272958772211e+00
1.069376699265053521e+00
1.060183586427580593e+00
9.508401496479106374e-01
1.064412472013367195e+00
1.007852564821984931e+00
9.087370556602986094e-01
1.018566860802846641e+00
1.181450342957338862e+00
1.094516729892462736e+00
1.172270909684496321e+00
1.212557408495538391e+00
1.169960451727482642e+00
1.185419046749237815e+00
1.251698619124655965e+00
1.128219590728398947e+00
1.221100274687444198e+00
1.193530339147551356e+00
1.214179174280886286e+00
9.332849199934095674e-01
9.393805701123868479e-01
9.500682445208241678e-01
7.893090778783283801e-01
7.993771469921117090e-01
8.079916804829013754e-01
8.343896700553955492e-01
7.448905774665059987e-01
7.816780221134532747e-01
7.471243839693034738e-01
8.260404550729073536e-01
7.017397992765185277e-01
8.430302023876676820e-01
8.351959252249719912e-01
8.924421332623723169e-01
8.109815117068702728e-01
8.198123452721749471e-01
9.807510554478328091e-01
8.511759683461094239e-01
9.848447111374444285e-01
6.830144659014415476e-01
8.876643414340013027e-01
9.975878747217740150e-01
1.065546084086177459e+00
1.174997541740061102e+00
1.171614142833510286e+00
1.129101015031839683e+00
1.188414276370625355e+00
1.186682621909991964e+00
1.056444093705694032e+00
9.665358678251271263e-01
9.745027916607947871e-01
1.102953474467133210e+00
1.112418750009616542e+00
1.014535569327011943e+00
1.040267460345027262e+00
1.079692928090090209e+00
1.185342488290293428e+00
1.079972995887133358e+00
1.147284347436281271e+00
1.028337124543702297e+00
9.929916176324626864e-01
1.159108754095794724e+00
1.343297707992209711e+00
1.248434494720057408e+00
1.231515121263288437e+00
1.244124769642828809e+00
1.654356641519601157e+00
1.433369755157090530e+00
1.440419507361301754e+00
1.502478289685882151e+00
1.626422506240446486e+00
1.640243201755719138e+00
1.505691335672977527e+00
1.592839304402648759e+00
1.741780069631550409e+00
