1.507891492923917490e-07
4.232185970057080748e-01
6.879218530100693618e-01
7.921729948623043027e-01
7.661147082261059449e-01
6.040077660124139047e-01
7.611548434149381093e-01
8.267150780816472366e-01
7.884337500546153565e-01
9.472274499875958931e-01
8.910520975117371956e-01
9.092443508322046730e-01
9.617080090706306983e-01
1.027297655832461576e+00
9.650746994776145948e-01
9.578338910961795571e-01
9.304387313705377860e-01
9.289284517566402943e-01
8.593003493177158170e-01
9.306459147073075089e-01
8.303856698325071672e-01
9.010253738425776371e-01
7.217210510486021802e-01
7.303351760876609644e-01
8.472573978350212975e-01
1.061799494333874661e+00
1.055799596654373396e+00
1.195208844089099776e+00
1.014005317105266979e+00
1.141087312839626833e+00
9.264969665785682817e-01
1.141274916840472331e+00
1.137457674495764293e+00
1.171865096313697174e+00
1.294888875821530672e+00
1.293994497630828411e+00
1.173611252623995238e+00
1.204320041244518080e+00
1.109607983868958536e+00
1.053127378799064040e+00
1.122907531521543101e+00
8.723073493061712647e-01
9.995750880311340403e-01
9.520085012431647176e-01
1.000163576462674619e+00
1.194714869204088092e+00
1.035855559708809714e+00
1.157030947370386365e+00
1.148694373258684287e+00
1.111174558394724343e+00
1.092662786318344237e+00
1.222652784078358534e+00
1.127988009823340354e+00
1.053331543732315856e+00
1.025659425972551997e+00
9.881713751839693582e-01
1.037911634368924751e+00
9.896692302829767085e-01
1.137687935390676586e+00
1.118387231158435302e+00
1.262561909629210222e+00
1.224054599913146912e+00
1.268173530641988123e+00
1.347502131565802674e+00
1.278414161786853853e+00
1.257044132091691635e+00
1.153067308359850607e+00
1.222164154217725507e+00
1.310528211813210220e+00
1.194700527006166801e+00
1.233458331409739595e+00
1.280651565377251666e+00
1.460046554328302104e+00
1.327507022441146711e+00
1.380187697323543183e+00
1.259135871433477272e+00
1.403040986475522889e+00
1.315487105126774248e+00
1.346457125639358932e+00
1.113713682385892412e+00
1.245620975686012599e+00
1.157086046354301567e+00
1.197356151157942472e+00
1.177994838459987204e+00
1.348780954675235844e+00
1.331969882022290719e+00
1.544317537292721143e+00
1.487893911286657600e+00
1.362800560621283852e+00
1.477687302353766219e+00
1.442145292503260734e+00
1.279285432745555395e+00
1.151328320129178628e+00
1.127296774934717138e+00
1.250423990557701925e+00
1.310390961067219084e+00
1.403659161133371969e+00
1.365125156764595005e+00
1.474571331101673044e+00
1.235838395731397643e+00
