5.223489356090222115e-07
5.636506767395603745e-01
6.700497069462760802e-01
7.382770533774701827e-01
7.857489633698065967e-01
8.887956927743657642e-01
7.973917252220045215e-01
7.129628699945055326e-01
8.673987050420702838e-01
9.866128272706209401e-01
9.568452165968516221e-01
8.063718973688428493e-01
1.055814108368555715e+00
9.456495865397864797e-01
1.053661419760752782e+00
9.764125072701305141e-01
1.028018839859760059e+00
1.233666915066719216e+00
1.311990965804164633e+00
1.221788865897425858e+00
1.517456682183287553e+00
1.502365423404045774e+00
1.276239505704219068e+00
1.481602852945651749e+00
1.427220138837704821e+00
1.381731978974066744e+00
1.468676067512478589e+00
1.537861773495559303e+00
1.576518004328182343e+00
1.747250372164465881e+00
1.742688889261779117e+00
1.638728077826939078e+00
1.646171399094860099e+00
1.661944104284351464e+00
1.635513036711670365e+00
1.772755852052934955e+00
1.721329219175181224e+00
1.754667200788021297e+00
1.799837452199155585e+00
1.662609382942537906e+00
1.794866254523204363e+00
1.863597967526769983e+00
1.766256089184319755e+00
1.939539419590592395e+00
1.862284231980841920e+00
2.099631408822029588e+00
2.169504969038475117e+00
2.030513377142978637e+00
2.312597357146261690e+00
2.159472464324460272e+00
2.155685514699786420e+00
2.122240462192782839e+00
2.312356637517440472e+00
2.370472076429552377e+00
2.232433006770022210e+00
2.178500888244935929e+00
2.169172923270540121e+00
2.422049379903110644e+00
2.230956095926527105e+00
2.107735351372141075e+00
2.211981835020216280e+00
2.139617647317110460e+00
2.048700775102108462e+00
2.020575500146135184e+00
1.874268393133711852e+00
1.796917551525817558e+00
1.913967706360859111e+00
1.963530710783198741e+00
2.026793834493803903e+00
2.037701471112993268e+00
1.919276151644582873e+00
1.732695020742044179e+00
2.033239554797634074e+00
1.684192387677057923e+00
1.896955992639041355e+00
1.782728107635754178e+00
1.771130084444501707e+00
1.860622297682851478e+00
2.157903440343369450e+00
2.232733734422059246e+00
2.356192331625070580e+00
2.443835163908230523e+00
2.408902503705055320e+00
2.333887588030823412e+00
2.568738455373729579e+00
2.389332343517655222e+00
2.358934513683967893e+00
2.496711140081726565e+00
2.540141777137208567e+00
2.510342793759337887e+00
2.728545332790541789e+00
2.733064533679907093e+00
2.729583203385433254e+00
2.661247104052866685e+00
2.748514360387035449e+00
2.901600720865253003e+00
2.955651176643840472e+00
2.889802223486201083e+00
2.678188277107377058e+00
2.774254281267132694e+00
