0.000000000000000000e+00
5.378595192937920544e-01
6.150840747810700782e-01
6.628799884549243515e-01
8.414330707315401670e-01
7.289704262439572480e-01
9.154542432819124942e-01
1.014317461192927539e+00
9.567790238648309353e-01
9.669671066533657156e-01
1.024303546221097649e+00
1.089683348326993428e+00
1.185784673036691217e+00
1.004384492402784268e+00
1.228410224617512592e+00
1.140605106374232625e+00
1.202096097292654875e+00
1.245592229411940366e+00
1.275160675710306002e+00
1.396004369703873982e+00
1.387871544520607570e+00
1.373106855552457262e+00
1.407862981496368793e+00
1.363194873031805310e+00
1.558526440886879749e+00
1.362587232437532769e+00
1.395201717978257205e+00
1.638204397109675581e+00
1.650260475589071518e+00
1.527594671939664694e+00
1.679083715610414806e+00
1.655223116476447487e+00
1.721201933990731403e+00
1.718610445678611542e+00
1.646018457779268696e+00
1.653022030084742466e+00
1.452535555364177222e+00
1.556682438066899543e+00
1.357707238520591497e+00
1.569803191235107587e+00
1.647523949258911102e+00
1.700002041651569318e+00
1.633805531946886935e+00
1.620138643861941397e+00
1.575471371024845357e+00
1.506127705920350168e+00
1.729381643669933188e+00
1.778568284833280222e+00
1.814313377974028363e+00
1.800189434267360777e+00
1.583810740679435503e+00
1.732747194634194132e+00
1.551551699407566876e+00
1.552392666707852698e+00
1.456873920923612786e+00
1.682031251066552047e+00
1.783097527994630838e+00
1.638994132480330324e+00
1.633122696135066221e+00
1.642338025640894816e+00
1.467847577340562815e+00
1.573028399988823933e+00
1.459957828859161477e+00
1.486896534890146615e+00
1.544842495308554442e+00
1.562108737862136776e+00
1.808409130312670587e+00
2.069570890109005301e+00
2.095727299154093615e+00
1.934289948715529395e+00
1.993666319580632784e+00
1.973794823650190766e+00
2.035884761516725039e+00
1.915394338606130287e+00
1.902653333457610341e+00
2.122971503902026935e+00
1.932735694263171933e+00
1.902821749514494787e+00
1.858640768040660030e+00
1.730626758641034213e+00
1.794693238577170336e+00
1.870238799882951497e+00
1.939923234912981576e+00
1.879371366462408544e+00
1.886634478559128247e+00
1.955698175157797092e+00
1.896873168761780137e+00
1.920489442957042714e+00
1.998546280688744403e+00
1.868706005510626822e+00
1.799195849412245085e+00
1.638735989612904564e+00
1.680064919678360802e+00
1.647331191845309073e+00
1.586551257814049709e+00
1.391299141618500546e+00
1.656945121029208989e+00
1.418133107140765015e+00
1.455561353360934396e+00
1.442396973775695423e+00
