0.000000000000000000e+00
5.856359017163211833e-01
5.159709952179704073e-01
7.674616938552945022e-01
8.139313029834960300e-01
7.690975807163793476e-01
1.144525732712940780e+00
1.213235680246655068e+00
1.329507473173275667e+00
1.309915806106486169e+00
1.315102930063968945e+00
1.269901197486810185e+00
1.228132725931931457e+00
1.169815678072233744e+00
1.292814819282347871e+00
1.409363493201299056e+00
1.473981484172024903e+00
1.499783680948031162e+00
1.431306329230140229e+00
1.231679805979764453e+00
1.206111828375993067e+00
1.398263127093352987e+00
1.266950389745421290e+00
1.329699812093710465e+00
1.457378782237644943e+00
1.422115589451447448e+00
1.316868702517656642e+00
1.420867465097181759e+00
1.451127865541629758e+00
1.359976265617750091e+00
1.449262565790961244e+00
1.339371502367110001e+00
1.447312513251352684e+00
1.450490956539695286e+00
1.299977896881973294e+00
1.382042303700267816e+00
1.248241000319922245e+00
1.160856829140297863e+00
1.241505079190005523e+00
1.392910380429179806e+00
1.324444469670615243e+00
1.373769151766246255e+00
1.414467485212935749e+00
1.317908471669017922e+00
1.136208198504820466e+00
1.106370408516341275e+00
1.215496212010084287e+00
1.265556265295271432e+00
1.377932380648400068e+00
1.539797602019364664e+00
1.522965449941668936e+00
1.329146397555034165e+00
1.349369509102398945e+00
1.345662160585975098e+00
1.180035027189757502e+00
1.294849976522566504e+00
1.474994661264998896e+00
1.311901387209088776e+00
1.355276688287902820e+00
1.406509318255779739e+00
1.601987196368567234e+00
1.559683595218281260e+00
1.537371136551159090e+00
1.653017885347558336e+00
1.720729810150446681e+00
1.915462880336060714e+00
1.860804017905096863e+00
1.901607556501375695e+00
1.911004355774663432e+00
1.932617628398103804e+00
2.018053470028676522e+00
2.120678704779068280e+00
2.061985772877040546e+00
2.087896026921893355e+00
2.069464851680552719e+00
2.144960446913454000e+00
2.023054064824330922e+00
2.079932097870782037e+00
1.902085117751449284e+00
1.961050036285918230e+00
2.094838876964838725e+00
2.034026971323627198e+00
1.920640638153766622e+00
2.378882937143888654e+00
2.368114847324521932e+00
2.392802716748543723e+00
2.383490147433651174e+00
2.248087746501546302e+00
2.191147995921570502e+00
2.256274545147840982e+00
2.304311603681986398e+00
2.436014421448031264e+00
2.375141860925066517e+00
2.377982301770323215e+00
2.138040638760800416e+00
2.102387182419993117e+00
2.133216398639573796e+00
2.272587429113746893e+00
2.319945494589303880e+00
2.214024448576023207e+00
