0.000000000000000000e+00
4.416922853310517039e-01
5.200975100862245126e-01
7.944238516106519876e-01
6.803680305970296605e-01
7.145555105999473744e-01
7.501292008929609789e-01
6.452053677061257986e-01
8.440546974687100912e-01
8.608720649888921272e-01
8.701221139348263023e-01
7.772082963112403320e-01
9.284861988332677729e-01
9.172281128513978254e-01
9.928632299261630489e-01
1.047326572848905402e+00
1.163137086499812956e+00
1.431009778980603331e+00
1.535824485290665953e+00
1.677540328217677290e+00
1.712245412888792062e+00
1.981056411818616025e+00
1.964230771235671469e+00
1.800717365737114717e+00
1.815128461457744313e+00
1.695934005791987831e+00
1.848613964454617786e+00
1.922190416193827467e+00
1.628142517013720925e+00
1.791528634329272229e+00
1.798478531680232750e+00
1.833440885490310368e+00
1.823670643660548540e+00
1.735382766588229542e+00
1.694794806825211442e+00
1.644669664699108358e+00
1.742119742479453004e+00
1.830405013488662025e+00
1.835661160584540097e+00
1.785277446135983048e+00
2.019487694567516201e+00
2.069487945051720956e+00
2.136648727311809104e+00
2.071666604298501468e+00
2.320948839102741967e+00
2.337710369281769118e+00
2.291783214433521287e+00
2.125815844901170593e+00
2.241885541573767959e+00
2.312033526593554100e+00
2.378959985083489492e+00
2.593014198357812994e+00
2.400832733978736755e+00
2.492241621319561506e+00
2.480375781740773888e+00
2.405576349013088144e+00
2.402934519081254994e+00
2.460576445327687267e+00
2.421174454156575617e+00
2.253201082827313240e+00
2.362939292816843562e+00
2.195105326828229675e+00
2.116545255632555911e+00
1.889025884086220852e+00
1.836728781061591764e+00
1.877730323343272723e+00
2.121885856201327858e+00
1.787978204461249554e+00
1.764309110279666637e+00
1.983967691505331032e+00
2.080756478882622496e+00
2.157162834997119916e+00
2.257289736893130616e+00
2.333382683831531690e+00
2.389242070507950011e+00
2.397313531817781396e+00
2.395275930703707257e+00
2.316996680887353666e+00
2.411700254281557765e+00
2.271293341560781442e+00
2.414435837767788140e+00
2.410021925710515767e+00
2.419143878882340726e+00
2.419318787249361780e+00
1.995743125525271111e+00
1.882355617503052470e+00
1.890038943209104039e+00
2.114199261365937055e+00
2.332652188587721831e+00
2.421186129879404625e+00
2.269252298681733393e+00
2.338168909061881351e+00
2.399507800451523565e+00
2.144829720076674384e+00
2.170789400097539179e+00
2.199017869045650109e+00
1.971848688667254601e+00
2.171494462618425825e+00
2.144712688289239111e+00
2.169834592552528196e+00
