0.000000000000000000e+00
4.764382520393825038e-01
5.547316758112550428e-01
6.042804448254615046e-01
5.467887474785975144e-01
4.693483295981399905e-01
4.812826794067946445e-01
5.957553801334033450e-01
6.023231166342994936e-01
6.127905394590220656e-01
7.088604667835265438e-01
6.818539375720940043e-01
6.815530171722297137e-01
8.984776423440469229e-01
9.488507755096080576e-01
1.055267686520401815e+00
8.310467702261254974e-01
9.837359561699094979e-01
1.071960125605651681e+00
1.064394256046276022e+00
9.887189143316252871e-01
8.892627745418260066e-01
8.797805738294434130e-01
8.386739090991820467e-01
8.618279680353644334e-01
8.849863716277249770e-01
9.190615012003249262e-01
9.612280194028000047e-01
8.765555878379099886e-01
1.014043912761401156e+00
1.077473613906557715e+00
9.511949138185508135e-01
1.084964383701200630e+00
9.259452267192853636e-01
8.431682812757353984e-01
9.670577184667477066e-01
9.707351962101903320e-01
1.180257319092720136e+00
1.178733544298935954e+00
1.258530147364784746e+00
1.173333910606166652e+00
1.238692601018571482e+00
1.372482530201135420e+00
1.177352792666518155e+00
9.684581478303272428e-01
1.155950536612341040e+00
1.037083669981315071e+00
1.120900091580690816e+00
1.071282695471131641e+00
9.300680336136954995e-01
1.010751350869668386e+00
8.655308483458007407e-01
9.007410516058409478e-01
8.748741598780719331e-01
9.923592317101610494e-01
8.953707030590460914e-01
9.634330676654739856e-01
1.037908208426024714e+00
1.154515380731275576e+00
1.120864636043850782e+00
1.072108780487107893e+00
1.086014381849025989e+00
1.136498262756776123e+00
1.084800143843996478e+00
1.076518997405150779e+00
9.068530625649072752e-01
8.219280046173289556e-01
7.956734883573610695e-01
7.365847576913173711e-01
1.011121112541944145e+00
1.091006655003694759e+00
1.006689900323934239e+00
1.091253064819516894e+00
1.106146057345657185e+00
1.162448544056325694e+00
1.159746025570323802e+00
1.108784094987176339e+00
1.076019495246307578e+00
1.032251767618547422e+00
1.086262356110080152e+00
9.512822011660893029e-01
8.881750138056571098e-01
1.017784413110262243e+00
9.910180225855591551e-01
1.201540572490573444e+00
1.034967592178334783e+00
9.562970667461369034e-01
1.076362468392092708e+00
1.123287480192968646e+00
1.228209927321528117e+00
1.107883007322501889e+00
1.091377596764049329e+00
1.122672285130054792e+00
1.101591956618394486e+00
1.053634305034329977e+00
1.012306885446097038e+00
1.033730586981995492e+00
8.473805886635206175e-01
1.049421608764285807e+00
8.508722973148145075e-01
