2.132480599880017890e-07
5.605935658890814910e-01
4.816894010414784488e-01
4.743643944100884302e-01
6.540726452146424785e-01
5.325498429144048806e-01
4.689414966562062692e-01
7.131736146505111007e-01
8.567513622879551205e-01
9.852862241203721450e-01
1.043457080107107027e+00
1.133204481040177125e+00
1.056251247574893748e+00
1.027597148689160189e+00
9.532348532247383321e-01
7.997560859519843302e-01
8.998710631806414728e-01
7.413446634585990624e-01
6.798475631571588851e-01
6.120980630416669177e-01
7.553700523142631296e-01
7.584381035403032767e-01
8.428470419540099456e-01
9.592151320700273986e-01
8.616189921225110293e-01
9.742067287478769488e-01
9.569859482289885255e-01
1.106238159176359259e+00
1.075783461371034644e+00
1.031741844966436839e+00
1.269806847586927301e+00
1.190531267727958253e+00
1.242313359288841568e+00
1.407908270066999590e+00
1.507940708868401591e+00
1.633147380408196847e+00
1.665466685452965612e+00
1.687553921049629535e+00
1.661845396281050657e+00
1.738621043232244201e+00
1.757539835473547196e+00
1.636676376135848265e+00
1.504556833257454374e+00
1.636138790764506412e+00
1.709349110941796646e+00
1.809975987993348356e+00
1.885800888371355732e+00
1.768227714785947979e+00
1.763535204866612194e+00
1.719932987001173474e+00
1.876197332905640058e+00
1.802141619334385103e+00
1.912609532650915378e+00
1.925421913240929150e+00
1.791559854740131241e+00
1.969376059396771295e+00
1.916214407205887538e+00
2.093113047790557957e+00
2.019815230038832343e+00
2.084371947396427505e+00
1.961072796803557061e+00
1.803998876806411022e+00
2.119681046103899735e+00
2.345959814473399963e+00
2.401022336314156291e+00
2.198793622165570394e+00
2.192578373836929551e+00
1.968082820530137500e+00
2.153968711376356815e+00
2.410227412524664103e+00
2.314402656941672909e+00
2.303177779968792471e+00
2.041262565550839181e+00
1.973215383236317511e+00
2.157803997489828429e+00
2.054300561972284722e+00
2.143926951001210224e+00
2.249317344200821633e+00
2.114615092643572059e+00
2.144948818023099779e+00
2.086480765028748685e+00
2.134588618974459173e+00
2.203155428979534758e+00
2.369469098825965681e+00
2.267113945241074457e+00
2.254621055149655717e+00
2.310043002360156805e+00
2.273905605806561869e+00
2.186448208384329295e+00
2.048454263938857434e+00
1.978816078133875278e+00
2.000241927813689369e+00
1.952615632351434094e+00
1.902316183707451369e+00
2.105355889702845928e+00
2.004540903185199507e+00
1.890009966075087089e+00
1.937170609189014625e+00
1.882265237986469053e+00
1.997290471826594471e+00
