2.132480599880017890e-07
3.946987696493833853e-01
4.767958310332828797e-01
5.667701756391169132e-01
4.806726177180640214e-01
6.199014691241376829e-01
6.047704281519832303e-01
8.543638473438784908e-01
9.362509735178536907e-01
1.219686756236313174e+00
9.887465857935006097e-01
9.642649321542724472e-01
1.015311928160044230e+00
1.138003866881577286e+00
1.149192848477040840e+00
1.131331202068436070e+00
1.330095776218077175e+00
1.254898383449588595e+00
1.210575991603957791e+00
1.197220332819255439e+00
1.269354621320202270e+00
1.152357854837666506e+00
1.112942792370489098e+00
9.722221613133621432e-01
1.133692643156951174e+00
1.132358135933954735e+00
1.159493385489643424e+00
1.104254930481105346e+00
1.194637215834890576e+00
1.157595071999505176e+00
1.233149495169324927e+00
1.060443189581773638e+00
1.160585937938392709e+00
1.285538167142087129e+00
1.311387465888985693e+00
1.324434776561461913e+00
1.372544819703148677e+00
1.331312159933131456e+00
1.151574075792277441e+00
1.166214430449656003e+00
1.391642803449039345e+00
1.495703382863781350e+00
1.479841635683543988e+00
1.300456055232906749e+00
1.359819408695457144e+00
1.200612501133142773e+00
1.038960072711462956e+00
1.104186913332101172e+00
1.079647682939412823e+00
1.288517574702442881e+00
1.400320922362994880e+00
1.472845690482452508e+00
1.480347077984198956e+00
1.527288380843860205e+00
1.509105929003680346e+00
1.455712093006753083e+00
1.527787667334929989e+00
1.616448720450201604e+00
1.605411805280424486e+00
1.581810223404002347e+00
1.618430216599068494e+00
1.711683042365668816e+00
1.559969086423383500e+00
1.594990532404985784e+00
1.482319897253216334e+00
1.653642122064424624e+00
1.759160509811653172e+00
1.834848021866399614e+00
1.958420413217996758e+00
1.470730397652063148e+00
1.585856444350911554e+00
1.368663193130600142e+00
1.441374007458837481e+00
1.432730580776875762e+00
1.594408019909939300e+00
1.376215002238509566e+00
1.421599056264843730e+00
1.411883375704015009e+00
1.290666746654964170e+00
1.453807535100132720e+00
1.412793743788420819e+00
1.284846547250984683e+00
1.180520470036976244e+00
1.135286585507871981e+00
1.315140707533673403e+00
1.212276108084708648e+00
1.352416078770665608e+00
1.530367320046359225e+00
1.354919958353866249e+00
1.360864398767119399e+00
1.350705826475699034e+00
1.396535023283353105e+00
1.279942819398542708e+00
1.315838040066672487e+00
1.311069092693624816e+00
1.416032033086339625e+00
1.368917187120244350e+00
1.311346051814701097e+00
1.306698406564191339e+00
1.190756009362832657e+00
