0.000000000000000000e+00
3.969970193451829443e-01
4.898457560327039162e-01
7.027528560616019826e-01
8.390532097509217913e-01
7.252740128433515787e-01
7.804685039316398010e-01
8.340514017815217063e-01
8.672126153181809460e-01
7.979357157129505218e-01
7.048367839557294623e-01
6.166656966062282752e-01
7.507821848509819151e-01
8.400064648953994295e-01
7.159959118822974977e-01
7.140251758160101048e-01
7.568827622863638638e-01
7.209410631533244018e-01
8.120385418964816138e-01
8.187474182489022922e-01
7.604194197912738096e-01
7.171715340539984718e-01
6.554296878300893692e-01
6.425598988095417852e-01
7.925733226174332957e-01
8.708056853183945289e-01
8.403518847647059031e-01
8.956313179256807366e-01
9.491112408527071498e-01
9.603914325675283470e-01
9.518719623630097493e-01
1.091206811444693558e+00
1.050868272992097729e+00
9.743438361346675736e-01
9.321980725126883804e-01
9.188130266740525132e-01
1.104597974615525668e+00
1.206758400073381754e+00
1.147669253008413159e+00
1.025853977364586056e+00
1.130218381336457689e+00
1.087846798317740227e+00
1.279525721061004262e+00
1.121808478717821078e+00
1.084014626967516159e+00
1.223193748049003160e+00
1.180525860837583041e+00
1.307515993230037088e+00
1.358853938365313541e+00
1.506611459801066255e+00
1.432619093222724738e+00
1.516229655712747482e+00
1.695726696234939768e+00
1.540827155418227123e+00
1.755621057838815391e+00
1.844459346477210770e+00
1.850902407964456042e+00
1.954223753901144667e+00
2.139928819670538385e+00
1.929107950030373830e+00
1.935325834619052721e+00
1.939791577078497919e+00
2.007786322631969433e+00
2.047671723889652906e+00
1.873607679318051611e+00
1.699274788620692700e+00
1.514387496393459598e+00
1.544035623776845334e+00
1.834078869543555923e+00
1.799258191800014339e+00
1.813298676141923638e+00
1.717464759255411755e+00
1.938327744424009680e+00
2.072772174373127996e+00
2.027897680949223513e+00
1.987277660863250528e+00
2.200116496874349181e+00
2.313656862240204948e+00
2.137671272359006114e+00
2.245589354225848044e+00
2.143709032668066783e+00
2.001494985263847948e+00
2.035660050921441755e+00
1.933030574807008906e+00
2.038136024946097802e+00
2.071365577975575079e+00
2.195910671808583459e+00
1.814140370799207647e+00
2.053797694558896048e+00
1.952009833531171301e+00
1.888168015255385024e+00
2.018903130344164243e+00
1.937599902195290991e+00
2.024937988545787881e+00
1.983844529959483793e+00
1.765696999050969218e+00
1.798268422080963269e+00
1.772421917274484615e+00
1.795449515841909260e+00
1.842982064429417921e+00
