0.000000000000000000e+00
4.254942542873136335e-01
5.454149811572009954e-01
6.219794867164772922e-01
5.445368978187233866e-01
7.387123895205970348e-01
7.508029283986228375e-01
9.554689912029095122e-01
9.489629510450755534e-01
7.886610636646563810e-01
7.915262597739698425e-01
1.077318490543694551e+00
9.746233499850817106e-01
1.140927134614310834e+00
1.109155134958270450e+00
1.037908186673410338e+00
9.463946151873718904e-01
1.110518861757502584e+00
1.335059981365497528e+00
1.356083718940270577e+00
1.388784499766920755e+00
1.307991422450505592e+00
1.272905044853100298e+00
1.450107267176435899e+00
1.285616388317847303e+00
1.304944984933497087e+00
1.529606683731201233e+00
1.567744326515384312e+00
1.241760430974568008e+00
1.292841302449458496e+00
1.490525509460302267e+00
1.384542564119547015e+00
1.382935308517015516e+00
1.447243429261605874e+00
1.352142352728957331e+00
1.464869045089313149e+00
1.481139333944815784e+00
1.404506644817506311e+00
1.559374599730042998e+00
1.552319516433843472e+00
1.675068443559932785e+00
1.407015518271097276e+00
1.471868725311775039e+00
1.553130704117562821e+00
1.554948535348826821e+00
1.692432034747700431e+00
1.641674446795161835e+00
1.642673660273983094e+00
1.084777007839258012e+00
1.312797495408952519e+00
1.109520563358322276e+00
1.155719876425759685e+00
1.239811381779361898e+00
1.221992454647290449e+00
1.240947923498076255e+00
1.052165868185950259e+00
9.889990420879257726e-01
9.169436057037919641e-01
1.023331872760610883e+00
9.693386923950875200e-01
8.785681772470125273e-01
9.626956715910164331e-01
1.054296666653858905e+00
1.146125407778997074e+00
1.043758144771912644e+00
1.327085253714927804e+00
1.316468735656806777e+00
1.404564816573127040e+00
1.242132700058602435e+00
1.474913169185381179e+00
1.389599523410464554e+00
1.594410717500701624e+00
1.737370230573334728e+00
1.756172107342378830e+00
1.685907104414824609e+00
1.690473370263442909e+00
1.504716360021005173e+00
1.732797538149376315e+00
1.859956262541826444e+00
1.691699485483625809e+00
1.900407283732756136e+00
1.926779024215925729e+00
1.779878267387475343e+00
1.981166264463543270e+00
1.739289275100455612e+00
1.739008876970882689e+00
1.694946556008907201e+00
1.886327185695163777e+00
1.922190728141879301e+00
2.123816626641927829e+00
2.100297924022137330e+00
2.023469800205629721e+00
2.146590899642010886e+00
2.168478669020059257e+00
2.181022413902147683e+00
2.223090891937808067e+00
2.376011375551855487e+00
2.342022623992527031e+00
2.371070269720458423e+00
2.209147852328281925e+00
