6.031565971695669960e-07
6.337085336613824671e-01
6.519780098384806433e-01
8.708557137302924689e-01
8.527464761568314122e-01
1.087980645726297491e+00
1.150248414978821909e+00
1.137485973412903695e+00
1.201362824999975043e+00
1.100935369645777762e+00
1.182937989146988444e+00
1.153941523480068287e+00
1.014295617745433864e+00
1.058176204534181819e+00
1.046131832357795055e+00
9.669436923086260904e-01
8.332414165654841165e-01
9.175902244202202018e-01
1.098225367804524621e+00
1.121176140174397151e+00
1.055292347440671685e+00
1.023017597118100142e+00
1.129233535665965737e+00
1.071588138802099799e+00
1.260073057581618805e+00
1.438529444853268835e+00
1.472055687672056301e+00
1.675884135106753714e+00
1.779995768971872172e+00
1.770636825940009818e+00
1.983806447421599728e+00
1.823397172990573356e+00
1.835481308607785911e+00
2.239710248024092021e+00
2.166666208009361050e+00
2.220786278271567493e+00
2.365671474524073670e+00
2.612993029573559056e+00
2.799431877911492172e+00
2.647535477855910813e+00
2.610955758760157064e+00
2.840386344573345490e+00
2.591378455523347668e+00
2.711795561043249148e+00
2.716088238134063637e+00
2.695929201616793502e+00
2.723467309698424543e+00
2.794087370603867360e+00
2.912849761893269829e+00
2.940511335882756594e+00
2.948800378109770914e+00
2.975876788504575376e+00
2.948656015977017653e+00
2.862142302721439435e+00
3.107306790431970445e+00
3.253418889632434308e+00
3.164072929966157410e+00
3.056794584823923522e+00
3.065547633576734654e+00
3.001529374338882228e+00
3.131081495569966844e+00
3.172387896970875421e+00
3.136865229115576525e+00
3.370011776496535383e+00
3.307058062856454317e+00
3.326716136329861406e+00
3.455982067047887796e+00
3.470587048009599496e+00
3.271541673169494402e+00
3.216876004031763880e+00
2.977298436603637910e+00
3.003690074354286921e+00
3.002609606865318082e+00
3.270030429633175473e+00
3.234608761219068374e+00
3.138748466685546301e+00
3.108126087270270954e+00
2.971461486605268654e+00
3.025309495472626509e+00
2.892495461319069872e+00
3.131758234812706654e+00
3.179765928455824842e+00
3.168261137464531085e+00
3.250818536309103113e+00
3.284398208258138663e+00
3.191800794801052277e+00
3.368392030551768723e+00
3.354792109986614257e+00
3.504290102553259345e+00
3.574098037700220942e+00
3.320439407953612143e+00
3.332893242644654919e+00
3.086667368506589515e+00
3.377021139590556498e+00
3.421535258799899726e+00
3.373241113600577989e+00
3.673394530388595314e+00
3.852472807965904078e+00
3.925802514205965821e+00
3.907593857552436489e+00
