4.768371582031250000e-07
4.425190850487810135e-01
7.136783029799221856e-01
6.593042357734549830e-01
7.544260310522242774e-01
8.318144105772670160e-01
9.891327752920449079e-01
1.002947120141459036e+00
9.577332467282041462e-01
9.587568114469240399e-01
1.132674935565856522e+00
1.324485231177849887e+00
1.319896123148458944e+00
1.409197661269610213e+00
1.478105412480615222e+00
1.097699437822607260e+00
1.428084212467874092e+00
1.537532969064872246e+00
1.552874513966806758e+00
1.833920161241902269e+00
1.823512634605483074e+00
1.856423576331486691e+00
1.651898140191372821e+00
1.629868479717601737e+00
1.501328405471729743e+00
1.638348306157709322e+00
1.543923074670261020e+00
1.517344343213943292e+00
1.738063771301751270e+00
1.847807353307954648e+00
1.981936921251346684e+00
1.966710610473262344e+00
2.033161498551611324e+00
2.227968382940201941e+00
2.223817912712084954e+00
2.387546893953265137e+00
2.481593948134235728e+00
2.738235717915697087e+00
2.597459981980398069e+00
2.533531570231186691e+00
2.696858591093681312e+00
2.755360932617719971e+00
2.502196257204051921e+00
2.729517901098001520e+00
2.654639872157041225e+00
2.606959757992164395e+00
2.645345398327310527e+00
2.679477992776351236e+00
2.816940866577921643e+00
2.812130160859841244e+00
2.792117955095061888e+00
2.805249918756769656e+00
2.799143706509017893e+00
2.578132066933099154e+00
2.392249202861067570e+00
2.207759018271440610e+00
2.140327651171042955e+00
2.141577683340580851e+00
2.115364946283817993e+00
2.106706915998710627e+00
2.147487956459444014e+00
2.102273277246193395e+00
2.309949885745997022e+00
2.397959615951220425e+00
2.591075986511544471e+00
2.699655538402199184e+00
2.670143500589318819e+00
2.696409897433721614e+00
2.670842270251505557e+00
2.571515969392241807e+00
2.680617404404757487e+00
2.501696138793159552e+00
2.527822492265114018e+00
2.449226543837450976e+00
2.405490675104716036e+00
2.325504197674102880e+00
2.218931563833149045e+00
2.148994166567212982e+00
2.397356425352727971e+00
2.677013775474445634e+00
2.665319373085505816e+00
2.572754551039976967e+00
2.241476397535451248e+00
2.405554850091402574e+00
2.567059200642849426e+00
2.715359506816520607e+00
2.878231757551526826e+00
2.812251825807406735e+00
2.818664536966570378e+00
2.847328276183273221e+00
2.635729111519547363e+00
2.747207696676763788e+00
2.786794962571285783e+00
2.813094351407346316e+00
2.977134700012652679e+00
2.873277720429869841e+00
2.757360886451626580e+00
2.763538551872892324e+00
2.696525161268012116e+00
2.633525688268360643e+00
