2.611744678045111057e-07
4.893448407579479298e-01
4.769729717738386277e-01
4.651469894533220018e-01
5.756012924682669674e-01
5.699515337666870574e-01
8.699284015609536347e-01
8.460497661896505539e-01
8.439704435407893168e-01
8.918520493245329916e-01
1.017219367513496397e+00
9.952234188775725965e-01
1.039145108181208643e+00
1.083760093215372811e+00
1.135494775159342495e+00
1.259114367905337373e+00
1.265047698082347294e+00
1.106488420689839769e+00
1.114626947423577041e+00
1.005166695030358381e+00
9.875759605722139733e-01
1.081204895802148291e+00
1.218339873025680253e+00
1.171827941088679603e+00
1.091218916318982046e+00
8.977671946486932564e-01
1.010361245852381185e+00
7.841043546293655631e-01
9.273059688903869668e-01
1.058447539028403384e+00
1.146650477523756928e+00
1.182609996093916038e+00
1.148683835885772053e+00
9.455254297351675108e-01
9.106467372803362936e-01
1.127899736276863907e+00
1.294534130472850153e+00
1.230822405471300174e+00
1.182187817996325663e+00
1.264663328563469191e+00
1.368004086464279068e+00
1.334409313027949739e+00
1.248796539980402187e+00
1.274457294038136679e+00
1.321503455380742764e+00
1.184070758198770834e+00
1.096128858663915517e+00
1.176502586787209870e+00
1.240512948295052098e+00
1.408728106291988968e+00
1.339995209800667331e+00
1.251311542073843874e+00
1.370113611692547861e+00
1.469043067535531710e+00
1.740011736088286964e+00
1.789070709766842349e+00
1.644493307331420073e+00
1.596026206474143727e+00
1.548692418793513603e+00
1.537549512105382155e+00
1.551619308045819379e+00
1.644674847262154627e+00
1.633162384844492943e+00
1.576443193931872599e+00
1.631897078626327824e+00
1.618824428356738343e+00
1.684571459169122765e+00
2.003463219056056399e+00
2.062707660040971280e+00
1.989305951515950799e+00
1.864392544262726714e+00
1.755284723747889020e+00
2.031640180503424986e+00
2.272488346591643005e+00
2.009667784123395418e+00
2.149859516968134709e+00
2.149589994160735262e+00
2.105359667158188230e+00
2.072325040359353387e+00
1.925030660464797760e+00
1.952652305479784633e+00
1.842466763948424235e+00
1.687601259643456197e+00
1.693708108486783326e+00
1.621976021456048578e+00
1.829868132893118116e+00
1.933252916091335649e+00
1.759424931229110367e+00
1.787531742160349157e+00
1.941650645392050123e+00
1.917955664429511486e+00
1.892440805725036146e+00
1.865420106815375068e+00
1.806641739026016769e+00
1.893670987742233525e+00
1.923795422469489536e+00
1.796326906764062370e+00
1.975504772807538112e+00
2.052808336102539322e+00
2.140353349444329645e+00
