3.693564745147149106e-07
5.039180242110610219e-01
5.690120241480098873e-01
6.368487526048851599e-01
7.751196532722901544e-01
8.398977077847975536e-01
7.959232495693860931e-01
6.214296949985034235e-01
7.124109603670882862e-01
9.994072272112894950e-01
1.100534462555388560e+00
1.237675189133102593e+00
1.509020900167441948e+00
1.759882191106417748e+00
1.504150778651884401e+00
1.659964467365288021e+00
1.480257218212659209e+00
1.458245919900522436e+00
1.331371493269655426e+00
1.328049551201019307e+00
1.579186273213774028e+00
1.382513626029544973e+00
1.382027025054871627e+00
1.529572370915534663e+00
1.663885136832328193e+00
1.514217142671980154e+00
1.590145858478227314e+00
1.574719289380583476e+00
1.689676225914601870e+00
1.686706369209042267e+00
1.695252721602390711e+00
1.968219290713038916e+00
1.966640342352206527e+00
1.783812175030773384e+00
1.884137326736232465e+00
1.722383188840382440e+00
1.935174835451197506e+00
1.821584231887625638e+00
1.782750494526881502e+00
1.716026271641828416e+00
1.745149925051342921e+00
1.665026679035898738e+00
1.808169778517934700e+00
1.787872125699176529e+00
2.050200928213930407e+00
1.807891129324294743e+00
1.881917265180822474e+00
1.962041001751700486e+00
2.002335013432171795e+00
1.897874110352138377e+00
1.955859313453601533e+00
2.117173067126271402e+00
2.490019940156987133e+00
2.213529046639960640e+00
2.194792463074778599e+00
2.134170201635861908e+00
2.326330772629116694e+00
2.319038815509653517e+00
2.145923986664231453e+00
2.274768176448606738e+00
2.489121551455167225e+00
2.451152820759880946e+00
2.393145782473395045e+00
2.495275579419419465e+00
2.651979330885759989e+00
2.624362411766820724e+00
2.758305212993299005e+00
2.723640223135593619e+00
2.729501070243918637e+00
2.449021291779116094e+00
2.521786070076447839e+00
2.425062573640697661e+00
2.240015021287984798e+00
2.126963868068918018e+00
2.201862185329325428e+00
2.142823837633168083e+00
2.489578666878603741e+00
2.313228123551954063e+00
2.371060222431193409e+00
2.628076461825022303e+00
2.519810174890583010e+00
2.522930612457631838e+00
2.719343336055908722e+00
2.939973089713240118e+00
3.040483975439487896e+00
3.120284007179292107e+00
2.919159101423471903e+00
2.929749119757179443e+00
2.890181446164328261e+00
3.113992926279247619e+00
3.124359594151497888e+00
3.189145683949258459e+00
3.266994349104010986e+00
3.313518466489862035e+00
3.201251204339082168e+00
3.172697619356006804e+00
3.344554454465168636e+00
3.098334286525184389e+00
2.810272690416409258e+00
3.035094912055590122e+00
