4.264961199760035779e-07
4.258792627529568442e-01
5.602522035202761597e-01
8.159112925921825354e-01
7.979299647297268816e-01
7.082576930114081737e-01
8.194245906704699101e-01
1.017699753355705949e+00
1.058947905797978040e+00
9.341109859695521100e-01
9.428965098114334697e-01
9.580348413887553871e-01
9.566467706682355576e-01
9.005728764216472948e-01
9.133076686377450404e-01
1.003189513313651693e+00
9.848040471654879724e-01
1.022993139570827825e+00
8.968278622999849015e-01
9.297681857643054215e-01
1.075369449017846701e+00
1.166699687708945721e+00
1.167882955689234281e+00
1.106877499252915564e+00
1.183767325672794524e+00
1.388503779483048817e+00
1.289563543881623087e+00
1.398394300470756191e+00
1.487170246572154131e+00
1.567042350655533323e+00
1.472827570499890326e+00
1.402269474855674547e+00
1.506768244251312172e+00
1.493689796509528378e+00
1.432035880459267663e+00
1.440370103464604146e+00
1.596971187526632363e+00
1.491317062305777652e+00
1.478755645193809087e+00
1.426836852918875742e+00
1.565455904826147826e+00
1.496804734265308801e+00
1.554887565792183901e+00
1.628830331832427758e+00
1.691497232344943757e+00
1.636700007333371731e+00
1.666644962377688222e+00
1.532744932691483042e+00
1.489340848432565201e+00
1.329764519790734623e+00
1.334478667177090072e+00
1.428825151165849627e+00
1.525157273692151483e+00
1.629198776178999220e+00
1.537218197115081564e+00
1.685955428039857429e+00
1.719948182015735183e+00
1.816272588202214378e+00
1.648969207749771293e+00
1.628126881437807594e+00
1.830763358896277504e+00
1.770720314880427582e+00
1.617326185411369188e+00
1.741640643223842932e+00
1.647812044116350183e+00
1.555018501508098394e+00
1.621282526387122669e+00
1.661007168587536942e+00
1.642924748468006513e+00
1.565888798994117481e+00
1.649434479229355821e+00
1.760117080028471559e+00
1.796886819037649241e+00
1.753933153540381040e+00
1.782863574654359073e+00
1.713168915698209727e+00
1.689076629142040709e+00
1.796947067433464440e+00
1.843607369242669991e+00
2.016944273996124970e+00
1.921419932729609314e+00
1.712672506301396558e+00
1.942846411012543406e+00
1.780055744769242221e+00
1.932643422094517005e+00
1.929446216404050674e+00
1.906446032207210761e+00
2.026681717063307797e+00
1.931865763349465359e+00
1.855133047526058121e+00
1.968369897767249910e+00
2.158674728899755202e+00
2.152091805404878766e+00
2.362890162359969182e+00
2.407683501115251978e+00
2.309121884233476862e+00
2.054306644332543730e+00
2.046984301344074275e+00
2.023922068203142466e+00
2.225919922579060461e+00
