1.507891492923917490e-07
4.823710392144726633e-01
5.122425181429519636e-01
7.075516283478577861e-01
9.139385808768966113e-01
8.278516710524584932e-01
9.967295463626537622e-01
9.019069708913400873e-01
1.061839612196342486e+00
1.121151046739361501e+00
1.302093744383333807e+00
1.130966746135886103e+00
1.403792218416796134e+00
1.401352121471046708e+00
1.314244811941137847e+00
1.257465327676411837e+00
1.299976047277268565e+00
1.315884606068846274e+00
1.303705980008214249e+00
1.225306285167514941e+00
1.197561692581077031e+00
1.193082129640303579e+00
1.313603292692427704e+00
1.367143802944439823e+00
1.644838227840419664e+00
1.659867162434269572e+00
1.765504653072173191e+00
1.987786390722022789e+00
2.015364668891529654e+00
2.140042217746779052e+00
2.200218037905632418e+00
2.014238211361643938e+00
2.196314780548453083e+00
2.209395454614224263e+00
2.433721449213381405e+00
2.518218900697126728e+00
2.600936827535067941e+00
2.632564000760996947e+00
2.857358856955178439e+00
2.522324808247812911e+00
2.420198411281765161e+00
2.599311835086456135e+00
2.797102207524142514e+00
2.948936582056291389e+00
2.879013727757926855e+00
2.798892686020078457e+00
2.794375225617836023e+00
2.676740064173429801e+00
2.519059550520989177e+00
2.305986232582119211e+00
2.315848071084820159e+00
2.303051137402199799e+00
2.055002865361919451e+00
2.251250959058755274e+00
2.226295784808743239e+00
2.327838378778809947e+00
2.082340936885301641e+00
2.006996505948851262e+00
1.966119969155118108e+00
1.976347330877105790e+00
2.085203091776760775e+00
2.125137318457101632e+00
1.964468684237900886e+00
1.940949895053394325e+00
2.062157884633238236e+00
2.056896519567860793e+00
2.034491915431911657e+00
2.119716891597575259e+00
2.134835431204226808e+00
2.170519337351927813e+00
2.286005076168589500e+00
2.417320909775794391e+00
2.382825862380202331e+00
2.415239242715039758e+00
2.476240761402662471e+00
2.606077501678611519e+00
2.485040015309446293e+00
2.511009433407545899e+00
2.768582614847939993e+00
2.734860030397553654e+00
2.709433806624447438e+00
2.875790540381474081e+00
2.810913736898274617e+00
2.976876273100768078e+00
2.987168004575344149e+00
3.230345739268448924e+00
3.074987936807822120e+00
3.102342033121234355e+00
3.148302999742004893e+00
3.254287491649761055e+00
3.217108486776861564e+00
3.260711104808990068e+00
3.200206656495694801e+00
3.143791321841672204e+00
3.178401431335873273e+00
3.147383212610623371e+00
3.299941465670057639e+00
3.264204232373132619e+00
3.167797349361113124e+00
3.318436372845075866e+00
