4.264961199760035779e-07
4.384661428967703278e-01
5.738621811471651402e-01
6.095889073101250499e-01
6.303247442660870892e-01
8.288894598736440411e-01
9.023181464568054144e-01
1.118540259031315820e+00
1.019122186955126352e+00
7.107048530630667438e-01
8.588903286101572387e-01
8.675626047865695467e-01
8.968126773548430464e-01
1.060091516241012499e+00
1.087382060821606045e+00
1.266515646165095044e+00
1.068646417343325439e+00
1.253227038960214701e+00
1.404695935294473896e+00
1.148536360915827226e+00
1.181769058948501483e+00
1.094070919844191359e+00
1.144322966884262494e+00
1.520043439089268311e+00
1.493482870953238173e+00
1.335190027640235089e+00
1.310350001631243266e+00
1.196940889218468751e+00
1.142616778391380317e+00
1.260000582355213838e+00
1.168931326149200922e+00
1.156383273446716098e+00
1.238219705721035790e+00
1.502681146048852279e+00
1.509196965082328257e+00
1.486045748659128529e+00
1.625017846845673075e+00
1.641129104914147874e+00
1.678157878456131069e+00
1.710221290006829653e+00
1.721514704971521592e+00
1.513232367450225047e+00
1.398418010448257309e+00
1.696536520603965759e+00
1.653147657010599403e+00
1.766364725392940205e+00
1.805364119707518089e+00
1.683858035005215470e+00
1.682033565892238292e+00
1.664526054399900978e+00
1.762495245279908307e+00
1.544172643444229553e+00
1.480172106043362357e+00
1.464146330436455257e+00
1.590143942348398509e+00
1.714752539849303981e+00
1.698155882348675760e+00
1.603622839275096634e+00
1.663337655595315878e+00
1.525718109462055327e+00
1.567944980559375034e+00
1.469572826966871304e+00
1.532945859307106584e+00
1.631867568744310049e+00
1.797240373513110168e+00
1.753196627680625674e+00
1.668499784843481493e+00
1.620696339836425137e+00
1.483118533682298290e+00
1.614143680584919638e+00
1.595946298725937851e+00
1.659515121813879057e+00
1.589214609117334476e+00
1.909341155904224374e+00
1.762136470943448607e+00
1.780067013901782014e+00
2.086838438055254930e+00
1.935434860526328293e+00
2.045781740367987656e+00
2.014336147623275952e+00
1.954435019268918827e+00
2.097494587381992570e+00
2.054039895306984942e+00
1.841055428877264255e+00
2.027858471889500525e+00
1.995390124423046530e+00
1.939433054886663621e+00
1.806737773685805459e+00
1.877802387487252256e+00
1.942686867150498209e+00
1.669298789582142284e+00
1.830980080763905393e+00
1.840953434701678493e+00
1.796950686875913972e+00
1.810514032168285325e+00
1.821063141341690672e+00
1.967542729224715181e+00
2.058812137987440671e+00
2.047005155758755635e+00
1.874821336465372301e+00
