3.015782985847834980e-07
4.310371179873649927e-01
6.327359690701575001e-01
7.660906259793572870e-01
8.114549288719596909e-01
8.395564979557309515e-01
9.796206869102358494e-01
9.002786410860291744e-01
9.083368029691247791e-01
9.941496209258466887e-01
8.460081548060823797e-01
9.129644046491540710e-01
7.262507301146963190e-01
7.605096891579029572e-01
9.011411947132015321e-01
9.989655745187483449e-01
8.679980395440756169e-01
8.293649403788245777e-01
9.479957181903680974e-01
1.054511050117623805e+00
1.111487839606098982e+00
1.106296585163015989e+00
1.019640440559338890e+00
1.105586814117668792e+00
1.354673357964946145e+00
1.693282109008778846e+00
1.653217435162004811e+00
1.500002407162773777e+00
1.708484917885405130e+00
1.782553697305684359e+00
1.765822819293632939e+00
1.804406528788653263e+00
1.695854064924827931e+00
1.786795188768548481e+00
1.566840639715865402e+00
1.737114993029713395e+00
1.925514844510489709e+00
2.070196976599365968e+00
2.147995475684541411e+00
2.110590935688976710e+00
2.038910972577130387e+00
2.312830958240699175e+00
2.286852932487736467e+00
2.266630463378158211e+00
2.122180756626141473e+00
1.985149722531997174e+00
2.038414926054784360e+00
2.467397012387908539e+00
2.406590452525168011e+00
2.369155475639307173e+00
2.433499374128250903e+00
2.350104234367555556e+00
2.190552115536113398e+00
2.101693713521300744e+00
2.461566550125824815e+00
2.404760935395421129e+00
2.639041731311075001e+00
2.548685475513789545e+00
2.606417130710978025e+00
2.317261180952446153e+00
2.468151035492831102e+00
2.612756333250621843e+00
2.619906664519725314e+00
2.413566902930508462e+00
2.469968511311746884e+00
2.816211424703135346e+00
2.705626783939451219e+00
2.975446772031848930e+00
2.797328508692422666e+00
2.700961213029455799e+00
2.726445223840856080e+00
2.602751217975906695e+00
2.521907062440811309e+00
2.514554104723028427e+00
2.413034743258628101e+00
2.393993931773478856e+00
2.499838072991799720e+00
2.122343731242526843e+00
2.205082502211250794e+00
2.103427348148749321e+00
2.230540224557380657e+00
2.314688545082947080e+00
2.302013171312466966e+00
2.212449047123395296e+00
2.314423854576709516e+00
2.489526040587872302e+00
2.627116544761311179e+00
2.461680904214115451e+00
2.407023815567539859e+00
2.386308709503762948e+00
2.498395891927954526e+00
2.688230226896081376e+00
2.264064262791056326e+00
2.520546355498827662e+00
2.618469366448600066e+00
2.654502466401332139e+00
2.601173255563312914e+00
2.801912357153136579e+00
2.854140564312726891e+00
2.746945940137982323e+00
