2.611744678045111057e-07
5.256484086203275785e-01
5.347801997214312042e-01
6.009814687926939847e-01
6.979382275884775666e-01
5.688765487592698511e-01
7.501765496469742223e-01
8.424601449562061362e-01
8.001358296651276403e-01
9.574284163820119264e-01
8.688747542118355760e-01
1.112367048795511515e+00
1.177363616821732295e+00
1.102591584161589200e+00
8.463186208408738365e-01
9.027629932583510763e-01
9.386122658393192264e-01
1.060142028536885661e+00
1.113787782982486263e+00
8.865641856689135958e-01
9.147905775591798072e-01
1.048099486471442798e+00
1.083041219999536287e+00
1.119737954494934407e+00
8.520520506311027864e-01
1.018698119651698875e+00
1.067673576435214100e+00
9.592817179417069129e-01
1.056266335710342563e+00
1.252966042379184630e+00
1.190286374463978447e+00
1.444386149434966793e+00
1.365693145925393814e+00
1.349942976322567878e+00
1.448937269367581049e+00
1.358775723452239292e+00
1.403788134173417523e+00
1.459036296864125060e+00
1.387657559294349641e+00
1.553481995362109735e+00
1.572699973985755451e+00
1.474681902874926287e+00
1.469568002623020231e+00
1.518036221472594205e+00
1.808871892775519408e+00
1.757847967372188291e+00
1.788784279778426800e+00
1.860349500586414573e+00
1.873042269792371428e+00
1.905934916749320029e+00
1.987677975623743931e+00
2.014209980366937991e+00
2.261035522657229624e+00
2.115977751708275623e+00
2.247840149514271246e+00
2.310906536924435706e+00
2.051002856553908682e+00
1.984776856975400072e+00
1.976155121887331223e+00
2.073251161422642763e+00
2.033182081641279559e+00
1.927202189060954751e+00
1.974644816352932430e+00
2.324048943476014983e+00
2.167199083467985954e+00
2.208670760041094194e+00
2.409107090519910344e+00
2.532249492303037197e+00
2.503579186381005073e+00
2.626688535928225932e+00
2.450827888351765349e+00
2.527308124490041941e+00
2.594107749583209888e+00
2.820094128497683261e+00
3.136634681398334568e+00
2.894842539842402029e+00
3.242047239471378184e+00
3.053833310395403622e+00
2.926797713608217499e+00
3.095243727389239474e+00
2.942632349628012900e+00
2.900835733403350769e+00
2.748540310106087237e+00
2.714920450994295464e+00
2.587649747612891016e+00
2.756106340689010281e+00
2.466891251006035901e+00
2.415865715379211576e+00
2.394804384774162020e+00
2.449967633678414636e+00
2.669380728059547181e+00
2.821743341608237809e+00
2.673311068572881144e+00
2.580224835527772598e+00
2.622236131848787455e+00
2.501848704271984136e+00
2.295809688128743975e+00
2.148923814460015347e+00
2.122398361261531363e+00
2.294546029633723450e+00
