1.507891492923917490e-07
4.954609518188891615e-01
5.416078818445408949e-01
5.410838365354150303e-01
6.361785402106837628e-01
6.806166397280459801e-01
5.179779905407340124e-01
6.497221598203172244e-01
7.913508842608502070e-01
8.031946429633547435e-01
7.357736570727053671e-01
7.884734913302480219e-01
7.660864786074014221e-01
6.453875563375933710e-01
5.594434171834197222e-01
6.571976908419489005e-01
8.340334630661546678e-01
6.880629683387324835e-01
9.135999902446638732e-01
8.438083174023763844e-01
8.523823713914571165e-01
9.583239326006316450e-01
1.084233895398917236e+00
1.053706445119426238e+00
8.974758423631949977e-01
9.421828719227977045e-01
9.424404169329663183e-01
1.014646135411469530e+00
1.140499299533117572e+00
1.046472138406230767e+00
9.659117142946537227e-01
9.292310219344482869e-01
1.019466058520739793e+00
1.176912792755993253e+00
1.331309003106168953e+00
1.420935590839390139e+00
1.285564278734481203e+00
1.181654424570905748e+00
1.010203189484381037e+00
1.004545282240229653e+00
9.818265055868191649e-01
1.081152268017330886e+00
1.197354692180005342e+00
1.198180314164810190e+00
1.290321865697960035e+00
9.784011816499678105e-01
9.407433116336728629e-01
1.107800915625908766e+00
1.430945132394603192e+00
1.365913856981065155e+00
1.320080395404778395e+00
1.148367987154455649e+00
1.174953464668386127e+00
1.134313846714166241e+00
9.963580132773975917e-01
1.012400523368527150e+00
1.120669226088324644e+00
1.019990148751314329e+00
9.709912922138018709e-01
8.679192216107586288e-01
9.248140632679280326e-01
9.003388254725605000e-01
7.303918053428967161e-01
7.779907998503775568e-01
1.016184135750659134e+00
1.161949005133807722e+00
1.187153397928838894e+00
1.324143162482853686e+00
1.272287583582317527e+00
1.287596949996421269e+00
1.228877732390324162e+00
1.378958355467681862e+00
1.563041152875881856e+00
1.590184462906132579e+00
1.488691438958727575e+00
1.414937069213988652e+00
1.427088503136293429e+00
1.218459415771445675e+00
1.329116232081493543e+00
1.263445016691335132e+00
1.397388033541495433e+00
1.469106885650089067e+00
1.387079700635687196e+00
1.421352969120774690e+00
1.467901441950198116e+00
1.419948230699041192e+00
1.400342573790450906e+00
1.410642557486548432e+00
1.572585800351000485e+00
1.566990820837428133e+00
1.551900244541140284e+00
1.747554151442251902e+00
1.738175697565342404e+00
1.689176628383338041e+00
1.637823955625269834e+00
1.491748735419874405e+00
1.470359711465086816e+00
1.568305127966683088e+00
1.426625285011578592e+00
1.414548793526944959e+00
