1.507891492923917490e-07
4.094841102425251789e-01
4.914837995008032867e-01
5.324220251950981808e-01
5.969063301006972688e-01
5.998907261053463280e-01
5.567834067398123032e-01
3.626966342976111757e-01
5.674214617633031033e-01
6.342972376921000022e-01
7.303064542369064327e-01
7.623919751367679298e-01
6.929668762015571692e-01
7.363741406225845498e-01
7.005128855339886051e-01
6.657034065381021160e-01
7.586030635076048689e-01
6.781883282650622569e-01
7.831171503300559111e-01
6.087447170803740315e-01
7.027924681478192603e-01
6.663736686653408681e-01
8.892400434748687355e-01
9.322415514205733000e-01
6.988214775437555648e-01
7.332001252598319141e-01
7.340971161443293758e-01
7.357188270645348416e-01
5.408348100345929943e-01
5.866214173089702166e-01
6.455640547041562316e-01
6.089728439607008381e-01
7.670050227708279378e-01
8.027127750397288208e-01
8.074592778885228972e-01
6.757181704570139891e-01
6.782078891428728884e-01
7.377031469447118406e-01
6.127591813843703550e-01
5.623333541703458005e-01
5.403878938384549802e-01
6.522632821821255922e-01
7.083035721005257468e-01
8.146333192026155023e-01
8.045141920526661661e-01
7.246346944526868006e-01
9.762049377813001305e-01
9.597811454866684855e-01
8.200464071998989635e-01
1.042724636115787140e+00
1.042792850154271145e+00
1.120910076366067543e+00
1.100242932467269563e+00
1.056058432263639268e+00
7.761696037768605061e-01
8.007285476108595423e-01
8.493652558829697385e-01
8.246320913336266933e-01
8.887383958981721621e-01
9.350405787802608115e-01
8.890135799575902276e-01
8.116460612696956289e-01
8.394598373237603939e-01
8.055065224550232994e-01
8.744219934374040104e-01
9.249624128954223590e-01
9.328454565228802009e-01
9.318906035447757086e-01
1.023549519207307412e+00
9.909834960106678192e-01
8.187920695192201226e-01
9.443704133799312173e-01
1.003478101690836066e+00
1.024860966343004609e+00
1.014899852280849446e+00
9.825295068678652211e-01
1.106906454518537641e+00
1.227386157427999613e+00
1.192540534890562665e+00
1.290815352209536471e+00
1.351025137035097190e+00
1.382640891781641734e+00
1.492868553274796950e+00
1.468921806052013501e+00
1.379117199417450035e+00
1.320127180408564138e+00
1.247078354397188615e+00
1.313328443155473479e+00
1.320025561090751642e+00
1.463956119040901616e+00
1.352731627825180194e+00
1.501099705010950691e+00
1.286271156406441962e+00
1.187974814667229984e+00
1.264939690399286221e+00
1.287341298783008181e+00
1.276446676125841506e+00
1.083244578472875252e+00
1.238710121536016562e+00
1.128474917420713597e+00
