0.000000000000000000e+00
6.149332723507615617e-01
8.763965543623831733e-01
9.482828147933071161e-01
7.057940172523645694e-01
8.564749289968144330e-01
8.110290539759225092e-01
8.429293382348344021e-01
7.940235851843270298e-01
8.462910351894317174e-01
9.558890186152614321e-01
1.230845737066252665e+00
1.154355079831744124e+00
1.119352117264841739e+00
1.016116245815471775e+00
1.057682888481295214e+00
1.106474865765417537e+00
1.083619028035808229e+00
1.014028925789554503e+00
1.161814974384598909e+00
9.195790444776363870e-01
9.513502459211420348e-01
1.058889538003939590e+00
9.160920104384798757e-01
7.261043257521835326e-01
9.234537395722293152e-01
9.328725624692818519e-01
8.924227057078457648e-01
8.777410855356481134e-01
8.603584241139228261e-01
8.697738094659902552e-01
1.009399909998699663e+00
1.023104597514868042e+00
9.885249749102203998e-01
9.166641519485394518e-01
9.639649290608046650e-01
1.173641294138966895e+00
1.171380218984948929e+00
1.368260836624023424e+00
1.381725767343294553e+00
1.225491128556758902e+00
1.251640636780292581e+00
1.271047742548459203e+00
1.394978801210405850e+00
1.410220780981141786e+00
1.494460839444333722e+00
1.401659736023915359e+00
1.173952415481647860e+00
1.118030045297084163e+00
1.129341801309721616e+00
1.161397379527585150e+00
1.303964031325907991e+00
1.246147617617739511e+00
1.282671782396476390e+00
1.340428813497968719e+00
1.444505618913197065e+00
1.358111758204760156e+00
1.408223892166305946e+00
1.410795647618069193e+00
1.492385721851207103e+00
1.562587275768602346e+00
1.694712193533590261e+00
1.634096873613863909e+00
1.645370946175096272e+00
1.629664362549275491e+00
1.746215146596959533e+00
1.859574473705134734e+00
1.842068645463980969e+00
1.893084375806371122e+00
1.797373833164638501e+00
1.734218122813061314e+00
1.676687428157098925e+00
1.789808521401977659e+00
1.743516129633489120e+00
1.798425878274898304e+00
1.663243274991605514e+00
1.576422569548882713e+00
1.700779857450731125e+00
1.655564096979434963e+00
1.774844659523607593e+00
1.811679924142660658e+00
1.828428673394962622e+00
1.749579332861561420e+00
1.797040446320115725e+00
1.780147034540312090e+00
1.906474356776993728e+00
1.757084512857872483e+00
1.801892555550280495e+00
1.674892408585496373e+00
1.614565781465849392e+00
1.589041329047857776e+00
1.545206773251860843e+00
1.310461149590516960e+00
1.267557723686571602e+00
1.242312496390554299e+00
1.264000537968320570e+00
1.411225487426891245e+00
1.478085728732378756e+00
1.513625287156346255e+00
1.475486063880741661e+00
