0.000000000000000000e+00
5.512868300696688317e-01
8.350926140947674270e-01
7.413084815083621493e-01
5.645298236801107317e-01
7.588402910234053333e-01
8.845485171148588233e-01
9.491170489100047014e-01
8.427657930900358529e-01
8.490233450994856268e-01
8.653751424721349839e-01
1.002933405024412528e+00
1.051687082465063927e+00
1.001694905689202830e+00
1.229971034084496262e+00
1.243215604616375813e+00
1.320864953721893942e+00
1.141483973274062924e+00
1.045214910644869599e+00
1.149297644603853419e+00
1.297769642286604963e+00
1.267441347310277466e+00
1.379248646555605307e+00
1.213391881883904677e+00
1.094218707405855362e+00
1.141927545144991951e+00
1.600983497325808802e+00
1.364112188414768445e+00
1.628859985855451109e+00
1.549179499590950027e+00
1.618143069231011921e+00
1.553205557590853658e+00
1.610130500679132659e+00
1.622687304635110905e+00
1.422253515212404285e+00
1.515878557739252397e+00
1.297083364122160409e+00
1.501500669731206106e+00
1.699872372543796750e+00
1.687234865076405077e+00
1.586722023934625581e+00
1.662096715945511338e+00
1.598344753658110795e+00
1.514672741247220733e+00
1.590409498992345849e+00
1.467646874151294689e+00
1.585646518525446025e+00
1.566967106764694417e+00
1.667935872813601561e+00
1.669696542207872891e+00
1.611862031141449547e+00
1.799564081144927163e+00
1.647290306144354233e+00
1.539236600413272038e+00
1.756029082228601546e+00
1.699300752049897945e+00
1.735849388160447981e+00
1.777900292467962329e+00
1.730103531345178469e+00
1.736875443703438160e+00
1.744430588466668430e+00
1.779961407374561544e+00
1.660098384332399757e+00
1.901264755655385441e+00
1.731341678240276849e+00
1.802457948179366110e+00
1.650818248485282469e+00
1.498317785504574395e+00
1.596919159562034007e+00
1.521995677829348192e+00
1.616962571542828186e+00
1.719600549678064194e+00
1.765014023277974298e+00
1.831171640551440882e+00
1.895601957489689848e+00
1.952363240548842249e+00
1.951149220758219505e+00
1.709995679337934726e+00
1.769031055011755837e+00
1.541328054248975121e+00
1.494062324961622723e+00
1.450240574298877094e+00
1.323334854832335150e+00
1.153943553145247325e+00
1.257815195881744508e+00
1.238359894858734211e+00
1.256682606710133987e+00
1.196278433353812565e+00
1.259467383572954846e+00
1.242907361799894916e+00
1.195849932519033265e+00
1.137195398775557198e+00
1.218344212502574297e+00
1.239798687483914197e+00
1.312608395734818245e+00
1.195880574837214105e+00
1.234546712638320498e+00
1.305113800267122315e+00
1.305590626555683809e+00
1.218712358804976414e+00
