1.507891492923917490e-07
4.657440960350562320e-01
5.128425379301693177e-01
5.459340965753659569e-01
4.084264912035776574e-01
5.887157929644849519e-01
7.342564660048612746e-01
7.297038544217377964e-01
9.683293067494314066e-01
7.712530640580657071e-01
8.209655543653457954e-01
9.476300548619737141e-01
9.815372848103853798e-01
8.784250240201406656e-01
1.090040771820297572e+00
1.346187079888805593e+00
1.504462423837657825e+00
1.561027283544417221e+00
1.222762102362705772e+00
1.230385000332716139e+00
1.215467068620361690e+00
1.241506744116301686e+00
1.174060599324760590e+00
1.164409412640735830e+00
1.246354791933812933e+00
1.158089392214360469e+00
1.158609775183596868e+00
1.124386403437218629e+00
1.026885919310372763e+00
1.145600514472210341e+00
1.215704336017386922e+00
1.320804051174186089e+00
1.156710373270403824e+00
1.237122309799688624e+00
1.272221426813516798e+00
1.122436293830343379e+00
1.125130377372449697e+00
1.181183403841713719e+00
1.114276885044839238e+00
1.258816252041226491e+00
1.222239848068005674e+00
1.281913368710615009e+00
1.125244830987479405e+00
1.274073912576728862e+00
1.217443050582785347e+00
1.430656397369127308e+00
1.265612110909349886e+00
1.303204126845013633e+00
1.367377661713219617e+00
1.473519605911594921e+00
1.282414679599761742e+00
1.240096543061272039e+00
1.198249228139893985e+00
1.094773183536889904e+00
1.401218356851525515e+00
1.237671812370624735e+00
1.513928241951528531e+00
1.297369963330971432e+00
1.337562989805251012e+00
1.513626428775268096e+00
1.553582740195703860e+00
1.456216171019086625e+00
1.403312581333827191e+00
1.326104918464634519e+00
1.375796255237754950e+00
1.394707443404996638e+00
1.376298747815006829e+00
1.368609913001479494e+00
1.258008142133757890e+00
1.281466723532189267e+00
1.137721318368310142e+00
1.254030524074658093e+00
1.213678072183759449e+00
1.215272242546375558e+00
1.190662801788407332e+00
1.222537376800918008e+00
1.168477221602268745e+00
1.412294243337324451e+00
1.447635668454526403e+00
1.395233519444308401e+00
1.360092742645109487e+00
1.439479913786954723e+00
1.528440310252137335e+00
1.433517510478343748e+00
1.137932780771223396e+00
1.158439031836253186e+00
1.111969485535710733e+00
1.324348654695341354e+00
1.178703387685778425e+00
1.133507929316591278e+00
1.112700693382983719e+00
1.259394522874744515e+00
1.325221565435425575e+00
1.614799348479433183e+00
1.548865702138709333e+00
1.397930754999078262e+00
1.394860969116778149e+00
1.429651910050862895e+00
1.512652709104950866e+00
1.377018224379940259e+00
