0.000000000000000000e+00
3.176950842769229455e-01
4.771325350936422849e-01
4.815289143068644528e-01
7.609892651119551932e-01
6.151314144709942866e-01
6.959785879191157099e-01
6.040268131387469541e-01
6.154784950025772305e-01
5.217270565618504774e-01
7.778682621001223874e-01
6.763079234118267724e-01
6.423401895274146733e-01
6.274144928021702095e-01
7.163892688524625685e-01
9.579910840881099565e-01
1.028723709248352103e+00
1.001113378841195667e+00
1.109441586452684314e+00
1.250642871726313166e+00
1.163715624462259512e+00
1.097119780786480758e+00
1.188023865622129138e+00
1.281587391889799532e+00
1.391719412887141516e+00
1.542239161237669576e+00
1.432838401354590729e+00
1.615420977750359866e+00
1.520235708304917832e+00
1.610489097639077105e+00
1.592361480772856996e+00
1.633593653634008991e+00
1.583203581751739808e+00
1.480481866843506689e+00
1.673432845841569927e+00
1.605381144211608824e+00
1.560222100430826542e+00
1.614242679944421388e+00
1.661733173107281525e+00
1.728473960450279456e+00
1.689179426881465274e+00
1.641430654492534114e+00
1.749831913122691596e+00
1.703621962903453912e+00
1.687417740051066595e+00
1.798519850181770963e+00
1.912536716313017582e+00
1.860127689378708871e+00
1.726330047705374904e+00
1.600501165604694132e+00
1.551434947997114122e+00
1.521282332692272421e+00
1.420261124175699718e+00
1.541176136617735670e+00
1.617166735239733866e+00
1.581512364562887907e+00
1.542215128176341876e+00
1.579048560987619698e+00
1.675696522149868084e+00
1.534740107365708095e+00
1.572350677917858652e+00
1.598330918826540437e+00
1.473874006044003870e+00
1.412981498481903797e+00
1.288844718903859210e+00
1.300819000897815769e+00
1.404279731921781904e+00
1.552266379317319478e+00
1.606969096508001460e+00
1.743408413840371596e+00
1.753229041832886193e+00
1.832807367509184493e+00
1.990457684515891446e+00
1.967857111797558733e+00
2.068931051908815100e+00
2.032772276339497974e+00
1.967615505500038608e+00
1.642839382592947262e+00
1.748090146815360013e+00
1.832470908375660290e+00
1.964717594879417328e+00
1.953176082059958629e+00
1.799606246777632590e+00
1.846917319534455482e+00
1.686514456035617116e+00
1.857298538830799206e+00
2.111600754189713047e+00
1.866183965550751500e+00
1.928852819716931899e+00
1.888182057404896863e+00
1.968370167499437384e+00
1.828813373130142139e+00
1.928892773235290958e+00
1.873877904791627635e+00
1.932083911611673699e+00
1.824847369006675546e+00
1.642137680269436073e+00
1.781941659559773017e+00
1.784899931485157243e+00
2.005324870123815550e+00
