1.507891492923917490e-07
4.143107800329688950e-01
5.705674442573342997e-01
7.643930335966042655e-01
8.362793945559878761e-01
7.504780569682986124e-01
7.430564682257597697e-01
7.680666797492700093e-01
8.745166087804204791e-01
9.773892228253512338e-01
9.589272766902086076e-01
8.418561445765050388e-01
1.210344119477974933e+00
1.081798726447433578e+00
1.135734569286229512e+00
1.165461013639517374e+00
1.402558575194621016e+00
1.339710237894472966e+00
1.269831068600236978e+00
1.325698793936185504e+00
1.333710481323775010e+00
1.224416338468024001e+00
1.104709126168273547e+00
1.398538881560939862e+00
1.386458025637650415e+00
1.333264873651239357e+00
1.038286405234320142e+00
1.290134472711619296e+00
1.470151236394435346e+00
1.504570087375929122e+00
1.266033053764330507e+00
1.367514515995794211e+00
1.249127034080475873e+00
1.432533009690663217e+00
1.517810186626966429e+00
1.740358026126223701e+00
1.615797539206722089e+00
1.642528320242819584e+00
1.528203532789440988e+00
1.355590854921100652e+00
1.422747883886199549e+00
1.370822231280140580e+00
1.209166087065420392e+00
1.266221712084226736e+00
1.115673647085667186e+00
1.192637247394595867e+00
1.450329738526892953e+00
1.369185539009444730e+00
1.328726197032171541e+00
1.179285585765717403e+00
1.208059242630729280e+00
1.307772703051796492e+00
1.367146748274186363e+00
1.261801487574728764e+00
1.532066249709313821e+00
1.625678439761144345e+00
1.525797808220515250e+00
1.341376222348724001e+00
1.253677681057794091e+00
1.142354202460564849e+00
1.087705299904010214e+00
1.162016101612217023e+00
1.011565699663574902e+00
1.136166444616365512e+00
1.177805476863349687e+00
1.230351189578290816e+00
1.006557531545619222e+00
1.074823258975332374e+00
1.134447281277508379e+00
9.597299352270743933e-01
9.612531900824554665e-01
1.102434477275116009e+00
9.729724349371493552e-01
1.065156111313675602e+00
8.841119331310779428e-01
9.746115438504585615e-01
1.003429714818779850e+00
1.043817959025349129e+00
1.080345835998024029e+00
1.206496344706113666e+00
1.073076367717484603e+00
1.112286576212150990e+00
1.246831365506483991e+00
1.073042692210718796e+00
1.107536308368280986e+00
1.068713287527516265e+00
9.868334298040800645e-01
9.885590616700526967e-01
1.101396679479900165e+00
9.763737473454575655e-01
8.465026955522465535e-01
9.039573270527272442e-01
8.912319397402520549e-01
8.246478563161619979e-01
9.421027851858815305e-01
1.156382490774356731e+00
1.007093968762197367e+00
9.687624717322204093e-01
9.126475301307691579e-01
1.023091616611310650e+00
