4.264961199760035779e-07
5.004886795420250278e-01
6.361660643050437436e-01
8.605476080803441397e-01
8.451904181774730906e-01
7.047918841958286107e-01
6.875411129036217428e-01
5.257334191667296652e-01
6.897419367832228199e-01
7.334928794181455602e-01
8.318490747536482210e-01
9.873978259506132060e-01
1.086136967119739838e+00
1.234857933298502131e+00
1.285827871250429633e+00
1.347884687717934904e+00
1.496497653832584263e+00
1.506334736908809147e+00
1.670961676509131966e+00
1.689690804730075158e+00
1.604561286188893821e+00
1.635264198392694990e+00
1.484003209072509488e+00
1.605329589038500870e+00
1.850723943585828035e+00
1.875839631434489396e+00
2.195234457950833828e+00
2.233457531548443953e+00
2.117749949073323812e+00
2.146675180300769092e+00
2.167574450842461253e+00
2.280096530840303615e+00
2.116996834909792735e+00
2.172946519291076850e+00
2.080161712438936217e+00
2.290940190822714939e+00
2.436778590733826633e+00
2.526028957012311782e+00
2.614868484002344839e+00
2.574421889030531041e+00
2.456542300750619745e+00
2.542938673673738936e+00
2.458087158082145951e+00
2.517886187140912391e+00
2.248986166689792121e+00
1.963265789803475547e+00
1.972933505640700025e+00
1.896223140718549471e+00
1.891180693528543788e+00
2.095808441379906295e+00
2.053025921733158565e+00
2.044499437778817263e+00
2.167702451025168120e+00
1.985720392393460099e+00
2.121339142393373400e+00
2.196626831760330134e+00
2.174181759360410027e+00
2.344663655144488601e+00
2.202052759159367046e+00
2.276649139082536077e+00
2.061269897859987488e+00
1.925836821371476715e+00
1.888318066626328839e+00
2.041153899031697527e+00
1.978862182312294493e+00
1.961506785604880454e+00
2.127950002940384167e+00
2.216459076518059845e+00
2.223186035451569786e+00
2.383183390796566048e+00
2.272971474493119093e+00
2.385841509084162038e+00
2.401252364772499703e+00
2.374170723379732006e+00
2.479475992285954167e+00
2.551786551449122253e+00
2.742508966793948399e+00
2.527514466687673433e+00
2.522579971147469013e+00
2.707672710940542515e+00
2.585393911794670263e+00
2.420665270836642957e+00
2.541305788442423719e+00
2.597002533719008355e+00
2.628215332086697664e+00
2.509034911092883124e+00
2.241015198892611249e+00
2.186996564773580065e+00
2.138831098884661053e+00
2.090894905754755229e+00
2.414892681545903752e+00
2.485121616349350138e+00
2.611223438826101084e+00
2.469545527881371605e+00
2.420994501727389725e+00
2.369925800257439708e+00
2.448456597494546472e+00
2.336848347082676192e+00
2.323857363991697511e+00
2.570704549386059412e+00
