6.743495761743045547e-07
7.011845903437587957e-01
9.266856700038426098e-01
1.090902547832471647e+00
1.046576506745164004e+00
8.924159082411863286e-01
1.066457227665038365e+00
1.396421179077002916e+00
1.503579396957919201e+00
1.482251485324258766e+00
1.492715762432256454e+00
1.256909554812867258e+00
1.247234216009708296e+00
1.121095374742305362e+00
1.112716601374387215e+00
1.300776730598050657e+00
1.308206828239158126e+00
1.354172930981847767e+00
1.339180208422257934e+00
1.284608677441169133e+00
1.231051990585952494e+00
1.135421064869807761e+00
1.210492458640021196e+00
1.362541309625705077e+00
1.467907481584507901e+00
1.401812420425105010e+00
1.492088046370526833e+00
1.437363630779687096e+00
1.561982335774518171e+00
1.582999565949692045e+00
1.648461683705447101e+00
1.716805673152297151e+00
1.672576802268207707e+00
1.721735262364738173e+00
1.682960757783502181e+00
1.759808009817976471e+00
1.857405401676418100e+00
1.695580429860329863e+00
1.789463889937267682e+00
1.978550552580587985e+00
1.866907123735499718e+00
1.890709796915991392e+00
2.116088847725657196e+00
2.157339415739429000e+00
2.258216079009482957e+00
2.454432579114037782e+00
2.379419428022813587e+00
2.531795409430032340e+00
2.341949710707353471e+00
2.223866001373231871e+00
2.247234243961671485e+00
2.213199684943804257e+00
2.304966230236191738e+00
2.181415965537297996e+00
2.271927432640785671e+00
2.197873447016339910e+00
2.238330376195482252e+00
2.091228248382551058e+00
2.098127586543740986e+00
2.093903095373439882e+00
2.114406729240025484e+00
2.211477985423472070e+00
2.409817396400117051e+00
2.390794343490023621e+00
2.453312952065704877e+00
2.323460182055173906e+00
2.420762312297795038e+00
2.499781626467545426e+00
2.430248417800376259e+00
2.446015165278809356e+00
2.363073435486877649e+00
2.104447513203582254e+00
2.191566585544876489e+00
2.221868693252555538e+00
1.935100677434429928e+00
2.000900688787729642e+00
2.238938880650311436e+00
2.227001331050330268e+00
2.178083016950029815e+00
2.124884933730935899e+00
2.165712550836488504e+00
2.253237486787801558e+00
2.319918605418152424e+00
2.392991734459470443e+00
2.439861846938302214e+00
2.691758275905404840e+00
2.704987697704551941e+00
2.643584238131905018e+00
2.645320974753216703e+00
2.526985982211662929e+00
2.667843913475223427e+00
2.671955386334129212e+00
2.461002545437366518e+00
2.274338823143065014e+00
2.226795901344178041e+00
2.476367804546653506e+00
2.463681194178814593e+00
2.459188057951157358e+00
2.077144034879960799e+00
2.200912405242742675e+00
