3.015782985847834980e-07
5.276545499460582045e-01
4.532076153243465577e-01
6.035383777061850141e-01
6.118482368292791351e-01
9.169203748442537050e-01
8.537171791482157657e-01
1.080284428195516844e+00
1.202546826115902023e+00
1.259528263082838828e+00
1.423630582778524722e+00
1.374726363206442148e+00
1.524304551015819076e+00
1.561684467594604442e+00
1.423709430982559754e+00
1.224082039471444006e+00
1.430967624372657010e+00
1.444303310511678928e+00
1.481829578658219182e+00
1.427599909972631531e+00
1.377689161091832926e+00
1.379782769083675031e+00
1.430539841332596041e+00
1.411986079026556373e+00
1.458709677606702115e+00
1.477964805980306107e+00
1.501590879605543050e+00
1.318969527844122913e+00
1.288607210865723607e+00
1.346226876221914504e+00
1.287398978088364787e+00
1.241063387229168091e+00
1.347457013577043394e+00
1.553560588632000083e+00
1.490139850506070562e+00
1.505547015723121884e+00
1.808778479146300411e+00
1.714886222222442802e+00
1.719876137481400891e+00
1.744261361829715140e+00
1.793730002392067036e+00
1.735751229220274805e+00
1.454841727516971606e+00
1.588259750346158627e+00
1.647678662993825149e+00
1.532535114461097026e+00
1.546721293689179433e+00
1.395032308163093093e+00
1.516597612094789937e+00
1.507854886421284180e+00
1.630383937957474050e+00
1.687697606135802220e+00
1.642583770413459376e+00
1.840930258086825422e+00
1.777930098412836557e+00
1.747365168926438894e+00
1.884620096589060489e+00
1.614958391079041267e+00
1.597458956993182744e+00
1.513535979655487029e+00
1.623553909218241387e+00
1.787764593920748490e+00
1.654248480082092243e+00
1.587050974269752501e+00
1.675323889106080877e+00
1.754850036103492217e+00
1.613481362837395627e+00
1.587411281297585797e+00
1.419677652179990535e+00
1.246603205990265195e+00
1.206835606902148639e+00
1.289514472136549461e+00
1.250467473517432593e+00
1.201808145817189200e+00
1.256364495387788827e+00
1.347723062461240184e+00
1.516246471324707024e+00
1.754565945576919139e+00
1.695012922411547773e+00
1.576600826560622393e+00
1.702991909552049599e+00
1.667191074084610758e+00
1.824959062446966040e+00
1.781388287243186985e+00
1.974670155376084590e+00
2.089075866442979823e+00
2.059731650446103846e+00
2.241475405071615246e+00
2.177865113631671345e+00
2.278513629693600606e+00
2.224282465426369537e+00
2.079243066678189145e+00
2.083879926908040137e+00
1.907004959882817596e+00
2.027758647070110776e+00
2.008256668272142331e+00
1.972347467476560423e+00
2.117936958819221616e+00
2.246658037364342331e+00
2.284274692204477208e+00
