6.743495761743045547e-07
5.458695947989105068e-01
7.992991857402443889e-01
8.318570101170117415e-01
8.813334280388479547e-01
9.256350591110883430e-01
9.917592821177291240e-01
1.120452173584312483e+00
1.207243032117901071e+00
1.087622337335182321e+00
1.364120668262781777e+00
1.363167017470659381e+00
1.304778294117850290e+00
1.089423601178518553e+00
1.060358624131530592e+00
1.055678095153866902e+00
1.082630016179406685e+00
1.056159983074864028e+00
1.114377117374460990e+00
1.067754269850512028e+00
1.002249726200333813e+00
1.207144264621294871e+00
1.087159361652207723e+00
7.889005726434652477e-01
9.527550977055715409e-01
1.212628954517129376e+00
1.116647255591711740e+00
1.014442566135969948e+00
1.009464214396824655e+00
1.093293522250391003e+00
1.346177569249339845e+00
1.360278617636680565e+00
1.319133945653727658e+00
1.402788808172990898e+00
1.394068627581736886e+00
1.371905983430794285e+00
1.517661029275453322e+00
1.551362083907531275e+00
1.499575842166468220e+00
1.697899701654349336e+00
1.797084479989787154e+00
1.609819456951400607e+00
1.604481757559107713e+00
1.582519860117596266e+00
1.699294148857713349e+00
1.560303806428849027e+00
1.777386285284098699e+00
1.695801870644401133e+00
1.581029084158155351e+00
1.626285806631721842e+00
1.679151871052117606e+00
1.409735341450681911e+00
1.385607790564695296e+00
1.597214430936026552e+00
1.404752552482362971e+00
1.423526262327449610e+00
1.567136112460002506e+00
1.538910825681634620e+00
1.634380389918855592e+00
1.508403185411126834e+00
1.509322470327143728e+00
1.746120523585234396e+00
1.671096590034146123e+00
1.645459425200589409e+00
1.713422105422257813e+00
1.746706735552585377e+00
1.672150196041296777e+00
1.823917780007383360e+00
1.748654480567389591e+00
1.701219799008188982e+00
1.939636811812481598e+00
1.856132206244066385e+00
2.020349343607314552e+00
2.194585073676071474e+00
2.139884311782866089e+00
2.094815632165393904e+00
2.289964155218935371e+00
2.427553582815355604e+00
2.469067035626862694e+00
2.757757083876303916e+00
2.845467270410871663e+00
2.830230908035311632e+00
3.022158324514327976e+00
3.343558232489315163e+00
3.233999526085877374e+00
3.057663797444249099e+00
3.015874955527125145e+00
2.834038270386034508e+00
2.979531912751348877e+00
2.739891652076871242e+00
2.701297720288520221e+00
2.628589037184197341e+00
2.612978045321427079e+00
2.670979160104910655e+00
2.628070782112314596e+00
2.400148000811345383e+00
2.321295118900335464e+00
2.285470010638339655e+00
2.321312906609751980e+00
2.319749327759739188e+00
