0.000000000000000000e+00
4.706441788707486640e-01
5.038835843484866794e-01
5.951967912491379353e-01
7.361262322312996931e-01
7.163112463954356413e-01
6.302927841880875404e-01
8.382945467317615140e-01
7.514212797184504078e-01
7.203402197897120773e-01
8.078520330733309773e-01
1.045661758395836527e+00
1.217905329236766754e+00
1.192821970083173477e+00
1.254825933858861875e+00
1.018544169628623708e+00
9.125358106372625233e-01
9.580435453635717247e-01
1.004827791585113372e+00
1.357394564496123612e+00
1.207519653898153411e+00
1.442123969798279504e+00
1.401121233303210145e+00
1.554006071859744820e+00
1.596403087938225607e+00
1.559545560794836305e+00
1.708082191090875668e+00
1.612415989378457981e+00
1.682023667325138527e+00
1.764650599355709337e+00
1.787983670297497163e+00
1.854821878100997079e+00
1.887856276086697704e+00
1.699890991656353378e+00
1.725432128133805643e+00
1.810382965156274171e+00
1.674568200624924286e+00
1.756854148601749932e+00
1.756753007561721258e+00
1.716262214066025527e+00
1.616802955213961335e+00
1.918957378564718264e+00
1.674508033486619363e+00
1.765395460345709155e+00
1.842025411756098130e+00
1.756592462631625384e+00
1.883489204782370141e+00
1.908644490363722968e+00
2.181604081206296453e+00
2.227122108010022306e+00
1.954778549753363404e+00
2.064403228510564237e+00
2.160806387195060907e+00
2.121251943994173050e+00
1.971595940994361307e+00
1.887915168915625719e+00
1.851720857962296130e+00
1.829383430917374875e+00
1.846564879694859052e+00
1.719264802985854823e+00
1.814444858452686660e+00
1.597078386749056111e+00
1.690739175782249859e+00
1.655930259000487625e+00
1.742904742194790524e+00
1.741945282653042826e+00
1.816173348329000792e+00
1.688290798710200935e+00
1.707965062254640065e+00
1.628245181956739618e+00
1.851305448669113174e+00
1.934670372292745633e+00
2.186419871118930658e+00
2.236130381479958462e+00
2.250814641783511760e+00
2.262600076838468421e+00
1.949772403623115435e+00
1.932519828262504902e+00
2.086892783135444684e+00
2.041357788706680498e+00
2.208979632176695240e+00
2.132733639334667863e+00
2.316061669114968247e+00
2.332551569562386184e+00
2.241877140766219245e+00
1.838740352777329168e+00
1.943877835486723438e+00
2.066145520278811265e+00
2.152318652728576254e+00
2.001004453370649028e+00
1.905055146396611443e+00
1.743180980873916486e+00
1.762388346778450465e+00
1.713923265128891371e+00
1.723700629713518895e+00
1.569560228260873824e+00
1.729667894190000776e+00
1.899405418183474969e+00
1.923324934875652703e+00
2.036274801393263889e+00
