2.132480599880017890e-07
5.019082050623797642e-01
5.308647728145395872e-01
5.783405551286130430e-01
7.530823463851712418e-01
5.677692861744489949e-01
7.553469486517740972e-01
7.987634005925736691e-01
6.851991179018683820e-01
7.696989103136928634e-01
8.164906911476862428e-01
8.201362170423864839e-01
6.670677198820019749e-01
7.023300863481878320e-01
8.207965004173373158e-01
8.996624486610766969e-01
1.040368266364060990e+00
1.012681941977702227e+00
1.104049393017298319e+00
1.243169518340151436e+00
1.140335374785523603e+00
1.244377939472633754e+00
1.213595116118623807e+00
1.216719413729406618e+00
1.091607033355763479e+00
1.196255176301507239e+00
1.108148360235914121e+00
1.232962911190655708e+00
1.186662245050833508e+00
1.125138482874195711e+00
1.160019008974189303e+00
1.036970917613500909e+00
1.125503155474048445e+00
1.011879958996737328e+00
1.022445969667804766e+00
8.541142868754979522e-01
8.519949288333249493e-01
9.173596467589366643e-01
9.257931171225951550e-01
9.975031642676470689e-01
1.020517466205117518e+00
9.415596678106565864e-01
9.409091696371733038e-01
1.002150472580872309e+00
9.767584183280031418e-01
1.081452539582348216e+00
1.158783600259540858e+00
1.124405151523600876e+00
1.159533032588051960e+00
1.054204552651144100e+00
1.019322261410936514e+00
1.091892807421775968e+00
1.199260880713404642e+00
1.215587982893570063e+00
1.236049598057539889e+00
1.199257029169389366e+00
1.445219211563988582e+00
1.511805789149382795e+00
1.450337696763762008e+00
1.436857975990094349e+00
1.512702703406024529e+00
1.311039322249838435e+00
1.472134576175781806e+00
1.197352107052757075e+00
1.352071071877258834e+00
1.347870583476804773e+00
1.272419537761370512e+00
1.344828746225710026e+00
1.471519253875454902e+00
1.546388341018478885e+00
1.421645565206323791e+00
1.240934900308358957e+00
1.217919819621780864e+00
1.132870943919298767e+00
1.244024631403853665e+00
1.365903646762599344e+00
1.215965083322788853e+00
1.372622655410276282e+00
1.235605764025224484e+00
1.140875362436095219e+00
1.305113835070501382e+00
1.164778901703668934e+00
1.097168042621492923e+00
1.344085748248946111e+00
1.117866735653064936e+00
1.285386873172543298e+00
1.392278728853281411e+00
1.337004930070867514e+00
1.201268543972622282e+00
1.317466937583833486e+00
1.331514735626463608e+00
1.220757464076274390e+00
1.161259438299731439e+00
1.268604460105988929e+00
1.364429118497354265e+00
1.431143655048763064e+00
1.229230399682933461e+00
1.281704803328703512e+00
1.335431057125863630e+00
1.298782730247079353e+00
