3.015782985847834980e-07
4.882318066135799550e-01
4.547207446327457547e-01
6.669966401934209754e-01
6.709175786390385587e-01
7.300588394726756913e-01
7.166353980880476593e-01
6.092390059206388431e-01
6.409374755350106811e-01
7.914953694506028370e-01
8.685446133461062201e-01
8.082092955254325251e-01
1.070499335240401084e+00
1.134197180412441330e+00
1.178739784241776167e+00
1.090974841341808999e+00
9.241283782602173202e-01
1.208366871339590976e+00
1.202943314339223413e+00
1.258121115131777490e+00
1.241262769647670128e+00
1.387867840578776990e+00
1.376483762847203529e+00
1.478540998285899688e+00
1.623918427750802307e+00
1.725395236229796403e+00
1.490501729590580693e+00
1.631485030641407263e+00
1.658511482078460775e+00
1.918757534908379414e+00
1.867120333133667875e+00
1.766710295334684933e+00
1.721373728137492787e+00
1.794768132378259384e+00
1.814199322058740460e+00
1.712586122953167145e+00
1.745183340436376351e+00
1.684762971150968403e+00
1.793704980672849780e+00
1.891122828771437003e+00
1.939174410666943738e+00
1.784259803394761423e+00
1.994046886400705931e+00
2.052646522434280918e+00
2.151502318447584106e+00
2.086128466152627592e+00
1.960949534540513017e+00
1.804368803999953252e+00
1.896480926051194116e+00
2.117109733561232332e+00
1.974147305166141786e+00
2.287273763344985777e+00
2.241961886247815006e+00
2.124850717569020109e+00
2.155111571105845059e+00
2.058908824137402949e+00
1.804468780886732793e+00
1.880468403439085501e+00
2.175266290321696161e+00
2.274234846918375741e+00
2.221500634505256588e+00
2.235767297039793711e+00
2.380910179908072966e+00
2.219978983756357938e+00
2.171811194856568594e+00
2.201800118903541215e+00
2.280641369675967756e+00
2.159981241106311511e+00
2.177038934085739008e+00
2.069689492217360538e+00
2.235137641919569429e+00
2.058701711458020611e+00
2.147007975214358932e+00
2.173427979630258022e+00
2.021130449284972208e+00
2.093055448709692623e+00
2.036043013763044307e+00
2.149335048261963088e+00
2.235044583705621424e+00
2.281103795419709090e+00
2.155555334133693268e+00
2.145831853263746147e+00
2.214297784157438720e+00
2.461278394194589048e+00
2.475209669295710402e+00
2.372403806365354750e+00
2.481945207042800305e+00
2.508674060059699062e+00
2.441766868935663748e+00
2.525494710979383495e+00
2.575736036735335244e+00
2.647725733107722412e+00
2.761757858505949681e+00
2.747416731247292354e+00
2.844997837378486327e+00
2.892154052306725287e+00
2.623534029594848604e+00
2.568294400364377950e+00
2.538206812741330420e+00
2.322120787704057943e+00
