0.000000000000000000e+00
4.172174721513437490e-01
4.873935168049050026e-01
5.333474552853028072e-01
6.383978824420798448e-01
6.953435363915986267e-01
8.684827496593311436e-01
9.199558799684451893e-01
7.823069638874705634e-01
9.395945505692422373e-01
8.816280184009405163e-01
1.017963722254967562e+00
1.098412126762355889e+00
1.236079637780861828e+00
1.234724986417474080e+00
1.414985522513405147e+00
1.261812435824525735e+00
1.392866864212016997e+00
1.297956909055667296e+00
1.490362034570076766e+00
1.467788764095834919e+00
1.327535876350852684e+00
1.305676093895441925e+00
1.338273665456770400e+00
1.386012122191395024e+00
1.385267434585812252e+00
1.232736062080634021e+00
1.256712774131451216e+00
1.307256523098228262e+00
1.327547777335306156e+00
1.059111302933039456e+00
1.054290884535968198e+00
1.121385175864970662e+00
1.046172678923744437e+00
9.547751692875738883e-01
1.132428721205787525e+00
1.079291471265899194e+00
1.125501414102684006e+00
1.086015479788643656e+00
1.205751340746306965e+00
1.172339539179937162e+00
1.187162290042217627e+00
1.362154341444391292e+00
1.134455557150167770e+00
1.114122075339351037e+00
1.238423837509444958e+00
1.215092608014195941e+00
1.195851649238525827e+00
1.331237889472407954e+00
1.257533911781987701e+00
1.313653569001551835e+00
1.552308521732294055e+00
1.398229184705941597e+00
1.345803345657077488e+00
1.407225234739430952e+00
1.169489385619753463e+00
1.234511348617438165e+00
1.180777991598378263e+00
1.226758065194066605e+00
1.076794143566999651e+00
1.178450379558297456e+00
1.429520740977890281e+00
1.387656100738177134e+00
1.411703640650773472e+00
1.481804326758815238e+00
1.478082821256276880e+00
1.453539284413136068e+00
1.298381931195106143e+00
1.388644564663876535e+00
1.390727492087527661e+00
1.313337046309650313e+00
1.270574837807238788e+00
1.419640525895303984e+00
1.398771091937192956e+00
1.291294531904634946e+00
1.199961002276743072e+00
1.444701919541646618e+00
1.497593861923555369e+00
1.497329861786626637e+00
1.461346814945770234e+00
1.590570059868572361e+00
1.684339969943135618e+00
1.780694976737642099e+00
1.708500630629296912e+00
1.667235927350779523e+00
1.682150869391679571e+00
1.675291122031708602e+00
1.528718903430245746e+00
1.470122446791321646e+00
1.477652939540838428e+00
1.332868100489365881e+00
1.436156914092295622e+00
1.296856395680677343e+00
1.246562169234195050e+00
1.306698087912825823e+00
1.307274593495541870e+00
1.319619124070400940e+00
1.317189640678787521e+00
1.418420242540262999e+00
1.412152978279089366e+00
