0.000000000000000000e+00
3.506263508913862181e-01
5.758566374093511131e-01
6.147160821707295941e-01
9.895238151855791919e-01
1.008319558766960222e+00
1.024741790302180489e+00
1.326330827334155193e+00
1.402681482482451392e+00
1.423998149691989790e+00
1.517841916937363367e+00
1.764690102367143076e+00
1.683085022253136165e+00
2.050558399829012224e+00
2.034399189863795865e+00
2.005004952266595808e+00
1.976814462623763147e+00
1.821687963524174503e+00
1.944567727023308823e+00
2.041618000469188843e+00
2.069664656234072808e+00
1.891270868997047661e+00
2.032761064493715963e+00
1.923022006845751974e+00
1.760508736395456797e+00
1.611927639122016309e+00
1.816823302248372185e+00
1.476963275612009907e+00
1.678170300469466802e+00
1.784004774327254239e+00
1.949683471500042620e+00
1.871304881820333277e+00
1.996572445491201053e+00
2.154192519562452279e+00
1.835990893728823625e+00
1.794015600296078983e+00
1.941061687252063406e+00
1.899634143741721459e+00
1.722118056137600828e+00
1.731376337342225735e+00
1.728634494142065048e+00
1.885003668534602328e+00
1.965516234286323050e+00
1.790346172892570031e+00
1.567778314913285787e+00
1.739727370948397134e+00
1.757844401920341415e+00
1.662582429190267108e+00
1.595605026779804314e+00
1.872263578369385950e+00
1.794726380820878875e+00
1.874907619400322245e+00
1.694784776734121756e+00
1.768626474139599170e+00
1.775937496081086087e+00
1.841729809731262213e+00
1.767730653657794360e+00
1.659738346333648140e+00
1.831044193989753488e+00
1.669278808385316504e+00
1.747005833518365803e+00
1.788317511321248388e+00
1.704409133016714817e+00
1.489859688541567584e+00
1.790424238698055781e+00
1.676080890729368722e+00
1.694089738892354369e+00
1.724476755649251070e+00
1.833239160973859860e+00
1.808978562318863670e+00
1.686736043714120781e+00
1.530071069980012188e+00
1.711108374126072640e+00
1.469994963635472551e+00
1.556581151406583929e+00
1.609901777173715409e+00
1.461580431268889591e+00
1.646691998252135969e+00
1.393099921627248827e+00
1.389445334130977150e+00
1.511750547589239657e+00
1.480287249370449087e+00
1.381111876114583525e+00
1.285945476957371048e+00
1.461430423732333228e+00
1.413833648009259480e+00
1.365961776536430250e+00
1.471748338907896025e+00
1.506184154678083420e+00
1.330246562811333355e+00
1.386308860062859249e+00
1.555861806972748118e+00
1.488976324663498829e+00
1.558289726585217361e+00
1.337528012824049650e+00
1.350034015159134571e+00
1.277003040920731136e+00
1.316569636430859003e+00
1.361094857499842270e+00
1.224444899882150883e+00
