4.264961199760035779e-07
4.824377046264440305e-01
5.018443421857573528e-01
7.353527039895622064e-01
6.352737353119841668e-01
6.821124544020882308e-01
6.216734001343681149e-01
8.323949986379513000e-01
8.278753280385104940e-01
9.845204691350820658e-01
1.069026643472134053e+00
1.046563898799829806e+00
1.107049723316468004e+00
1.263951360601513141e+00
1.293637941909002054e+00
1.408239169324798423e+00
1.287058726263052622e+00
1.231425311054523908e+00
1.292555206653851041e+00
1.439262368304183637e+00
1.366860766929703042e+00
1.347181994951437201e+00
1.464894320765651958e+00
1.475201742009311534e+00
1.399996661257173924e+00
1.466186282605076663e+00
1.439275113409955953e+00
1.643059092506881536e+00
1.773088811403455090e+00
1.793301110146459099e+00
1.777314848568463557e+00
1.895333826513926789e+00
1.856823667670176814e+00
1.932628008220363736e+00
1.872975604683584816e+00
2.130715455624508259e+00
2.175754260820339514e+00
2.181593555010391761e+00
2.275178546075380837e+00
2.398160761163339760e+00
2.115457356044348369e+00
2.132408050177764469e+00
2.044246218694941497e+00
2.200438464470138467e+00
2.255063762626813517e+00
2.250544147312035559e+00
2.070245807125353554e+00
2.060054056334377659e+00
2.121316235881670842e+00
2.112517546125455059e+00
2.087485077649682719e+00
2.209739187492294477e+00
2.271846317903084778e+00
2.352154646923461101e+00
2.376714615932904451e+00
2.485097074987967947e+00
2.386018319049422853e+00
2.507415483975119486e+00
2.545949149621963503e+00
2.474406467199533388e+00
2.449677697091279693e+00
2.593391334995368336e+00
2.543467526324985961e+00
2.419149790349770512e+00
2.647857504663059025e+00
2.635350758548975936e+00
2.704390474911329445e+00
2.433113293361813589e+00
2.361383464594794646e+00
2.583350063254461482e+00
2.588934100063803978e+00
2.324426473080516420e+00
2.225771654277309608e+00
2.188100646833785579e+00
2.293052838128192494e+00
2.235579961065732757e+00
2.282240225063173700e+00
2.229745023537009985e+00
2.218291311274119604e+00
2.321110514561101734e+00
2.431242739093260052e+00
2.448962770484579110e+00
2.293553265534095331e+00
2.301415221027160118e+00
2.228663919800971449e+00
2.108332868437019059e+00
2.239674813158138100e+00
2.352887526132241724e+00
2.475847379392132730e+00
2.783464001099458685e+00
2.886943939622857336e+00
2.949325328337004226e+00
2.838574523169407726e+00
2.704070673777870581e+00
2.819319333226772528e+00
2.722951554762320203e+00
2.686182191975490241e+00
2.559928394913871585e+00
2.681736793728772383e+00
2.595579815269859036e+00
