2.132480599880017890e-07
3.274702438787467917e-01
4.765866133992555653e-01
6.780382970275879995e-01
5.657103884118531711e-01
7.043297511902588681e-01
8.544155374948194659e-01
9.307394602150332874e-01
8.041241211781012810e-01
8.621834887435670947e-01
9.140277966759497996e-01
8.756837084269961657e-01
8.413059783852462337e-01
1.089175957017842977e+00
1.010562548389691617e+00
1.171894156006448640e+00
8.946817765810585188e-01
1.072452382928417602e+00
1.131852813397378421e+00
1.081179612094592679e+00
1.213418753543007877e+00
1.257684423172346078e+00
1.346259448559882665e+00
1.453593855851816219e+00
1.400902695768430739e+00
1.517765193733978224e+00
1.511380538060373757e+00
1.564438981852304344e+00
1.560321889734027856e+00
1.683704515324071727e+00
1.745299254903141639e+00
1.555026797487490287e+00
1.422467981111434465e+00
1.551928378072469084e+00
1.467783749796081505e+00
1.493767589276686625e+00
1.585225818424909727e+00
1.733177048257557473e+00
1.598144954775201798e+00
1.339392075534619364e+00
1.343172193450401286e+00
1.462277614391214176e+00
1.539312123992927273e+00
1.654121241811497001e+00
1.745851961401228225e+00
1.643027723123104300e+00
1.867278266107609719e+00
1.904771948035244078e+00
1.968786944268879457e+00
1.962579449739523030e+00
1.804020146029332805e+00
1.824921643783348202e+00
1.831212201522944616e+00
1.929487818226919282e+00
2.079517192802146308e+00
1.983519529228854772e+00
2.103817473430878771e+00
2.047710497697469822e+00
2.085825541970359076e+00
2.045619079499259030e+00
2.311058927702114740e+00
2.338256830215095228e+00
2.258579531593126077e+00
2.355414379459453311e+00
2.145854136918802002e+00
2.267359708663075235e+00
2.335306927983539005e+00
2.432986389153384277e+00
2.491111265084684945e+00
2.401672934117907054e+00
2.472736955770937772e+00
2.564085693777184538e+00
2.588377011626500135e+00
2.433303513904356841e+00
2.478636919244671333e+00
2.665265846269159411e+00
2.581335455571444282e+00
2.694003449714048148e+00
2.634825246759628037e+00
2.647512377300922815e+00
2.756731643801896503e+00
2.662476431275232258e+00
2.611386205549036887e+00
2.462243975378793692e+00
2.214602848494532150e+00
2.181392382563357213e+00
2.253466285677817815e+00
1.993709105734091214e+00
2.006471634443488306e+00
1.816702030608797314e+00
1.699431788161319679e+00
1.780124121174446294e+00
2.018689314117958933e+00
2.103846012126466825e+00
1.817255239047443460e+00
2.118184000248053422e+00
2.031368700888866563e+00
1.952057074839081974e+00
1.927404181423010066e+00
2.077275278037681527e+00
