4.264961199760035779e-07
4.646559967917893164e-01
7.346784583418054515e-01
8.538227900685597671e-01
1.002882234521721649e+00
9.544461821403875668e-01
9.531806870330561399e-01
1.273393403912802313e+00
1.149397282427997213e+00
1.009099711032726443e+00
9.834934648986394246e-01
9.141575666448613635e-01
1.067213733361817907e+00
1.297366270564535240e+00
1.391866977395630256e+00
1.518790866868066969e+00
1.464200848457814175e+00
1.585226364839179780e+00
1.603950980086200184e+00
1.666725415774447328e+00
1.848667061873266793e+00
1.700148922023325238e+00
1.806937859655386225e+00
1.745736174406673280e+00
1.536197193491989799e+00
1.772232619938725051e+00
1.480560982751435883e+00
1.471129518906570288e+00
1.326050229087279986e+00
1.346395948596349257e+00
1.337076985021934838e+00
1.392431119541329476e+00
1.418583637469292613e+00
1.648429561673484312e+00
1.517471518636824834e+00
1.372529878724004782e+00
1.569970637966638050e+00
1.553776026828711521e+00
1.559778547082767419e+00
1.576463372353513304e+00
1.513383874037542709e+00
1.581114400266800724e+00
1.531329457181930920e+00
1.300508008192334142e+00
1.613293767155699721e+00
1.667399592893402671e+00
1.662930424870512791e+00
1.490212693308404557e+00
1.388123409320195289e+00
1.450416939567158447e+00
1.674906215249488017e+00
1.739441284130147203e+00
1.566917582525027441e+00
1.731702151032158632e+00
1.664092582343567051e+00
1.785937248193389060e+00
1.976757758936519505e+00
2.050088790233400626e+00
2.034813670040397149e+00
1.926121181101328128e+00
1.920249820176882949e+00
1.950312002092557506e+00
1.995299650555775628e+00
2.099702799880668103e+00
1.998889087748393356e+00
2.072455899321729689e+00
2.104864145528869468e+00
1.980332875424160255e+00
2.096781169082348129e+00
1.954390926292709496e+00
2.103986484227746256e+00
1.993483419813062429e+00
2.060176503831617989e+00
2.075031358710840657e+00
2.090137389435800408e+00
2.085156234180549184e+00
2.240781287824737955e+00
2.243699304084648460e+00
2.092422260683845181e+00
2.491324341071396997e+00
2.531806357309771549e+00
2.497553994295905522e+00
2.437520104673618793e+00
2.469347633569474620e+00
2.279656264216312955e+00
2.302041032476150662e+00
2.273798221202353087e+00
2.096199553392646298e+00
2.166153601650365967e+00
2.130753020079311888e+00
2.071663535617553453e+00
2.137499975297551646e+00
2.101959108329179315e+00
2.189812174317366633e+00
2.096322363679845147e+00
2.230360221772278440e+00
2.243737398118646809e+00
2.287494217026816656e+00
2.423315379383045975e+00
2.467040717462534616e+00
