0.000000000000000000e+00
6.477019127935640386e-01
8.526478245485664686e-01
9.332023320463421756e-01
7.871334304957686712e-01
8.996180760471161886e-01
8.758696708748153759e-01
7.010963558978420274e-01
1.073897933168519447e+00
1.298593003537406476e+00
1.328439518584988432e+00
1.224176990522059860e+00
1.344763913241091124e+00
1.499160089829749909e+00
1.566898177231037081e+00
1.492773671250795298e+00
1.494153704666532079e+00
1.647445242589581138e+00
1.522683206176144610e+00
1.553134420885969647e+00
1.598862968197734880e+00
1.610662430061082562e+00
1.357634231985102913e+00
1.624593997747976637e+00
1.757176103370536868e+00
1.928956342805771440e+00
1.778224885619198004e+00
1.747554077726495514e+00
1.845843711025014766e+00
1.963041127947780184e+00
1.766961474232381146e+00
1.597259900179922143e+00
1.686106020185629495e+00
2.204548568975777556e+00
1.989091032650370794e+00
2.001549792738674949e+00
1.940157730988492979e+00
2.075923073976709610e+00
1.971533676543351543e+00
2.106228788583208722e+00
1.854583805048736433e+00
2.223407033255410337e+00
2.300973778118123203e+00
2.407050406204719994e+00
2.430933939069554572e+00
2.631697495577512758e+00
2.669073775288052452e+00
2.611882932854527439e+00
2.499142487622064035e+00
2.555218671442482048e+00
2.586193344702642616e+00
2.555148941603575086e+00
2.603128362422458153e+00
2.432773602228662568e+00
2.404370068268304017e+00
2.368480420956318611e+00
2.350275489393236938e+00
2.289462608305166125e+00
2.393440687339294382e+00
2.335179127720486303e+00
2.535014652327411522e+00
2.668832948044415065e+00
2.485169351425503326e+00
2.418003569736093095e+00
2.347420604896018226e+00
2.364092403724901814e+00
2.351612707443255346e+00
2.204402031261536443e+00
1.931364469539039730e+00
1.925038813752512068e+00
1.802300295545967268e+00
1.907983903877862319e+00
1.811141642379540118e+00
1.613607336575039630e+00
1.587139070891294246e+00
1.824574696100341065e+00
1.786538553564859466e+00
1.878566750025446819e+00
1.900182307405933191e+00
1.850150331530430847e+00
1.907035598578937341e+00
1.896485612553058475e+00
1.939317325031594486e+00
1.884393754449006808e+00
1.745231520991973984e+00
1.944194028370875182e+00
1.842757709809522249e+00
1.781989756784591927e+00
1.788337579915070696e+00
1.595065534461909351e+00
1.547644140923475131e+00
1.605113942589675879e+00
1.831643234529172437e+00
1.926265884973458631e+00
1.989129277199046086e+00
1.899216152396859592e+00
1.913774540023700954e+00
2.091097312239884154e+00
1.954089695612285515e+00
1.978723469974146054e+00
