0.000000000000000000e+00
3.990584347000533660e-01
4.787343926069010380e-01
5.051905918419216102e-01
4.495339633516032829e-01
6.617352183999166693e-01
7.303125963561599709e-01
7.880026733506354519e-01
7.848982333255725141e-01
9.016070289252353653e-01
7.041873857822809057e-01
8.559817218656750049e-01
6.696448578687537179e-01
1.078599616328336452e+00
9.192689991680828010e-01
1.047294697568097899e+00
1.349216574151724357e+00
1.321850237163165076e+00
1.246221309173169534e+00
1.130741344269088344e+00
1.263273627762665718e+00
1.360448364515514763e+00
1.260911626882051273e+00
1.081800357154269587e+00
1.127869979795806277e+00
1.171620463664777567e+00
1.264443097923003467e+00
1.344326832656197457e+00
1.285768807180304840e+00
1.307108391179182538e+00
1.307290121842343167e+00
1.306202542135645128e+00
1.264464270332599671e+00
1.301126924105178828e+00
1.385510914867624788e+00
1.350436040468196763e+00
1.354957021982129639e+00
1.466134462182112630e+00
1.372215731661853511e+00
1.497199999959347494e+00
1.555557043823988073e+00
1.511580545180994273e+00
1.763802744583172988e+00
1.866963863668802182e+00
1.955721582206374265e+00
1.952381837643847540e+00
1.886217006043920952e+00
1.792335987809795972e+00
1.653545799034230379e+00
1.694105557549595131e+00
1.669075972669389341e+00
1.767701760278452605e+00
1.873152628817258858e+00
1.831506964469420629e+00
1.877713829910701904e+00
2.042217799261677236e+00
1.885184010392013443e+00
1.914172787445574064e+00
1.938806075838868992e+00
1.815545588811687150e+00
1.923394642375840791e+00
2.014686428836471865e+00
1.829207955324159807e+00
1.913164562510610844e+00
2.047133047239158898e+00
1.996323660755636276e+00
1.989986274684551582e+00
1.948503390156198112e+00
1.955105782713044027e+00
2.103268739429586365e+00
1.971893018307939061e+00
1.916574077178777369e+00
1.905893289740838270e+00
1.758955484334407515e+00
1.763071854276575534e+00
1.770977642011933861e+00
1.896250229740849669e+00
1.847121977383028080e+00
1.992724030715256056e+00
1.807580380611129689e+00
1.802042178964359032e+00
1.882444637687741285e+00
1.751595096594421141e+00
1.875719886237057654e+00
1.873776398734438908e+00
1.829553990621678894e+00
2.015945318193799185e+00
1.889116149500762010e+00
1.713575054482384008e+00
1.867180721433120416e+00
1.828450322501271819e+00
1.724179545288030191e+00
1.763399107618570438e+00
1.718535998765525985e+00
1.831421487111276836e+00
1.767264622929582085e+00
1.725486781743802656e+00
1.998449937415521571e+00
1.968753265879266134e+00
1.907460814757908185e+00
