3.693564745147149106e-07
5.132810900232979145e-01
5.895256567224063105e-01
8.196836654137797940e-01
8.030201218615701242e-01
1.109660005018954010e+00
1.050429148981428140e+00
1.043326038782993903e+00
1.216493655167942611e+00
1.091184425334900121e+00
1.166084899767138694e+00
1.163572365209172732e+00
1.206044813568200036e+00
1.245424631834027185e+00
1.269822153619193816e+00
1.425993766770057292e+00
1.408588032676072688e+00
1.293351737727167494e+00
1.602329693402524402e+00
1.622872413341201803e+00
1.680170129995818273e+00
1.678669693989155443e+00
1.787605092006390617e+00
1.864550841821089211e+00
1.904195035260110913e+00
2.016906235117731150e+00
2.122019170946017663e+00
1.970306620919996199e+00
2.162198526527557174e+00
2.006758550983338107e+00
2.312050289628669653e+00
2.136894568394925642e+00
2.192929137883342428e+00
2.030084487402275872e+00
2.129602463014580227e+00
2.174855240103056087e+00
2.379817798603170775e+00
2.411414390673600749e+00
2.410846386496178440e+00
2.175036803539146302e+00
2.247671338235240235e+00
2.212253029252646552e+00
2.277804514669281577e+00
2.238705896156889974e+00
2.244832369224012858e+00
2.213165549364207951e+00
2.257704131982510187e+00
2.257467935249963364e+00
2.402140511877248752e+00
2.257141713456181975e+00
2.414578793974389459e+00
2.480066760695346595e+00
2.707652275046371848e+00
2.802492202966467172e+00
2.828859998135104803e+00
2.714032027738800590e+00
2.595285763291956815e+00
2.554682191474784592e+00
2.424732608293910463e+00
2.505727219691967544e+00
2.678490551338082781e+00
2.740309060276184816e+00
2.804769425394729065e+00
2.611188368531501158e+00
2.572859468451357490e+00
2.728055332898995378e+00
2.963257581890072601e+00
2.940341926162806985e+00
2.950311405956108857e+00
3.188963752975872978e+00
3.220693529010445921e+00
3.342109403939284018e+00
3.199291355749387389e+00
3.300534655349478541e+00
3.311913871651706476e+00
3.299668781487952174e+00
3.348571724879272793e+00
3.370109286058865727e+00
3.338202480883121659e+00
3.478451813694677597e+00
3.433171461742037245e+00
3.286366385186037853e+00
3.444137536209638029e+00
3.247187183434350199e+00
3.475618702967309126e+00
3.322149298614838653e+00
3.445542184546286357e+00
3.521645754505355885e+00
3.572040758253161918e+00
3.550554488703114853e+00
3.621325334048257183e+00
3.448624519120242482e+00
3.503083843746070070e+00
3.442829947999179296e+00
3.449666334105275123e+00
3.361513879191546206e+00
3.338233803255771459e+00
3.404159029921805413e+00
3.372048190333075457e+00
3.228381688105641523e+00
