0.000000000000000000e+00
4.344648913746684271e-01
4.665692966116021245e-01
4.841741677118557852e-01
4.882900659061463200e-01
5.781210618331926732e-01
4.916586524166121630e-01
5.914228184973860936e-01
6.574219865659605144e-01
8.434185808538645635e-01
8.612917359113555493e-01
9.597909597862090969e-01
9.996303111347073500e-01
9.410985653002320594e-01
8.450341298338120977e-01
8.733387142172416295e-01
7.422384527256820075e-01
9.027931585183074370e-01
8.923798249391740045e-01
8.586540359161388691e-01
9.060092665135041079e-01
6.737196090426813555e-01
8.630810475121940550e-01
1.065684290091783559e+00
1.243259805855647659e+00
1.324289962292361400e+00
1.291802459334430608e+00
1.277318114775071844e+00
1.090666302587433245e+00
1.184388952284564089e+00
1.335917657679417614e+00
1.361712235639729984e+00
1.172856058353423991e+00
1.290363436743742875e+00
1.222134381686730276e+00
1.380900292400876195e+00
1.272454437864329879e+00
1.412323986348408500e+00
1.423802173017567840e+00
1.308822429606239401e+00
1.399705691334024005e+00
1.284779295982647396e+00
1.263432326245141013e+00
1.211596250869315661e+00
1.245656139823932751e+00
1.186051501364675076e+00
1.169112073676782160e+00
1.649663972195522854e+00
1.509514880566022565e+00
1.345814736088072561e+00
1.521515663330173629e+00
1.408875471958420000e+00
1.387831068661518064e+00
1.353321914940099235e+00
1.353784602457829278e+00
1.244255240049209288e+00
1.410966046410680574e+00
1.172181479058390652e+00
1.106661564197674918e+00
1.086643523620625995e+00
1.371054490151520477e+00
1.574921593456868107e+00
1.733036175830151127e+00
1.754711511595758999e+00
1.705007811570000920e+00
1.855185646932733912e+00
1.930321862924730514e+00
1.587972381235815078e+00
1.584102035999069846e+00
1.814046925848937120e+00
1.813775916786857900e+00
2.063327605903785500e+00
1.982042332713638944e+00
1.874130924981166624e+00
1.709106949307617862e+00
1.875543709517097701e+00
1.810111505917386898e+00
1.880556947097096199e+00
2.025103723060256655e+00
1.867729282470013130e+00
2.009767913823029772e+00
2.057947264678591015e+00
1.873088152202636802e+00
1.956529234375851134e+00
1.960775477185936033e+00
1.670080330097087229e+00
1.899514561290882586e+00
1.919951505973324757e+00
1.806692499690307097e+00
1.762040396864570146e+00
1.859942888636045621e+00
1.933307438684977342e+00
1.783321402058228644e+00
1.913377513762427373e+00
1.937314846669936585e+00
1.913052793527977968e+00
1.989416462739335589e+00
1.989320565684917774e+00
2.144090135699345367e+00
2.262452016404876254e+00
