9.047348957543504410e-07
3.892903529480687408e-01
4.200553923868837192e-01
6.368762977751891707e-01
5.634226076786204018e-01
6.151682598070227215e-01
7.250358433789750867e-01
7.465429994890220300e-01
7.566390394085292792e-01
8.439537221966085800e-01
1.043838035832929778e+00
1.111476129264740820e+00
1.339268872186808679e+00
1.285747269794309311e+00
1.322083154846397601e+00
1.428680518708024039e+00
1.523140838177543310e+00
1.594521257762576028e+00
1.463695001390052264e+00
1.712031307849456008e+00
1.705985758400958119e+00
1.577550916865718023e+00
1.588670119960384541e+00
1.632107596592978105e+00
1.605242181138891722e+00
1.636219218072523018e+00
1.724811535605573098e+00
1.758304634238635256e+00
2.060189928337879284e+00
2.039122899492602947e+00
1.900387995053949730e+00
1.736488976204654922e+00
1.553673870156155656e+00
1.564344978418780396e+00
1.641696865436270025e+00
1.871145766750824890e+00
1.944939343402392939e+00
2.234790264163870166e+00
2.092490435265041082e+00
2.397132686826985992e+00
2.210575344486612970e+00
2.228200642679415644e+00
2.250026114050877268e+00
2.183420956121933099e+00
2.327803634631874008e+00
2.389098088912755102e+00
2.358606989050796354e+00
2.331078103393863898e+00
2.274350152881406739e+00
2.171525618003688152e+00
2.189167398229700634e+00
2.103355747062195746e+00
2.144757884972553708e+00
2.093845674715432814e+00
1.976216697920309517e+00
1.946154370031243586e+00
2.120822899747064838e+00
2.068565954778483817e+00
2.045211116297328768e+00
1.952990712104852866e+00
1.908240482549155015e+00
1.791326140227498032e+00
1.795116992060313166e+00
1.848266988505294695e+00
1.859132717585721517e+00
1.899090955385803525e+00
1.787517320221819306e+00
1.808871818519022678e+00
1.833007622871339226e+00
1.846779591534667642e+00
1.896368404411479913e+00
1.946990802968586731e+00
1.924334503465611634e+00
1.921097846376755847e+00
1.841928178495725321e+00
1.796994770207906100e+00
1.981971861666557144e+00
2.089217264613703495e+00
2.250824568689025362e+00
2.286160694473109434e+00
2.273288481992138177e+00
2.575620241904429619e+00
2.469879663402506864e+00
2.549240647408231197e+00
2.556736231404828086e+00
2.549101508458363252e+00
2.558620812213387552e+00
2.515091164617780262e+00
2.176082785485232929e+00
2.173704443026466482e+00
2.190250727519315266e+00
2.128802887433716151e+00
2.133611599049564322e+00
2.061725184783230080e+00
2.218097365431252577e+00
2.326954712783920964e+00
2.299354370719381535e+00
2.393129795882250832e+00
2.405724719715398141e+00
2.092812624003530075e+00
