1.507891492923917490e-07
4.428463683171676712e-01
6.104576771800714896e-01
5.917989738224886942e-01
6.757532169928330834e-01
7.433969028165602344e-01
7.420274208182241482e-01
6.464390677165010590e-01
7.876794455975658638e-01
7.136728135924893524e-01
6.874877439522716349e-01
7.138985690416157492e-01
1.038036239783629577e+00
9.319814757259211602e-01
8.137791706413832760e-01
9.088587757007928758e-01
8.306601431222712106e-01
8.580699361739402287e-01
8.731634849867037085e-01
8.216647520319546594e-01
6.547515104012983089e-01
8.472085815313787904e-01
8.295396890012045610e-01
7.629952058864895026e-01
7.333206167512835716e-01
8.346255477580494242e-01
1.033303729087273304e+00
8.193658013017932618e-01
8.578448993415292989e-01
9.759725685566170705e-01
9.190916138854167139e-01
9.206488107720852687e-01
9.778834602472865623e-01
8.995546815393071771e-01
9.878777283516829710e-01
1.124836390813596099e+00
1.095541215293682313e+00
1.150511303704931931e+00
1.053498006398241538e+00
1.030852226278928807e+00
1.217157889584389974e+00
1.074734506878509022e+00
1.105808669753007623e+00
1.136427799233177049e+00
1.151945964583809712e+00
1.236899303443755649e+00
1.354054211795417073e+00
1.238086609879991862e+00
1.224910934957620379e+00
1.045464201279689975e+00
1.072075381194177890e+00
1.337343897647633062e+00
1.347779793998772346e+00
1.258664091372318605e+00
1.254549441459490877e+00
1.303885467748584270e+00
1.221764380193368194e+00
9.805557669728963699e-01
1.031558969450783181e+00
1.003157491310655569e+00
1.120444445827433189e+00
1.130276389551787997e+00
1.148571602546774040e+00
1.245062682710679880e+00
1.287529296159453329e+00
1.183124810471084309e+00
1.248689039883121410e+00
1.150418750868283491e+00
1.188704605457133301e+00
1.079651165498329179e+00
1.249858802124149459e+00
1.256138197024753156e+00
1.094071698151236172e+00
1.169752666526955975e+00
1.120069527908308160e+00
9.816585728732074578e-01
1.048320915631868688e+00
9.472312957375230713e-01
8.806082701273453273e-01
1.165161475726875340e+00
1.095778890219748725e+00
1.130714043022188031e+00
1.138110124560619996e+00
1.285949956199421873e+00
1.498276351072384216e+00
1.435664871392615227e+00
1.752683953470532519e+00
1.941157831096174347e+00
1.970740719940106800e+00
1.822233960915881523e+00
1.818540563329945181e+00
1.880463168129540730e+00
1.921488737667247371e+00
1.891261710980193245e+00
1.835243099954175561e+00
1.955640039592107415e+00
1.793445271142143360e+00
1.684887828593127468e+00
1.885500550027128908e+00
1.860226067711039377e+00
