3.693564745147149106e-07
4.329962755747757686e-01
7.371357930977304740e-01
6.634758177793838030e-01
6.963418467711356419e-01
7.053330323824524850e-01
5.953866889569414678e-01
8.388280382940266344e-01
1.002240722986873278e+00
9.687002766823233912e-01
1.253988682349527650e+00
1.084837902950485988e+00
1.272128104814272742e+00
1.248269015588695074e+00
1.400380560936111962e+00
1.706838494986207877e+00
1.690826164256715947e+00
1.612443265430604233e+00
1.496096948467669163e+00
1.546517414364154464e+00
1.690978466793432888e+00
1.669869999841928188e+00
1.689611615509594600e+00
1.739945897681489662e+00
1.836387533088477575e+00
1.734662297823424071e+00
1.646486397904759924e+00
1.425388169203124500e+00
1.546238967651019980e+00
1.570072127428366660e+00
1.557400737351585240e+00
1.556774806696408220e+00
1.638580857569168048e+00
1.801912999718765951e+00
1.893201438598343556e+00
1.783530559019878448e+00
1.861403955008962940e+00
1.857938517887180119e+00
1.887488587779598603e+00
1.790022933160515750e+00
1.846233357616036130e+00
1.808415887253750576e+00
1.947506376822335294e+00
2.147997639778244316e+00
1.989860060131776853e+00
2.200646965414737810e+00
1.907705526105237137e+00
2.050811748789193256e+00
2.070903196545408775e+00
1.956432735768700804e+00
1.945384976100660746e+00
2.033605424766034897e+00
1.977422911293787555e+00
2.062314120043917232e+00
2.184135293238294029e+00
1.888561950170784653e+00
2.095592015020853793e+00
2.172496295229410901e+00
2.170848155943589930e+00
2.266335430301581688e+00
2.186201433331266486e+00
2.134486115343148249e+00
2.202616777989105934e+00
2.218901900186712517e+00
2.145099507675899186e+00
2.135107263010917134e+00
2.305478770463433857e+00
2.229790401037449410e+00
2.235485589072572221e+00
2.148399960480482651e+00
2.182048796648847766e+00
2.386446599216937692e+00
2.326377993770567532e+00
2.306131725045213354e+00
2.422408390925721466e+00
2.515777055134207796e+00
2.543680747966014177e+00
2.662827251582798205e+00
2.681667539743146644e+00
2.647122994150635567e+00
2.532529238816094708e+00
2.690035582756608257e+00
2.733915197608142389e+00
2.890102316299854035e+00
2.727733852321105434e+00
2.781695299478582406e+00
2.768731387557906487e+00
2.834276862022324206e+00
3.025444188005540713e+00
3.181788993488438244e+00
3.403899513675576749e+00
3.486533061634226716e+00
3.645135959752101584e+00
3.539228462864599578e+00
3.442878136975836334e+00
3.377453662960291147e+00
3.310578018457680738e+00
3.406571680225864540e+00
3.311188543097527859e+00
3.301009146335876387e+00
