2.132480599880017890e-07
4.684397845446134356e-01
6.293643756405249423e-01
5.501279325587756786e-01
5.744606307233434128e-01
7.111572536758449248e-01
7.802175848343555487e-01
6.810042821608247587e-01
8.589166677586584919e-01
8.155637517786288315e-01
8.893455184957012039e-01
9.146999092280796440e-01
1.092486978456436608e+00
1.186453487367362225e+00
1.229477161900430549e+00
1.080523825634190915e+00
9.766813800704589044e-01
1.024928839321427532e+00
8.402868824708813467e-01
1.261795732619336752e+00
1.253534182357763704e+00
1.318723287384657050e+00
1.387397627178098336e+00
1.390552115454175564e+00
1.187336423713923006e+00
1.235644218619152079e+00
1.230031890708657372e+00
1.457770168400327471e+00
1.289582820786771888e+00
1.613036212189961960e+00
1.516046512417265069e+00
1.530512604795378095e+00
1.607647052455397407e+00
1.550092803901311989e+00
1.526594879618509815e+00
1.384937347935522478e+00
1.437361537082968432e+00
1.230911378394644817e+00
1.383447955753506431e+00
1.266460170360651283e+00
1.278133949915030154e+00
1.515239705930720771e+00
1.409814289975096946e+00
1.264415294719642091e+00
1.112728319014798295e+00
1.119433777256853224e+00
1.511958539913286437e+00
1.441425007893516907e+00
1.488568496002982799e+00
1.540582654710578980e+00
1.446092166098760678e+00
1.566322919659048685e+00
1.772772389231153323e+00
1.553048623939637052e+00
1.868620187127481236e+00
1.743625774927418659e+00
1.826921148126578132e+00
1.751156630531252922e+00
1.705619764597285481e+00
1.654979428814979059e+00
1.704555742571632004e+00
1.784803547303526861e+00
2.118943294276687705e+00
2.130616725180706883e+00
2.266855205155264397e+00
2.366718510769216355e+00
2.328977451747110461e+00
2.301526916802271838e+00
2.220692930948005905e+00
2.205810562622732007e+00
2.151736637822656117e+00
2.258641836977910433e+00
2.137534755983011348e+00
2.134860644495818249e+00
1.990997345908402272e+00
1.860585082947616931e+00
1.800470309683948500e+00
1.916037690477502720e+00
1.956381367581246478e+00
2.194097710052240746e+00
2.254339356921731596e+00
2.383240734448752285e+00
2.113493658318120083e+00
2.230817684765173059e+00
2.208464381556390688e+00
2.217356877942721294e+00
2.266191820570964577e+00
2.189192414996714575e+00
2.360436659933255577e+00
2.604623513465751383e+00
2.532993432653098953e+00
2.641995506212997835e+00
2.658484421474688997e+00
2.331229575234834872e+00
2.389357265187012302e+00
2.390287306184533556e+00
2.670488034265323662e+00
2.666243396385090669e+00
2.620780016501496945e+00
2.584668787681399404e+00
