0.000000000000000000e+00
3.627817308662673046e-01
6.743191317155311504e-01
7.236829469166424778e-01
7.956681984842610689e-01
8.871198473894352787e-01
1.087824307917511391e+00
1.255278972644225055e+00
1.246470038706134487e+00
1.368368330362115914e+00
1.451583228666945891e+00
1.367225393252759158e+00
1.336755905400026867e+00
1.552798195318576102e+00
1.546333629361057893e+00
1.578707041697809288e+00
1.424351291686613230e+00
1.385556733720881395e+00
1.393705349356881396e+00
1.417297231306710703e+00
1.472043913364593726e+00
1.379056195106620697e+00
1.403282978717705687e+00
1.160232856196656615e+00
1.168814091129359634e+00
1.413107043536375063e+00
1.498689402900937218e+00
1.588578482964585925e+00
1.462693280623183156e+00
1.549778930134368071e+00
1.692486934620066608e+00
1.659873832256606452e+00
1.737249647430112676e+00
1.511661593785586843e+00
1.647772964872647350e+00
1.369083606786797969e+00
1.407077375162145483e+00
1.435004783336425005e+00
1.591933774075479535e+00
1.371929167885650447e+00
1.608918266279990128e+00
1.388832994522959829e+00
1.522570129293511432e+00
1.284114431418295288e+00
1.588388931333493570e+00
1.533233000396631462e+00
1.532777153608029241e+00
1.347064787617653803e+00
1.468082448330662260e+00
1.578306008027059448e+00
1.547816321280744978e+00
1.679678187601344019e+00
1.982362891985115727e+00
1.791182238398804971e+00
1.970555608312949847e+00
1.931197455669635632e+00
1.888185702922438480e+00
2.099521123701838299e+00
2.004188391729224250e+00
2.035389928940549709e+00
2.192093531593302114e+00
2.017366567590169968e+00
2.120483488294691465e+00
2.060405821913225743e+00
2.019147682053005877e+00
2.211749272086043661e+00
2.189796495250041719e+00
2.313013539064020740e+00
2.330033217510488530e+00
2.022382327492490806e+00
2.033509477582632563e+00
2.080218572600798677e+00
1.945414182579337847e+00
1.657274854009043841e+00
1.634075619718578842e+00
1.818667376546282632e+00
1.793201411788416966e+00
1.854334260119535838e+00
2.013898524620967301e+00
2.065934423194351499e+00
2.010211171608331515e+00
1.961621586519207927e+00
1.819590489586242033e+00
2.017815843938789211e+00
2.002072647966969932e+00
1.867577356210853523e+00
2.056752872020084943e+00
1.984778923905227144e+00
2.057210288313331414e+00
2.022802567660522133e+00
2.092482507947330372e+00
2.262372906076927315e+00
2.324999532536772939e+00
2.355022428252004474e+00
2.513633941539612948e+00
2.394307301977266711e+00
2.317782909141600900e+00
2.353176829940031745e+00
2.226454048627219073e+00
2.343090486943057549e+00
