1.206313194339133992e-06
5.130110642198002502e-01
7.606627901952401904e-01
7.273415561280439645e-01
8.585634192376194740e-01
9.855695559634638503e-01
8.898532022201337544e-01
8.835320676275865148e-01
1.116116571780942479e+00
1.073626751290438275e+00
9.898401786684208892e-01
1.024903158743627252e+00
1.284739080160600677e+00
1.162682289600413643e+00
1.016468997111904526e+00
1.261575614688231983e+00
1.216597121839390949e+00
1.262617505049030919e+00
1.222448115648921085e+00
1.399769523362067059e+00
1.513747802396950393e+00
1.474881955809748790e+00
1.386158645044203386e+00
1.324571500485273390e+00
1.299883575740257591e+00
1.204089188326086246e+00
1.362621801905270713e+00
1.193122463058434946e+00
1.052324463303481394e+00
1.206740365222442213e+00
1.152414391937762517e+00
1.136011566373089421e+00
1.091230696321505933e+00
8.181644636364531209e-01
9.815697708977445535e-01
8.473602570487549501e-01
7.824937519244486994e-01
9.688330125579415197e-01
9.883243471632546795e-01
1.265695212611914089e+00
1.476780681472595003e+00
1.468801671472068859e+00
1.335230038351462589e+00
1.516473427932999885e+00
1.560632055205994018e+00
1.808022981263146534e+00
1.786907924903761158e+00
1.852751580020091327e+00
1.986441256822423007e+00
2.037255716103404168e+00
2.180032661875522582e+00
2.185308699112050057e+00
2.048103390451397665e+00
2.045901045074273839e+00
2.000874328971388394e+00
2.007969860784338589e+00
2.235031648990644104e+00
2.159318609851634818e+00
2.126629624713887612e+00
2.313466947482682556e+00
2.244001829134560477e+00
2.332647475048783114e+00
2.262306881133949954e+00
2.323579827698234457e+00
2.202978111812692763e+00
2.214783503605247006e+00
2.238928169299490900e+00
2.276707721434134246e+00
2.475094205056497909e+00
2.343562773814853895e+00
2.343419621795313379e+00
2.306747929073656334e+00
2.186759678404423646e+00
2.221323735569045610e+00
2.314449781131379780e+00
2.088489838071348803e+00
2.060665456299542342e+00
2.194151356836925526e+00
2.059848213808538553e+00
2.148572308889081128e+00
2.139099776134869124e+00
2.331954921263395430e+00
2.158867053380802759e+00
2.137918053417779074e+00
2.295238281886914145e+00
2.639686606546026049e+00
2.328671720522577981e+00
2.101631886213853218e+00
1.981364349138063474e+00
1.835870867199238532e+00
1.788519144605008604e+00
1.872767372631457983e+00
1.937079662059255636e+00
2.042163052784736532e+00
2.076264429476341267e+00
2.118310597405188123e+00
2.217636183185481169e+00
2.008311388167069111e+00
2.067738804131440400e+00
1.874977101309576843e+00
