0.000000000000000000e+00
4.205957638610293703e-01
3.430544537034720398e-01
4.110057135251672378e-01
3.957869899784201562e-01
4.898640079579349438e-01
6.302133991843525962e-01
5.289220830497958215e-01
5.673652416803998122e-01
6.500041949076369452e-01
7.282413330920437522e-01
7.122132293232069644e-01
6.416908905992461110e-01
5.290279480003340362e-01
6.593735342206986649e-01
5.489446426933761725e-01
5.206536396196316252e-01
6.031454841182548599e-01
6.163747754579458338e-01
6.611396658589958619e-01
6.511108534345466659e-01
7.711708147765170551e-01
8.461721155818076046e-01
8.670237295858552740e-01
6.849380447316503195e-01
7.547997828451156188e-01
7.886333057248932077e-01
7.576746410342368732e-01
7.400682025102097716e-01
7.128379306083859612e-01
7.267098631599278047e-01
9.054473131607581049e-01
7.170328347920822409e-01
7.293899785340064446e-01
8.062752203928910122e-01
9.443520466361354782e-01
8.661983955302909877e-01
8.878633444669402630e-01
9.763170225190654916e-01
9.915204476455250493e-01
1.111729580779654336e+00
1.178214174030329131e+00
1.188403437960071196e+00
1.215967706302127915e+00
1.488923099452066801e+00
1.453641920431971712e+00
1.496134407503546759e+00
1.581244033196506749e+00
1.432714767594941430e+00
1.579005092471094551e+00
1.702407315928389897e+00
1.619282283310993886e+00
1.767878180441950775e+00
1.654449874028681933e+00
1.678842646775185132e+00
1.745947892435842030e+00
1.661683372946317183e+00
1.809220710764672724e+00
1.596719206187753981e+00
1.350688742681010135e+00
1.425378307037015402e+00
1.429779771603799432e+00
1.322930993467372085e+00
1.376635824707863831e+00
1.341066474273582276e+00
1.341065149602572282e+00
1.188349950149782286e+00
1.139468216123713074e+00
1.172306886372513901e+00
1.260524077442879642e+00
1.101499009661969009e+00
1.098062673878565043e+00
1.172147578231603759e+00
1.197356709066766944e+00
1.050763173460135480e+00
1.073246404392022457e+00
1.078396031420515433e+00
9.609342733608090548e-01
9.003356632906139856e-01
1.100809799272279843e+00
1.138797652852307829e+00
1.004165785891279583e+00
1.205780060623217853e+00
1.165472076048518435e+00
9.772760986536848105e-01
1.150848585233756660e+00
1.242241826911538727e+00
1.181031305673627463e+00
1.229888291990693938e+00
1.251718211189095209e+00
1.511694998673348556e+00
1.261597961287512559e+00
1.231474412602125756e+00
1.100579421479435549e+00
1.049771505022542017e+00
1.159928351718870321e+00
1.032228780373779076e+00
9.840640457361760074e-01
9.040239744700656610e-01
1.117435241248603273e+00
