1.507891492923917490e-07
4.319019801390290292e-01
3.295524531007724689e-01
4.528562677817566939e-01
4.076198358642340036e-01
4.707415795147141813e-01
7.401262514697525274e-01
6.626271178887300772e-01
7.938423277348028995e-01
8.522342715649758871e-01
6.873982264289474342e-01
6.781447715476366378e-01
7.097308448550855298e-01
7.591973507855394043e-01
6.630218297807209948e-01
7.685933116865995007e-01
7.496130822690995066e-01
8.521208612596786747e-01
9.222412731539508801e-01
9.836254253851649532e-01
7.716568007204207547e-01
8.969562206155536899e-01
8.891279378425418489e-01
7.952322070385082764e-01
7.247284327017792238e-01
6.915950822744227899e-01
7.859782715001647491e-01
8.448085207517199713e-01
6.393951314658183893e-01
8.055713253618165259e-01
8.557395205269731076e-01
9.662829271908869311e-01
1.132297718313966639e+00
1.216752250245266564e+00
1.140284116781866253e+00
1.189280139940120939e+00
1.293319562545853785e+00
1.295245325827531380e+00
1.317893425786667239e+00
1.379107299202556147e+00
1.435797016386545444e+00
1.283743497271443657e+00
1.293070331963643849e+00
1.393253114338081744e+00
1.316845640714156218e+00
1.305070953925621335e+00
1.284449246841360193e+00
1.277879609912830894e+00
1.247122590217435212e+00
1.203915935857596375e+00
1.080891325583477114e+00
1.115339007632778046e+00
1.180704439673021522e+00
1.204689457926843454e+00
1.209711509225075643e+00
1.305845295784740623e+00
1.343277251690160767e+00
1.273692609786887697e+00
1.443978633416375335e+00
1.442238094599997522e+00
1.489161297352864954e+00
1.096348061328749734e+00
1.327900225326107408e+00
1.168451616991576625e+00
1.214272669017653739e+00
1.033766333984847074e+00
1.086705945931965012e+00
1.138747534021340657e+00
1.206729396140750588e+00
1.097430135116082006e+00
1.067932896875175564e+00
1.233882868782403275e+00
1.139728175779728181e+00
1.130262296974312353e+00
1.180916283839376746e+00
1.096836828574542899e+00
1.188224609398444542e+00
1.137647483433399165e+00
1.173780677384929971e+00
1.071292624729998533e+00
1.255145097885308481e+00
1.342705637531270479e+00
1.348835257593855808e+00
1.348901194386001867e+00
1.341635142273817305e+00
1.160185228955250114e+00
1.279683874472350880e+00
1.310026940553036034e+00
1.078043237052377146e+00
1.065238067329199678e+00
1.060330399369168397e+00
9.945844047171542579e-01
9.827864251023374909e-01
1.009053534082671399e+00
8.579090468893176835e-01
9.403833607630658342e-01
9.875526314776031933e-01
9.517272685912745445e-01
1.014830715768553437e+00
1.032291474478221227e+00
