0.000000000000000000e+00
5.423672936210098827e-01
6.307328445167129649e-01
6.686279250652229500e-01
6.069931720967667310e-01
6.512780974195524486e-01
5.491411598826906326e-01
6.497661694646582609e-01
7.305846188888018844e-01
1.048031040818018678e+00
9.003753093945355834e-01
7.490508417471558600e-01
8.760990166344164720e-01
1.011118300710613038e+00
9.940355866720701483e-01
8.809638641449168972e-01
9.904462704917796900e-01
9.847159008686707793e-01
1.090077898017670632e+00
1.115085819772936304e+00
9.885178986157105996e-01
1.130509466854804357e+00
1.174675853766218303e+00
1.383157953912421023e+00
1.560828618192620532e+00
1.526686786926899631e+00
1.250315537985864145e+00
1.230973030384201472e+00
1.235491163367147927e+00
1.347211646374279592e+00
1.318130960181008060e+00
1.506301591641515003e+00
1.579044410200695303e+00
1.469176931387185858e+00
1.660777080648563553e+00
1.808588256541732164e+00
1.875985738733029651e+00
2.110585378788416122e+00
1.905904725652036724e+00
1.908172858184180143e+00
1.974268482572128169e+00
2.052775332563008259e+00
2.166278245349689158e+00
1.826015575112189815e+00
1.721154715357603004e+00
1.597704597752818145e+00
1.717490988177412081e+00
1.464183793344990381e+00
1.545050056296244589e+00
1.440372956160837159e+00
1.455975663900486383e+00
1.609056266954056014e+00
1.552208267349451054e+00
1.334882011723304007e+00
1.290259765155731930e+00
1.404389817340116142e+00
1.333448601783477239e+00
1.386101105589999216e+00
1.223400429021304747e+00
1.299312192195454463e+00
1.067809887642804823e+00
1.204295313568566117e+00
1.314164760952460709e+00
1.405407699457730919e+00
1.477055747506380134e+00
1.499166121451030120e+00
1.364528778608938842e+00
1.472046944901122867e+00
1.400526665117220348e+00
1.403596889496757649e+00
1.297705937882126959e+00
1.242596451226393395e+00
1.133823038073556333e+00
1.350914619343627443e+00
1.249122209866592392e+00
1.067145956800082507e+00
1.088064851938315369e+00
8.905429653349579144e-01
1.004635975759826216e+00
1.234867773317144257e+00
1.233424860564704240e+00
1.197410232502208238e+00
1.331549853707910014e+00
1.398630771925811755e+00
1.156483436582615765e+00
1.068731882935800348e+00
1.122395861252470928e+00
1.116663483735099938e+00
1.101252878974435578e+00
1.173889231561489943e+00
1.163745916651079959e+00
1.376946542848439536e+00
1.398068500632002609e+00
1.350002839680838784e+00
1.255138763008646352e+00
1.354681273505249139e+00
1.112113900414192669e+00
1.176836580824945910e+00
1.414700841504244577e+00
1.436107681006057124e+00
