3.015782985847834980e-07
5.672763103519923300e-01
5.376038034924472964e-01
7.278871441807707177e-01
4.148213206920334795e-01
7.201333822649792493e-01
6.775771163045352097e-01
7.593605061718639027e-01
7.768954473825748774e-01
9.284701808583052385e-01
8.136494503982892867e-01
7.148445693349231300e-01
7.597854657208318319e-01
8.379762149643972258e-01
7.761563757242593287e-01
8.634144803979760807e-01
9.772064953799305398e-01
9.379830947956298015e-01
9.667953401130687796e-01
7.919993321121205909e-01
9.777891192634371453e-01
1.359094134649650565e+00
1.360543905849399104e+00
1.226426026902207811e+00
1.280880581753168990e+00
1.370936720498703520e+00
1.395915189192046491e+00
1.470219060575789660e+00
1.773590638266250075e+00
1.740445295663646030e+00
1.648138168385714364e+00
1.604626007751409844e+00
1.647610290869941263e+00
1.441300460681864903e+00
1.811152172882671829e+00
1.779895341328342040e+00
1.900366766443544186e+00
2.006202489426383018e+00
2.033080435625854943e+00
2.068078187051247241e+00
2.169582128181471781e+00
2.164653140758247218e+00
2.338946142804214201e+00
2.201931932552259052e+00
2.057838150692425483e+00
2.172188897141180242e+00
2.325785564990296539e+00
2.150831539855477814e+00
2.033068612798280217e+00
2.033940397546583956e+00
2.153542002240220743e+00
2.092079423877309718e+00
2.219738293232326409e+00
2.300699612481622136e+00
2.165982391326063627e+00
2.155071662674913568e+00
1.995062857125827094e+00
2.269815742739376585e+00
2.277393533313742946e+00
2.157318535802076109e+00
2.159784199870193877e+00
2.322772016057087274e+00
2.211289867262573150e+00
2.187483976822323317e+00
2.197507880295848093e+00
2.364834029699776075e+00
2.089392717232920305e+00
2.070842065059870230e+00
2.077370630256711870e+00
2.097240766914556520e+00
2.322981705825082344e+00
2.321415082349230552e+00
2.214400000343429653e+00
2.090032713771123429e+00
2.136344824330395298e+00
1.977062992398850305e+00
2.113215939663053433e+00
2.092167962703683770e+00
1.859996617628254079e+00
1.834264752884914085e+00
1.787082131482233827e+00
2.020167408932161290e+00
1.918818167897867966e+00
1.838752812911447654e+00
1.770956970907235473e+00
1.966755697308558037e+00
1.905661554764615850e+00
1.960551799447376453e+00
2.019195558714175665e+00
2.226350489550034784e+00
2.154494883656357107e+00
2.323170716755159404e+00
2.324747466637691939e+00
2.169619245026737975e+00
2.255166982150879740e+00
2.454363912627547606e+00
2.162199548386657622e+00
2.219147535208887856e+00
2.237854512959262632e+00
2.114639998544812993e+00
