0.000000000000000000e+00
4.421164581522285530e-01
6.153794874022040506e-01
6.920605329157165642e-01
8.727242239087417142e-01
9.398894809632442060e-01
8.320848057845215973e-01
7.616497244577078440e-01
1.055710952813536885e+00
1.193986627394173494e+00
9.414949776558825256e-01
1.046440557348225164e+00
1.066528578567365937e+00
1.074771868907839600e+00
1.127722117804236923e+00
1.228485870400375379e+00
1.174111147914185471e+00
1.402755386996629605e+00
1.336555038799029926e+00
1.399448195982463394e+00
1.298246167884262947e+00
1.136430975866550508e+00
1.115550115711181123e+00
1.313395475163354531e+00
1.491983817859111827e+00
1.580234532933896929e+00
1.361668733988857127e+00
1.312223850177290041e+00
1.406248586557971691e+00
1.458400066553845020e+00
1.503258932216980259e+00
1.905607925655281587e+00
1.968749668084442517e+00
1.721308994832698502e+00
1.716655059809931716e+00
1.956753127845398010e+00
2.212189281121894169e+00
1.979457735361397575e+00
1.908715174566823602e+00
2.081646314159215194e+00
2.083484323064555888e+00
1.997683019322180398e+00
2.020013605910615961e+00
2.234490498589455143e+00
2.181770955128632394e+00
2.317374830285428899e+00
2.202631986014848220e+00
2.207368748149416859e+00
1.970133726371758431e+00
2.090981993790372417e+00
1.910991980023866832e+00
1.693352025598318766e+00
1.625014254090953569e+00
1.286359857562380915e+00
1.420377090981029600e+00
1.615982447678910860e+00
1.678309669452628716e+00
1.691972767415471646e+00
1.734264314268320284e+00
1.852007558214163074e+00
1.923365025935861006e+00
1.886976089024601677e+00
2.146809968994117579e+00
2.125099560705476343e+00
2.165584244303857098e+00
2.110501222283399425e+00
2.058398951500486795e+00
2.234942044944531414e+00
2.103624654545347195e+00
2.115896863695707619e+00
1.808893575634556994e+00
1.928428758417621403e+00
1.941216922116611343e+00
1.608429207693683916e+00
1.815765542046184455e+00
1.649390886619153562e+00
1.641967982891580524e+00
1.683297189597852350e+00
2.003543056814983458e+00
1.750822178454005895e+00
1.746284285021940219e+00
1.831872906462589601e+00
1.827005170625885189e+00
1.629148030283111392e+00
1.798283390737475562e+00
1.867180572545256156e+00
1.786687912375094056e+00
1.992364565766125972e+00
2.286095040934609024e+00
2.134203124767053872e+00
2.135436195931244452e+00
2.370280598466160349e+00
2.286325037251260461e+00
2.293422240163594861e+00
2.294309481175707877e+00
2.190418452809107741e+00
2.219225509477542602e+00
2.214525251662651684e+00
2.265061444081426956e+00
2.257023137358057596e+00
