2.132480599880017890e-07
4.125827391950295242e-01
5.452050941039975340e-01
4.266001925453175025e-01
5.914093487810843097e-01
6.761379064894907920e-01
8.284219041510196835e-01
9.040099592418709973e-01
1.017083186646075221e+00
1.021934483261113247e+00
9.213772130417293704e-01
1.048883128688888888e+00
1.082151594169992181e+00
1.024994358315087561e+00
1.044408570353581922e+00
1.082044945318030305e+00
1.222825451451925449e+00
9.532975015283209341e-01
9.354681087895391212e-01
9.734279991563811185e-01
1.118891920007095253e+00
1.067919430951527193e+00
1.026730049604315242e+00
1.122784509219475924e+00
1.240539701603435629e+00
1.166211122783825438e+00
1.246299597293532235e+00
1.500932463709623965e+00
1.428427225654350208e+00
1.352213473501877816e+00
1.596600152563649067e+00
1.397086251876150653e+00
1.629420874619705195e+00
1.678546062951561169e+00
1.537639161179225056e+00
1.527039168562740912e+00
1.408047593237587991e+00
1.460889292955574126e+00
1.346668991338186405e+00
1.318108649841013058e+00
1.325467801153039860e+00
1.409674146629937619e+00
1.403020031155102432e+00
1.024190842470418472e+00
1.167437759997365321e+00
1.449813900537301858e+00
1.368737413098896738e+00
1.343650662385338590e+00
1.242078438152255826e+00
1.298503252650063500e+00
1.221105208582990764e+00
1.263953520601395653e+00
1.124193609159643392e+00
1.131667724175750234e+00
1.219177416390586410e+00
1.242379424144243183e+00
1.254969941845233361e+00
1.317452717249480543e+00
1.209230179378346648e+00
1.381136350956938097e+00
1.442596884403164470e+00
1.346740378341180877e+00
1.265886668309396335e+00
1.281055187525641959e+00
1.458867402590504847e+00
1.549204033271718739e+00
1.538409676550485328e+00
1.649144100220023779e+00
1.581483666508363362e+00
1.712354273101241775e+00
1.652262987199718536e+00
1.597012641086932305e+00
1.648216060703746821e+00
1.680581301702164909e+00
1.509782914458698277e+00
1.446890947154289453e+00
1.682895716424899657e+00
1.662642925078401390e+00
1.491365043549093272e+00
1.532308050248323061e+00
1.504727036043998156e+00
1.468317372928173326e+00
1.405481253197869096e+00
1.152502596689648495e+00
1.331531271050885534e+00
1.196525501123118840e+00
1.313937136677954864e+00
1.405795675751620566e+00
1.424931171082068904e+00
1.461877942217318482e+00
1.374068345191557849e+00
1.356085946485041216e+00
1.230186588631741573e+00
1.422626326926504703e+00
1.486357214975813967e+00
1.489794548762228388e+00
1.446728257849207555e+00
1.290391246806432024e+00
1.465597236509437185e+00
1.391631299843526737e+00
