4.264961199760035779e-07
5.947898065660698341e-01
7.493367235936311266e-01
7.806354130728090368e-01
7.526179118660961676e-01
9.215839938539434062e-01
9.471589751048515859e-01
8.107235941367622045e-01
8.489992729164855811e-01
1.018503472360279272e+00
8.424223562387627151e-01
9.480011670785677413e-01
9.549496741009623202e-01
9.463343749635727553e-01
9.366886132112977048e-01
6.948379233343987549e-01
8.451778057435254121e-01
9.232786548225355716e-01
9.547170032086189639e-01
1.011373427610171571e+00
1.151214658389009049e+00
1.334088438800920207e+00
1.216016508955730879e+00
1.273601978313278815e+00
1.405487077501940574e+00
1.304614102573829149e+00
1.269738522073360576e+00
1.270548485772960978e+00
1.489098246893168609e+00
1.504291644933266836e+00
1.501522286236076642e+00
1.678011886139975539e+00
1.538227205671157227e+00
1.682412676889974534e+00
1.541299417030536079e+00
1.595239535042264567e+00
1.577407232741676379e+00
1.688464228300188275e+00
1.631827940481288541e+00
1.678183090526038201e+00
1.731914289260949591e+00
1.676602247880575103e+00
1.792275730588714922e+00
1.668689070042288503e+00
1.696890609269902761e+00
1.836901211935998646e+00
1.956248125896042245e+00
1.791718734035060656e+00
2.011450719998173930e+00
1.791709740502506865e+00
1.714876437585949320e+00
1.730570290155764912e+00
1.859236097285510425e+00
1.830298064248416123e+00
1.989569182136991854e+00
1.900613220610918530e+00
1.967573080129195962e+00
2.251198698619648830e+00
2.350287675746790317e+00
2.342136684497717170e+00
2.356002000996115342e+00
2.270735637988504863e+00
2.500585738442638206e+00
2.567476625905856125e+00
2.778583592661636015e+00
2.980920487478274872e+00
2.986003324272053838e+00
2.749852344605836052e+00
2.684143067250757575e+00
2.704672272005265388e+00
2.749073053978406289e+00
2.563910557507165233e+00
2.275533950421117613e+00
2.197667428569863191e+00
2.292049824414467807e+00
2.207275695291403661e+00
2.003071996537278299e+00
1.889434989028837775e+00
2.009282423837063902e+00
1.883586864974123420e+00
2.050889688849229842e+00
1.929432634594367313e+00
2.193047929299251297e+00
2.328580988724420653e+00
2.213715169007416161e+00
2.301186148240195628e+00
2.230874898164740383e+00
2.615493157203866215e+00
2.380003332867210997e+00
2.488462547474042719e+00
2.304827048589165983e+00
2.457077318942008759e+00
2.478398751126131838e+00
2.357199486844830716e+00
2.434428829233096003e+00
2.210578197260059330e+00
2.163212054418608421e+00
2.433269595412573150e+00
2.457549966948288755e+00
2.658310874574561389e+00
