1.507891492923917490e-07
5.011844011936865684e-01
6.567964121101823594e-01
9.407779866442538275e-01
8.123101865755043560e-01
8.689799155202144743e-01
7.291769144751180098e-01
1.027475389586546495e+00
9.553609575645634067e-01
9.377096216654137173e-01
9.925240205908566482e-01
8.419495154600069586e-01
8.969411833002307599e-01
9.654289114555296702e-01
1.088069064007484599e+00
1.345627339937711442e+00
1.212144566822490166e+00
1.240299877508667770e+00
1.227223389129667774e+00
1.255742857458544304e+00
1.128217568450453401e+00
1.061131627487738482e+00
1.083738936072589087e+00
8.236220894309370655e-01
8.681238178898005309e-01
8.208580706744138533e-01
8.919262054074501567e-01
8.956114530862137046e-01
1.020538107420325691e+00
8.911900479472508740e-01
9.865163433510932833e-01
7.762469937301983425e-01
8.637153375026610513e-01
8.919833094211282454e-01
7.980071133601327471e-01
9.600273775064006587e-01
8.826672627896288148e-01
9.143901408904664407e-01
1.012112296887260010e+00
8.198235251300376447e-01
8.122491331980719043e-01
8.728352475868376148e-01
1.121483884683632581e+00
1.163989120665377186e+00
1.279134414072118808e+00
1.307792830042993515e+00
1.320080031940676024e+00
1.321976380596698419e+00
1.316941666029283420e+00
1.403101735383722293e+00
1.149985219307540607e+00
1.412344475561532198e+00
1.514177071919821982e+00
1.571023801936030750e+00
1.545445271529544584e+00
1.649995045772900903e+00
1.649551017849293810e+00
1.585469699145899858e+00
1.569795909405471646e+00
1.723878535903163867e+00
1.846715050612178555e+00
1.777759806415991850e+00
1.777061666289430963e+00
1.728811320081760083e+00
1.726029958533255693e+00
1.825191540510441079e+00
1.711552398443340284e+00
1.741237899574730408e+00
1.717557129388230130e+00
1.655495902627962979e+00
1.876060172725116271e+00
1.784941360901898921e+00
1.878061691720333437e+00
1.817302836195837212e+00
1.619116539650736097e+00
1.653081969782084659e+00
1.396314211979202913e+00
1.513175177382097836e+00
1.379395115218603252e+00
1.401450131914762087e+00
1.403455645860603340e+00
1.606983591699861380e+00
1.418684556079138570e+00
1.455067356732150596e+00
1.370143491945942538e+00
1.517367389629370233e+00
1.293247604105378645e+00
1.601441000966074890e+00
1.544941386128569238e+00
1.693100420698352426e+00
1.703055160639377119e+00
1.703910096926865902e+00
1.791428984404241032e+00
1.794999137082216700e+00
1.920059266771866779e+00
1.739134122864520515e+00
1.780942872455618220e+00
1.959212791813667254e+00
2.026577052620812669e+00
1.987796109085798957e+00
