1.507891492923917490e-07
4.766818476167098417e-01
5.973579415844412210e-01
5.955273607298623428e-01
6.913803233575930296e-01
7.710364002929736005e-01
7.889201175604257932e-01
8.803901753575767986e-01
1.006481994385517220e+00
9.682731384662192076e-01
8.709291676707747731e-01
8.409553843983598176e-01
1.038377461903174259e+00
1.049530254157522435e+00
1.089994436487896401e+00
7.694914550049899438e-01
8.213071234237808715e-01
9.204074657635979984e-01
1.025128449256315077e+00
8.982991440802109429e-01
1.025062055252641935e+00
9.190571094078893166e-01
9.381500169689543922e-01
9.087317821763333248e-01
8.516394288335803475e-01
1.030495636591898467e+00
9.813650555065008829e-01
1.039664226239338518e+00
9.994675594814356190e-01
9.620324712732627459e-01
1.197927342930704686e+00
1.084680162415697202e+00
1.130590360509494019e+00
1.153744332616718049e+00
1.104404454252366774e+00
1.143013206938834569e+00
1.056827897913207082e+00
1.092569446540918143e+00
1.173622216041006583e+00
1.227237173532670811e+00
1.330553062054896873e+00
1.493298532545771273e+00
1.433302741609193687e+00
1.349074264064943796e+00
1.364898468910640039e+00
1.071631949000541040e+00
1.110865297531660634e+00
1.131337566830044050e+00
1.198420894119773594e+00
1.115945180042679619e+00
1.144512442061385693e+00
1.208433344135712906e+00
1.465523095312009971e+00
1.681745348143327545e+00
1.755954356287480422e+00
1.901021574587701712e+00
2.005308569196192714e+00
2.225887706685586664e+00
1.983921187491763494e+00
1.832554026170863049e+00
1.766311512849678245e+00
1.849310337213757149e+00
1.811618691895931832e+00
1.887780882927931447e+00
2.087723021423936398e+00
2.018561120713665780e+00
1.846332010982848271e+00
1.912654475381650343e+00
1.779323143028440191e+00
1.772571603949967267e+00
1.688962013053882272e+00
1.681542307216193910e+00
1.997688014653873578e+00
1.794721612249986498e+00
1.993713907381472694e+00
1.650408960297574890e+00
1.917207762008271699e+00
1.992525833909175370e+00
1.973870654724495077e+00
2.058359323305708255e+00
1.830223637357482946e+00
1.951817190574500094e+00
2.112906101702989758e+00
2.090309120381741437e+00
2.206948571507593826e+00
2.128375135957248698e+00
2.223636308672385375e+00
1.962391058219860041e+00
1.986004563631456943e+00
1.875979757462499897e+00
1.938071890354821747e+00
2.050084413002442041e+00
1.975458643714860685e+00
1.858006584346985957e+00
1.795084662883947413e+00
1.619071800273036432e+00
1.905228170447842873e+00
1.789851378016382499e+00
2.001163044738703434e+00
1.835010485886218845e+00
