3.015782985847834980e-07
4.460857494755451902e-01
5.738318361068446283e-01
7.595847589764981311e-01
1.002069644848020857e+00
8.380790564218818517e-01
7.762036318096220411e-01
8.575993227273139841e-01
6.198782416648035420e-01
7.855191810399697605e-01
8.822647693400610391e-01
8.627826100372482099e-01
7.707408206947339302e-01
1.012140705712569089e+00
1.139256346458432212e+00
1.041482334909118901e+00
1.082255830072978320e+00
1.363347007532089483e+00
1.336797844826896897e+00
1.261811516454435456e+00
1.438157270929070419e+00
1.254356214017614768e+00
1.335794166177242337e+00
1.402009722841057959e+00
1.489339061313115664e+00
1.506391373797854927e+00
1.655303642230124161e+00
1.597109665458162464e+00
1.688101728771589150e+00
1.664043804653852821e+00
1.598173104651692711e+00
1.557926212716262304e+00
1.634435336616047341e+00
1.742269153555682459e+00
2.014368129269794139e+00
2.087277312884422198e+00
2.032801057657136035e+00
2.262697296118359347e+00
2.384927273287229532e+00
2.235859804274459073e+00
2.411066677039164219e+00
2.470618057167138115e+00
2.426670785870542080e+00
2.341274064851585734e+00
2.368199670926948830e+00
2.162622528068276928e+00
2.167736030359315169e+00
2.126017565195735592e+00
2.292991351467488670e+00
2.300022333310307143e+00
2.176351811367090328e+00
2.288516365443313383e+00
2.461404859792586830e+00
2.500615762218112881e+00
2.599315496957506522e+00
2.654809200739067343e+00
2.557796200303772860e+00
2.556649340965550188e+00
2.545071190650887605e+00
2.681007381680468704e+00
2.703298017823062782e+00
2.703263920434251677e+00
2.624142044550072050e+00
2.625632814001948923e+00
2.904935353642401186e+00
3.083286578467417716e+00
3.030236069108115604e+00
3.085888600962314765e+00
3.157292226426262616e+00
3.276194771917500859e+00
3.376023147255466039e+00
3.276545604516408083e+00
3.271077477250380561e+00
3.164503263877992634e+00
3.082500062863923418e+00
3.523913790889743769e+00
3.562553161163542370e+00
3.511530537758213111e+00
3.420238935402176494e+00
3.346875673302866172e+00
3.539816695536046609e+00
3.359200497120252038e+00
3.441613742579509250e+00
3.383460779850164801e+00
3.311067033192597098e+00
3.059907985935776953e+00
3.216561189778854857e+00
2.948605042960188882e+00
3.254637277697109976e+00
3.373783602665009873e+00
3.090131700229056033e+00
3.256388936684962321e+00
3.056956568788770312e+00
3.046174903405943990e+00
3.066671014281737051e+00
3.147711448516281596e+00
3.233115736390440365e+00
3.447401551979849099e+00
3.512608479353165780e+00
3.636955367842944042e+00
