6.031565971695669960e-07
3.664439809982029672e-01
6.165988609801026366e-01
7.400342746026619123e-01
7.141217173925208384e-01
8.703054436606288968e-01
8.581249998925996048e-01
7.797997287372870900e-01
8.486211169900667040e-01
7.101360714427772391e-01
7.564927911982136655e-01
9.172224971739281196e-01
1.000130739926078816e+00
8.404197535041924016e-01
9.226052812166366524e-01
1.103785004149256954e+00
1.133896393602892738e+00
1.029350809582929571e+00
1.253583253359339844e+00
1.345166471037710032e+00
1.141439118295937361e+00
1.228143499707437414e+00
1.198947501543722316e+00
1.055333565868152856e+00
1.164090475393575241e+00
1.336337156657527503e+00
1.389277645612504219e+00
1.494862506820338943e+00
1.436431936887096139e+00
1.445089324060929714e+00
1.491976977734452703e+00
1.519168001330308826e+00
1.600341846802697976e+00
1.424124030040800903e+00
1.350415830138843143e+00
1.516324523604766661e+00
1.421183663495405369e+00
1.641884611251646309e+00
1.588331714833269404e+00
1.712773043291306641e+00
1.532414471505407549e+00
1.715319064861586140e+00
1.870985378101504670e+00
1.972587695946267150e+00
2.032613661254009774e+00
2.026914036758327597e+00
2.039637930573584779e+00
1.861329357413917585e+00
1.971468737711407515e+00
2.049202225030505975e+00
2.028010786517746133e+00
2.207560580680893114e+00
2.044148405727307605e+00
2.062525002669238994e+00
1.837118182110796916e+00
1.746568162273279823e+00
1.914557531501471122e+00
1.925005895390638377e+00
1.950610038359710474e+00
2.176930652645459929e+00
2.291558621109335281e+00
2.313487984842888423e+00
2.326310597787642376e+00
2.432001513138757787e+00
2.135994484710924013e+00
2.131186087362419990e+00
2.185515044030063692e+00
1.952142460077313624e+00
1.987501326713240868e+00
1.886073466221046768e+00
1.941467471697625902e+00
2.103584110689993736e+00
2.133499575917250368e+00
2.052472916605039721e+00
2.146103424375958468e+00
2.236481945613402633e+00
2.135540697718587566e+00
2.283575634321708847e+00
2.341317927113537145e+00
2.194231266758668308e+00
2.302902628421312325e+00
2.384785186289452685e+00
2.649286746363543887e+00
2.543532830296371561e+00
2.484305574183421683e+00
2.517959447915837590e+00
2.494340586790693592e+00
2.356055555711623839e+00
2.095321728217733881e+00
2.248052121863118646e+00
2.395684893856884212e+00
2.613933363918786945e+00
2.542838783096935895e+00
2.531539232984983734e+00
2.653874934474160341e+00
2.591842266537510486e+00
2.603314951445526493e+00
2.578379875589189130e+00
2.397477129840526633e+00
2.507070906315604475e+00
