1.507891492923917490e-07
4.346042445642244179e-01
3.239004174295093685e-01
4.556351736498712168e-01
4.676040283345515580e-01
6.755645419834573895e-01
6.559058532560113619e-01
7.725328443189126704e-01
8.839903543862622781e-01
8.749588210582922576e-01
8.326118309626797664e-01
6.718847877072489094e-01
6.117729179427477959e-01
9.891937516417464993e-01
8.739431128932013682e-01
9.539790646153392117e-01
1.205593458601166290e+00
1.323590904053068673e+00
1.163143305356794110e+00
1.164405183385755382e+00
9.981752284911235007e-01
9.753794634498011984e-01
9.887597075099726629e-01
1.162484033561204555e+00
1.241113808119845396e+00
1.474343836825106946e+00
1.591253817843298446e+00
1.464169351931564389e+00
1.663461670005107029e+00
1.718709418669955635e+00
1.761378878473478959e+00
2.038937041129091909e+00
2.112785053005659996e+00
2.229330972226307050e+00
2.219601257622149326e+00
2.092523667622673944e+00
2.061472332505889238e+00
2.093333340166917633e+00
2.172544687816206022e+00
2.397784569420060574e+00
2.314451445273942642e+00
2.379204423584216688e+00
2.460003207558077332e+00
2.396884320121158929e+00
2.361926105190035763e+00
2.449196402146666340e+00
2.466582080675246758e+00
2.439114719201672443e+00
2.294743150794962716e+00
2.232015123224396991e+00
2.351436029313334952e+00
2.464671614297641700e+00
2.566452825291325457e+00
2.404657376767167953e+00
2.307958896564086704e+00
2.274919912195271898e+00
2.179495141759455468e+00
2.155806939793222465e+00
2.138429753867904459e+00
2.302943379508637367e+00
2.077361554395389387e+00
2.133339128220817393e+00
2.332700660132158266e+00
2.030502928543143959e+00
2.214830509590590246e+00
2.197922689815870800e+00
2.336164211994823603e+00
2.510825887322515548e+00
2.322166240435149742e+00
2.303263066232276390e+00
2.241878322150404834e+00
2.264137183440171341e+00
2.006253159048222656e+00
1.880475343513396291e+00
2.031631994844439237e+00
1.865573925048378046e+00
1.945656872970461526e+00
1.673413694491930226e+00
1.926798386896329651e+00
1.713755874832813442e+00
1.948652074875095064e+00
1.961327971197139197e+00
2.038591221309237866e+00
2.114442268337855424e+00
2.216902811888918023e+00
2.272449466179782718e+00
2.363215822701855373e+00
2.487103398214624228e+00
2.444628880844646801e+00
2.578177131018111190e+00
2.498747568548548514e+00
2.381627401315054904e+00
2.478760276871621926e+00
2.502859387099907629e+00
2.519544423803071975e+00
2.458987159616207396e+00
2.262386915104848129e+00
2.438622965724694502e+00
2.295295002480585378e+00
2.345758864819008416e+00
