3.693564745147149106e-07
3.749349991004962690e-01
4.955036752325067129e-01
6.522572492353760909e-01
7.395270415240083883e-01
7.865012265309125894e-01
6.765466630101729661e-01
5.591146112691456338e-01
7.923900223082221972e-01
9.212694980260580646e-01
1.026651984948688145e+00
9.998501012615991224e-01
8.024496663037133937e-01
1.014807373074902541e+00
9.467170418823607214e-01
1.211324236029275081e+00
1.138283678284788492e+00
9.875814073295549056e-01
1.125487348113646480e+00
1.144794413392352661e+00
1.379767097555569588e+00
1.482172397712510969e+00
1.493044561278930260e+00
1.560538095605192632e+00
1.735633107782357687e+00
1.807558099701404464e+00
1.781548476778808787e+00
1.789909522548536414e+00
1.829614446138026596e+00
1.838396885501163647e+00
1.934161197113114294e+00
1.937856014193050092e+00
1.915439055368928445e+00
1.940380545117494471e+00
1.931109604121405754e+00
2.018363658310254216e+00
2.144867463397212237e+00
1.851424379065275128e+00
2.052260290340704785e+00
2.079508659279371230e+00
2.109322701156014279e+00
1.911538072577112501e+00
2.032659602820072742e+00
1.912270651950824352e+00
2.001054372039569706e+00
1.867170764967790886e+00
2.068752452862747226e+00
1.995186774313624456e+00
1.959186493085001812e+00
2.128074914448468302e+00
1.981231625887303283e+00
2.301241295945837706e+00
2.321797831827987935e+00
2.323447628429481604e+00
2.180046703958536725e+00
2.392723646254746761e+00
2.564747190865481752e+00
2.466259895494491872e+00
2.476496349524636376e+00
2.576798507485761114e+00
2.508415139372871305e+00
2.591394690293086001e+00
2.730071366828732859e+00
2.460739825197494124e+00
2.468321779922309389e+00
2.584455707429671012e+00
2.489525871907033228e+00
2.356278943867582409e+00
2.371470228229850985e+00
2.219214476248751566e+00
2.221790563433376775e+00
2.305205966562467346e+00
2.238274350094290099e+00
2.270216401129335537e+00
2.383519483076558032e+00
2.597759581606938539e+00
2.439786481600158208e+00
2.386754364712457832e+00
2.384718233328867232e+00
2.545123879254542310e+00
2.492982287664960772e+00
2.547954168291005406e+00
2.651414564374467542e+00
2.845486821564056967e+00
3.096908335638322907e+00
2.901491467471336794e+00
2.901090034220279001e+00
2.941675290007086829e+00
3.092505689514450928e+00
3.060686986573798229e+00
2.902745675991598162e+00
2.959566365841539870e+00
3.201823041132814129e+00
3.077721030183369066e+00
3.152673222904476713e+00
3.175967989495432686e+00
3.243794717542847206e+00
3.427032548629528108e+00
3.467272491303557302e+00
3.466506138910593116e+00
