6.031565971695669960e-07
3.833115510596483699e-01
4.921367022613633568e-01
6.536991442110841044e-01
9.164673816264820028e-01
8.581085981144619401e-01
9.216553499116298953e-01
1.089925425326165875e+00
1.188026079872869012e+00
1.265536641698823850e+00
1.142376390536810060e+00
1.233620102680416775e+00
1.336691262596411356e+00
1.726695526131965863e+00
1.639965868518029168e+00
1.731198877299819694e+00
1.929026212987654310e+00
1.862161492997413070e+00
1.850214281360418100e+00
1.782660312935122615e+00
1.690854151415760898e+00
1.814123414063728790e+00
1.913772540712993742e+00
1.885328079710581362e+00
2.058047742297937077e+00
1.936592672229004330e+00
2.135086084958440544e+00
1.938663545503679142e+00
1.950732281902268328e+00
1.914658180695391065e+00
1.826045549829390824e+00
1.911227694459380899e+00
1.779916548207210569e+00
1.914330640865227862e+00
1.917141200964485259e+00
2.243778389338894286e+00
2.193235621524924461e+00
2.159883367646604047e+00
2.306524889132723466e+00
2.324847086497653592e+00
2.450830627822959240e+00
2.423190774084775345e+00
2.212962714630733796e+00
2.102181264243464742e+00
2.041120172210605155e+00
2.094852074495016758e+00
1.976038276314263209e+00
1.983049695484697894e+00
2.140355560396712598e+00
2.053450777989085818e+00
2.052173259773310665e+00
2.108089985891688389e+00
2.083840117943088099e+00
2.297945578183759441e+00
2.177635028794761674e+00
2.437056795130190689e+00
2.103521313789417313e+00
2.018581037034632875e+00
1.950690402075870633e+00
2.003262771757274407e+00
2.303774076344506039e+00
2.160399488442845684e+00
2.377162369854307844e+00
2.401201104779914886e+00
2.415573117183831275e+00
2.276899477842738495e+00
2.270607373344690316e+00
2.077671955551464222e+00
2.260341031565461734e+00
2.303183892728672078e+00
2.281983405479781180e+00
2.279603563903858543e+00
2.460445266506846362e+00
2.466306457678708597e+00
2.439492296140510774e+00
2.434693235020900737e+00
2.269732339730830439e+00
2.210291454002587308e+00
2.266890857546834059e+00
2.329149749748895104e+00
2.202371527852666322e+00
2.151740833459355517e+00
1.974362396611586412e+00
2.334772708319295731e+00
2.286867295312959403e+00
2.487762245890818402e+00
2.198108707665695327e+00
2.206060793158215461e+00
2.212059659712534376e+00
2.304479051729691808e+00
2.243816270603515406e+00
2.299362707673862083e+00
2.447777309663698553e+00
2.405980943614307588e+00
2.433513362723913609e+00
2.347835101055473217e+00
2.363824957432200780e+00
2.402410349667675860e+00
2.362034582544112027e+00
2.436002878313778819e+00
