5.642013342952361972e-07
4.665857500696316551e-01
5.472405869411721691e-01
4.353516623706092381e-01
6.383812293219152112e-01
6.654992741808972712e-01
8.727745071450443426e-01
7.713518953882682050e-01
8.319246266807953649e-01
9.890287185457101726e-01
1.022314548320374605e+00
1.075658765357456526e+00
1.061755631494743612e+00
1.052721754807892207e+00
1.165028563953924623e+00
1.386071205975297760e+00
1.590889698618680015e+00
1.607426256281610621e+00
1.723809751713671012e+00
1.708519131471020636e+00
1.751265444717160502e+00
1.774640409831926613e+00
1.843038569381797220e+00
1.773178697874263854e+00
1.720404530205344340e+00
1.848355044334934361e+00
1.894373903336085352e+00
1.789190682133709798e+00
1.931424615836613068e+00
2.007531098919117962e+00
2.056459784075209907e+00
2.160492381176915888e+00
1.990028659853176896e+00
2.100359350298141248e+00
2.125061539203118244e+00
1.810752156921076272e+00
1.826629206942152361e+00
1.794779422543841152e+00
1.861865815781244882e+00
1.884527882877629956e+00
1.978479974057892665e+00
2.108144789012036835e+00
2.181890122657329290e+00
2.096103283469641365e+00
2.121307817353672132e+00
2.141215551645933690e+00
2.272777524062494336e+00
2.069039038396999430e+00
1.884587315914779460e+00
1.693529401065890339e+00
1.609760825529032990e+00
1.720149731662807602e+00
1.864632602887906332e+00
1.902270031921070137e+00
1.935074567011086932e+00
2.054931668402113498e+00
2.142391172941489952e+00
1.974346134236028227e+00
2.237645902201120585e+00
2.314797008026930225e+00
2.323809066031674142e+00
2.387827118522995118e+00
2.398493408240810254e+00
2.541972983462507774e+00
2.524578892530931817e+00
2.661128896033585267e+00
2.495761065370584841e+00
2.435414605347385741e+00
2.390396663075391448e+00
2.549908981371475925e+00
2.546623820441038522e+00
2.619790849220273277e+00
2.687072055216392030e+00
2.782069714144687289e+00
2.810142521017974016e+00
2.639390959540668380e+00
2.634390487118783319e+00
2.760619091959103155e+00
2.660221261671427584e+00
2.683665340946460365e+00
2.891741121940246462e+00
3.059552115940317840e+00
3.125482987958999370e+00
3.156447795375611154e+00
2.984804548610741293e+00
2.999373945763631699e+00
2.892769978465864256e+00
2.798732877412671627e+00
2.806081942852285405e+00
2.811782771946129245e+00
2.699021065194716851e+00
2.654946792721131210e+00
2.715670770211112472e+00
2.620533649072660065e+00
2.649480468154947754e+00
2.695519964989773420e+00
3.004591622799894335e+00
3.110475886999287454e+00
2.957964261967394481e+00
2.945493750862415716e+00
