2.611744678045111057e-07
6.820310982221671203e-01
8.024691005285226053e-01
7.713872635572813774e-01
7.348165129070739487e-01
8.911205460563126346e-01
9.063299281627418269e-01
1.252149176550616749e+00
1.112983357321951194e+00
1.048474752804404275e+00
1.065688767729279229e+00
1.097803009052519929e+00
1.166589801247531311e+00
1.087983538512488080e+00
1.026563554465028671e+00
1.155396307866774830e+00
1.112531772370970451e+00
1.152182027166174905e+00
1.434594231191797631e+00
1.437462608474480374e+00
1.228955027791872157e+00
1.237452124138815668e+00
1.183933346564611577e+00
1.298578131740723451e+00
1.453983735847330205e+00
1.481581495342480848e+00
1.539916042319685596e+00
1.614390562228724901e+00
1.674839317996007937e+00
1.630556279652971341e+00
1.577953532613501464e+00
1.668109848104404769e+00
1.650827420340481799e+00
1.629571059164052205e+00
1.857014765702526882e+00
2.025673933078349975e+00
2.029627642192393555e+00
2.090308104772874653e+00
1.976875278586065043e+00
2.179687343791276266e+00
2.039920201910772946e+00
2.031932717812061640e+00
2.161215191837480898e+00
2.000322745363483534e+00
1.955116746943199590e+00
1.726167199398956242e+00
1.711014953957495033e+00
1.619040455787972066e+00
1.769355204727354636e+00
1.836832869978372251e+00
1.752769018464659379e+00
1.719043067331576413e+00
1.754308104339600938e+00
1.773238666976214795e+00
1.661306657376941276e+00
1.667758498935409062e+00
1.696172619935543802e+00
1.663532309215392191e+00
1.885224374812265014e+00
1.987442736897558682e+00
1.798256872191054345e+00
1.802111650443349644e+00
1.913722629961909449e+00
1.883462950661584978e+00
2.019751134656122549e+00
1.971014927637565695e+00
2.137656634429815128e+00
2.176053665360274891e+00
2.403195663165963225e+00
2.134081414020394085e+00
2.291577726448065899e+00
2.428601333919510719e+00
2.502561641229064993e+00
2.493615474238352281e+00
2.394098568959651452e+00
2.658553846913423779e+00
2.538273810678663533e+00
2.321286092607151463e+00
2.356169071449537800e+00
2.446942057765232992e+00
2.375912348881244807e+00
2.394349173140577491e+00
2.386734804667068222e+00
2.517607963952718908e+00
2.590228386419656914e+00
2.659092672610829489e+00
2.412175321226821545e+00
2.448312660701701837e+00
2.259373918402846737e+00
2.400392138985480983e+00
2.430508124500677880e+00
2.338647971426602190e+00
2.515976121648835218e+00
2.339190724866459181e+00
2.168482245098872774e+00
2.228953383606349536e+00
2.127054954522692665e+00
2.269025039660703236e+00
2.255623510917818653e+00
2.348797545151033006e+00
