2.132480599880017890e-07
3.100967247196629306e-01
5.068055251627843205e-01
6.059125651127604817e-01
7.501477789115584827e-01
9.943992729466121228e-01
9.154380741970904456e-01
1.090976783856534071e+00
1.252801183941866237e+00
1.277018006351649193e+00
1.415422657488331293e+00
1.537591645865133083e+00
1.316481010062405810e+00
1.063897368208408523e+00
1.405861249100228694e+00
1.314060549316916404e+00
1.376508879576737510e+00
1.575595039644830164e+00
1.516152319204306931e+00
1.450361861325262458e+00
1.668372166323288219e+00
1.739797923086639830e+00
1.362091431253648510e+00
1.686957634981401943e+00
1.727520571267614935e+00
1.822589439253914589e+00
1.684474787092785864e+00
1.622170048071139403e+00
1.655097483405738146e+00
1.752109960153799939e+00
1.717301870592218949e+00
1.817119076313524539e+00
1.806219694745707871e+00
1.559764398159479315e+00
1.704899807850876803e+00
1.991358704967586934e+00
2.057900787300122936e+00
2.007582452405147322e+00
2.149314767996018727e+00
2.144871137792385696e+00
1.944792213370680534e+00
2.168193085666036524e+00
2.228240775021544717e+00
2.247087895172341199e+00
1.910293945573289243e+00
2.011856689014522637e+00
1.841267059993537458e+00
2.064574717896124234e+00
2.156852497007317293e+00
1.945093246827871214e+00
1.998936569619195414e+00
1.980995416248613195e+00
2.101689152145210127e+00
2.142369644005732710e+00
2.031318417641980290e+00
2.052243074065641437e+00
1.889599732876321880e+00
1.699493461791380611e+00
1.913040003232757691e+00
1.937400149988891540e+00
2.156703853646341429e+00
1.938218866709357835e+00
2.053731806618404043e+00
2.142538087169509442e+00
2.034400414341624774e+00
2.136584495557303232e+00
2.160201682283037883e+00
2.256250000957461754e+00
2.073845851228627968e+00
2.200815648806320635e+00
2.235403467927024490e+00
2.322603191632106601e+00
2.226088718289306989e+00
2.210962472908805765e+00
2.473436377684066656e+00
2.685803300053829279e+00
2.744205721709194190e+00
2.671757746977377224e+00
2.514837105139748008e+00
2.808697906930681665e+00
2.689778769900388777e+00
2.722991444563954921e+00
2.709619433307089764e+00
2.397982277451307542e+00
2.191643122317881609e+00
2.491022037960864299e+00
2.650925706406149551e+00
2.743795223209524181e+00
2.670904845138016626e+00
2.961663553139956662e+00
2.654136239907578965e+00
2.593999719620535771e+00
2.619380377732965393e+00
2.399064497584342259e+00
2.334679380794493220e+00
2.283974923792490230e+00
2.406114950196132973e+00
2.264888116757126646e+00
2.436598548932078501e+00
2.605939355239216493e+00
