2.132480599880017890e-07
4.159073374226295861e-01
7.470777247342521576e-01
6.088406869326541404e-01
7.484352722143253756e-01
8.295219503236664904e-01
7.338866053114005972e-01
9.913666018690641124e-01
9.666606900014534931e-01
1.137255681106419836e+00
1.061321635247285400e+00
1.038933074601933626e+00
9.946013556913732012e-01
1.122184046560441795e+00
9.864120626532151270e-01
1.087616855330982846e+00
1.121634773858815715e+00
1.012798990443210201e+00
1.016282035781660653e+00
9.931825039133546085e-01
9.284824871046541972e-01
1.176296123897151436e+00
1.342625200103087169e+00
1.474713372610339412e+00
1.487638372157501276e+00
1.336994252643018299e+00
1.649853939388034263e+00
1.464267932123513472e+00
1.653271166102186829e+00
1.616644385672067363e+00
1.581533104007619928e+00
1.591995919221248279e+00
1.654832488357742326e+00
1.659623408439231396e+00
1.775507387855113528e+00
1.849034882951424041e+00
1.746667166492462453e+00
1.731520548488728606e+00
1.898445336696917618e+00
1.736414525337842019e+00
1.714652157852159631e+00
1.573951228969501015e+00
1.554306699079093690e+00
1.274157827942653975e+00
1.440073520743096358e+00
1.464249578634841287e+00
1.753343511102335217e+00
1.781054392060034353e+00
1.874043021548810639e+00
1.824158366541982046e+00
1.895167346392840235e+00
1.878029235616285986e+00
1.907561266526502264e+00
2.136070283773495060e+00
2.288892376214848756e+00
2.146684738931206482e+00
2.236528375741777097e+00
1.978538990480650295e+00
2.166037849775536817e+00
2.312038443674616861e+00
2.232124813322456269e+00
2.180632166895095203e+00
2.141021601252532047e+00
2.217023563647796625e+00
2.102409775915575985e+00
2.250780661907303859e+00
1.969090602923477151e+00
1.958284853123125169e+00
2.012507028441364199e+00
2.072123598389111532e+00
1.919462252454257056e+00
1.977602433776287638e+00
1.914605950661697698e+00
1.782176507395822007e+00
1.764824079532379075e+00
1.885572993802985264e+00
1.978236846651938219e+00
1.724286001240447508e+00
1.749230880214021733e+00
1.984018883137885769e+00
2.046518681998410472e+00
2.143671631975472280e+00
2.106783750625237150e+00
2.063561047454376407e+00
2.151352269300147668e+00
2.047369689258142778e+00
2.182392068424831244e+00
2.374384784345250576e+00
2.262185512331798876e+00
2.198674668880876482e+00
2.135431364810928212e+00
2.163321107562357071e+00
2.337807310552264095e+00
2.428422056634529813e+00
2.495793772824024703e+00
2.542718981987070137e+00
2.710754249797934445e+00
2.492503984394594418e+00
2.573321412617149750e+00
2.684809119745172890e+00
