4.264961199760035779e-07
4.565547975583585383e-01
5.872681664772073651e-01
4.587077236730126018e-01
5.888089415952153516e-01
5.423954957221988060e-01
6.970634651200650067e-01
6.837005692066793205e-01
8.493631516700680395e-01
6.730308132152470479e-01
7.656840990493135601e-01
7.781828322510819795e-01
9.016541543216213261e-01
9.812522471651925482e-01
1.188479713571956031e+00
1.058559232856479237e+00
1.138131889415333386e+00
1.063460049721220768e+00
1.174601657981464431e+00
1.354282134624049894e+00
1.483444584700238211e+00
1.594249862743430723e+00
1.284820586493330197e+00
1.173011210368140933e+00
1.130251674681612029e+00
1.216897581109854132e+00
1.175462170905572368e+00
1.182132749195022647e+00
1.132765329538209853e+00
1.169187227455991129e+00
1.414198037779444528e+00
1.409354854450629579e+00
1.337304002443071793e+00
1.160279236608173337e+00
1.044671960538575473e+00
1.097187835462742678e+00
1.239260135124127915e+00
1.256857420852050211e+00
1.420814307314910208e+00
1.359640425206523950e+00
1.441208058372013490e+00
1.498560308519029327e+00
1.372534128037733003e+00
1.400056172618374006e+00
1.418007658089653455e+00
1.377102677444248968e+00
1.331437922470703361e+00
1.268566320819677129e+00
1.270359115978926701e+00
1.562963748263088704e+00
1.438596828142862716e+00
1.578705855480968312e+00
1.723098262038457618e+00
1.730832147516188080e+00
1.626610873165189153e+00
1.347193063051474349e+00
1.358039182056120620e+00
1.539648351123946046e+00
1.610269133671608621e+00
1.593982107431504147e+00
1.590802548561206065e+00
1.659097821346161572e+00
1.859133484341351839e+00
2.012468014139865868e+00
2.103582223459139922e+00
2.014760137138262852e+00
1.840653624406508593e+00
1.742351228107960059e+00
1.771413834200502802e+00
1.642407614178198250e+00
1.646843150171250603e+00
1.594573624584436855e+00
1.443636955828683677e+00
1.230745154414259801e+00
1.219391307579645423e+00
1.404374917304427317e+00
1.437281185986380772e+00
1.394539770755254926e+00
1.635350933009195762e+00
1.518751504912309258e+00
1.465966456429296905e+00
1.521518124182754672e+00
1.440429969145510025e+00
1.499890887620116686e+00
1.336524521254377484e+00
1.538956539596223916e+00
1.399983504457535277e+00
1.350750385513927565e+00
1.314189241477614623e+00
1.556798192972494554e+00
1.426279176419122940e+00
1.457144831494017856e+00
1.734305533387763498e+00
1.582565973398156745e+00
1.481753721439203808e+00
1.459918109845097955e+00
1.467718821969268950e+00
1.908599247176889113e+00
1.844086179569377704e+00
1.678786741566244967e+00
