1.507891492923917490e-07
5.618449174769141186e-01
6.174244878511996326e-01
7.137238308783386831e-01
7.639686126540297106e-01
8.509429402710307899e-01
9.968119920044350435e-01
8.742666704075614525e-01
6.888193619224011188e-01
6.971753664769597680e-01
6.990619382379831270e-01
8.361521120121814254e-01
7.065352186639211052e-01
7.797649565379781711e-01
7.144150596293147304e-01
6.738623962007961321e-01
7.722205361976920424e-01
6.808969744626540699e-01
8.996350438861510090e-01
1.006923318157862068e+00
1.044133548974848891e+00
9.722903766373272028e-01
9.156298018228160585e-01
9.652300364390244969e-01
8.966993059650562037e-01
8.811177065305302314e-01
9.279567807835826798e-01
8.447245010021398048e-01
1.077486157588577687e+00
1.010569780328639755e+00
1.027277922491620643e+00
8.766899264980788642e-01
8.059606923595836747e-01
8.280373553030753175e-01
1.024938192864201847e+00
1.017586348757868242e+00
9.464857421022181416e-01
8.644234470806840820e-01
9.725901827028108348e-01
1.076506569004097580e+00
1.095833900660059701e+00
1.052959174126677722e+00
1.031333040593702455e+00
1.265769417613035186e+00
1.232282989873298096e+00
1.323522751543700693e+00
1.383505259393014830e+00
1.469043151446577822e+00
1.247568442807357236e+00
1.507787004436699663e+00
1.851279638865292343e+00
2.077994064608080116e+00
1.854300193716825307e+00
1.685774142034762946e+00
1.576939177105483481e+00
1.776513292464646510e+00
1.672209748683596064e+00
1.947362445717169432e+00
1.812984985676310279e+00
1.613313009717451507e+00
1.707824220113770997e+00
1.683452957451191834e+00
1.774523550879904876e+00
1.759445533598981815e+00
1.935715653036836237e+00
1.818171734335074508e+00
1.771250616583351478e+00
1.683988835406349249e+00
1.872914856370135439e+00
1.939633599242696071e+00
2.155182440546930867e+00
2.072050897880440612e+00
2.180852552755591311e+00
2.125379816991733506e+00
1.938161024152219358e+00
1.885262567816185397e+00
1.948593394675890877e+00
1.868614305393915487e+00
2.008192900682022941e+00
1.891874200356620683e+00
2.029132813591013829e+00
1.985659043738019269e+00
1.855162140733530585e+00
1.668914141498655690e+00
1.690161630167037465e+00
1.819109958859279619e+00
1.790899603098252246e+00
1.700407114267057374e+00
1.560621755648273767e+00
1.506588734112160433e+00
1.376090489960309915e+00
1.391181916895102511e+00
1.499854938330986487e+00
1.472274428179212391e+00
1.420290588228438011e+00
1.293695886961588215e+00
1.275022252395757061e+00
1.270499983080242368e+00
1.299807854511726424e+00
1.520476587284921965e+00
