4.264961199760035779e-07
5.438162360297535969e-01
5.391224780634139568e-01
7.702809703177596612e-01
8.686594123971523862e-01
9.479372905234310087e-01
1.228313716054312499e+00
1.304095257808487229e+00
1.478566030196271752e+00
1.264786124775043819e+00
1.030996027188994413e+00
1.060941479129141829e+00
1.207210005027856470e+00
1.514433037260430659e+00
1.473018536186775362e+00
1.449888636845875434e+00
1.637476697501945688e+00
1.853889265310302070e+00
2.184937521200843502e+00
2.018243975768176046e+00
2.095534365473088911e+00
2.172293861606018783e+00
1.999647845615807773e+00
2.466734495210824107e+00
2.399099664763003403e+00
2.223979893339584457e+00
2.232611333114144614e+00
2.114074022311177359e+00
1.893162548126045008e+00
1.822806739588946678e+00
1.735718309737717124e+00
1.819854719450429092e+00
1.830021472154957474e+00
1.815606506973474588e+00
1.958698904477319314e+00
1.710204582776228222e+00
1.802171117578473591e+00
1.667828033237543695e+00
1.646074500149323772e+00
1.656510987326600404e+00
1.868650722513934159e+00
1.843781770354456118e+00
2.056415703731842903e+00
2.083620232678433659e+00
1.990599082116532470e+00
2.264139547103960037e+00
2.115102058589383827e+00
1.894455955628997490e+00
2.156896483219854055e+00
2.051161957898294919e+00
2.088759774550929649e+00
2.296665748375507743e+00
2.429917872925671851e+00
2.512982320578296402e+00
2.582970211341879985e+00
2.564074021440597928e+00
2.630238339002343828e+00
2.769954292638603821e+00
2.554545672156306235e+00
2.778908691181128265e+00
2.763530649724408761e+00
2.785742815537743056e+00
2.894102714196437720e+00
2.863438850617837428e+00
2.956453821457522224e+00
2.934318629137953049e+00
2.875330870713181497e+00
2.796196609491684359e+00
2.787139621708158543e+00
3.054927354861985744e+00
3.003517322631626740e+00
2.940254143778734619e+00
3.126512364722878079e+00
3.342023064086876882e+00
3.475232544684741853e+00
3.637429326936171048e+00
3.512177207526010481e+00
3.602366936969901623e+00
3.365620976721147350e+00
3.319453999054225335e+00
3.464635796828428482e+00
3.546584680896516240e+00
3.578614322300209594e+00
3.569558684267944315e+00
3.666623576682866759e+00
3.802654713743978121e+00
3.748018184352087445e+00
3.831190943166997265e+00
3.635352747732990775e+00
3.786610712479706820e+00
3.719361309896038303e+00
3.802296185430467990e+00
3.909985098833542505e+00
3.804441919951745632e+00
3.586833028572768978e+00
3.484512862952357182e+00
3.580415195397778749e+00
3.505620665415389414e+00
3.674409234122183676e+00
3.796183280335668098e+00
