0.000000000000000000e+00
5.671183984154252178e-01
6.423753107373366689e-01
6.208240448590772731e-01
8.586730882655591035e-01
8.513246871137862826e-01
8.260900373158068799e-01
9.296283978614046095e-01
9.698261088115083250e-01
9.391358926329497203e-01
8.418989498519423575e-01
8.161339428226777049e-01
9.720103221681986039e-01
8.569042246271318941e-01
1.024567045251247643e+00
1.208655738318873185e+00
1.303390510602758789e+00
1.324935278952868556e+00
1.283751685898141703e+00
1.224472627910355049e+00
1.257773788852003083e+00
1.300800963643790942e+00
1.580418426841895485e+00
1.611131362485416219e+00
1.571659100637670337e+00
1.888825374264550661e+00
2.028102621202614309e+00
1.970755732903824775e+00
1.871918557729397525e+00
1.872790214820416077e+00
2.073926401076701342e+00
2.009847469757237715e+00
2.175452970762649318e+00
2.217037302219743378e+00
2.294861108310016107e+00
2.227823938397876624e+00
2.382922354811215726e+00
2.341359269354655659e+00
2.091755168729069858e+00
2.058448005871238440e+00
2.117786523143140087e+00
2.163850044290196895e+00
2.204167091793534983e+00
2.063348289456697238e+00
2.162371953073709552e+00
2.561144205325065926e+00
2.176506747328966984e+00
2.220626014988094532e+00
2.189831162187388713e+00
2.271945750514833051e+00
2.156110611079374184e+00
2.176285154179144588e+00
1.959283794975663628e+00
1.963684765178977720e+00
2.342825950205026153e+00
2.377072148399022034e+00
2.241117697772840867e+00
2.145855997605193632e+00
2.062685286679107666e+00
1.961946533059928610e+00
1.973521461055561810e+00
1.874269017772769885e+00
2.014282287221974777e+00
2.121489209307356294e+00
2.227127252315744599e+00
2.325958309934750279e+00
1.970110087359831397e+00
2.259641522059736563e+00
2.153652228296864646e+00
2.173032957989589065e+00
2.430833191936817350e+00
2.332431371245432761e+00
2.223048018962018091e+00
2.402332665811180323e+00
2.449555323746950286e+00
2.261544897168616508e+00
2.164948467339755211e+00
2.215263660487771347e+00
2.173221071112085845e+00
2.327791623854328584e+00
2.393056426450932417e+00
2.303936949296077508e+00
2.350128646139561184e+00
2.586365337405798215e+00
2.749970304916393715e+00
2.508154763403835030e+00
2.566910796540005979e+00
2.658004989773136373e+00
2.501425509052091378e+00
2.303465941751061230e+00
2.438755521853137598e+00
2.542098843861946733e+00
2.701229288188204070e+00
2.651403632382342668e+00
2.716302397375346622e+00
2.614515278911324181e+00
2.604788587818765322e+00
2.540256682885217998e+00
2.469903822321799058e+00
2.312298164468244543e+00
