9.047348957543504410e-07
5.500651429463427888e-01
5.607323400233275024e-01
7.133669876118116093e-01
7.171716040044530116e-01
8.720695819200501298e-01
7.814938343088427830e-01
1.046253690211210730e+00
1.073238471542086625e+00
1.037947196473647526e+00
1.253606311741877866e+00
1.572988462623312600e+00
1.341340139120432928e+00
1.576051704537722031e+00
1.518878016794753094e+00
1.553826425339531969e+00
1.474917567079200076e+00
1.390379150571237510e+00
1.509430112303824734e+00
1.394409578834818308e+00
1.487080790004926767e+00
1.474015326129823666e+00
1.631766118326142490e+00
1.740446034636581318e+00
1.739162896296135408e+00
1.903698214728121618e+00
1.762570070342685202e+00
1.681001930804665978e+00
1.568034054141289602e+00
1.791178257106507576e+00
1.886057240916667821e+00
1.797183860631411445e+00
1.656565811842062086e+00
1.647233701137434059e+00
1.359190324559266472e+00
1.405408434059945089e+00
1.215986831237312549e+00
1.355889691324592805e+00
1.282049712150487242e+00
1.245540761717537359e+00
1.390618155285086699e+00
1.585820154237471469e+00
1.520535318799366875e+00
1.563683816338257815e+00
1.664407441175028257e+00
1.810708788827092519e+00
1.839067302873430565e+00
1.702742254407712430e+00
1.843895953467043158e+00
2.011228697796938913e+00
1.741477237673745071e+00
1.809409296309131721e+00
2.032347866876660802e+00
1.969453889640523592e+00
1.902601690855653116e+00
1.929019997376097528e+00
1.961706142021736321e+00
2.106254017511456134e+00
2.050910594344863114e+00
1.929750131784317979e+00
2.127556668420363284e+00
2.173437928952044018e+00
2.028633328719100071e+00
2.272956605860463331e+00
2.304495036387199214e+00
2.162258556708093860e+00
2.264520657648997570e+00
2.245085227936760131e+00
2.097769927883558871e+00
1.997130543620037724e+00
2.011091471830019461e+00
2.201365067409430054e+00
2.038406742482801626e+00
2.190647012931161708e+00
2.212472210535561867e+00
2.212318360324631250e+00
2.155909796191222583e+00
2.331149607506242560e+00
2.034654621516395867e+00
2.144247528037669603e+00
1.951586523584062816e+00
1.913304948256180138e+00
1.540437623694097535e+00
1.680952294922949619e+00
1.704943418001338751e+00
1.848660818797488670e+00
2.119531236743197766e+00
1.899210188474048655e+00
2.075651404991755378e+00
2.114970693348785513e+00
2.079254502107787950e+00
2.044521511777939615e+00
2.010076389990556489e+00
1.996267815171833160e+00
2.185087374354322431e+00
1.999586383232710318e+00
1.887533519821574357e+00
1.987967143993166985e+00
1.631327320482478305e+00
1.343931536363700330e+00
