6.397441799640053933e-07
5.860459017101791179e-01
6.494272523206472414e-01
5.190677462305876011e-01
6.975145936665336777e-01
7.259822058717682047e-01
8.003215646003912775e-01
6.993767897286181645e-01
9.734283645044081723e-01
1.069355384413120502e+00
1.150525100637807885e+00
1.244410967938034851e+00
1.457067093207418118e+00
1.208060336113858657e+00
1.263155453426718422e+00
1.098196697197036498e+00
1.215205006945972110e+00
1.276051642814044262e+00
1.131722769018650210e+00
1.263738407461447055e+00
1.494042201490298316e+00
1.687684261999566893e+00
1.698298297726141826e+00
1.943305413054262853e+00
1.943487152900297055e+00
1.964828302367574331e+00
1.764747655944888916e+00
1.588431347609496003e+00
1.626525497189761582e+00
1.628079079032450638e+00
1.556523222802434159e+00
1.424838339417872968e+00
1.451061648710336049e+00
1.359943461017637967e+00
1.370629746452522113e+00
1.168809243669277631e+00
1.304480202537293687e+00
1.411835078239192409e+00
1.352491649242938188e+00
1.489391432399148396e+00
1.627538942254407095e+00
1.792174976147695720e+00
1.916141148240680492e+00
1.999057139443624287e+00
2.069743420911803522e+00
2.190546389296040619e+00
2.197545071840151021e+00
2.387363516192964497e+00
2.476683138583424260e+00
2.616660835371597216e+00
2.367243926501755968e+00
2.480295211944563150e+00
2.430894311268443797e+00
2.444461546117230100e+00
2.241071345398423009e+00
2.266101700295812815e+00
2.244226141691248344e+00
2.314185961325078367e+00
2.107713702051228211e+00
2.237851010384980910e+00
2.245579856721884759e+00
2.518259651969595225e+00
2.480787982105805423e+00
2.439278117729733797e+00
2.342877131630992871e+00
2.571937313212941500e+00
2.418216071166526149e+00
2.364637683110805799e+00
2.599114253101987515e+00
2.597913201759507462e+00
2.775872558438641668e+00
2.683780520877750320e+00
2.618008430856411994e+00
2.538633067669485488e+00
2.446351422452659463e+00
2.440843138182051231e+00
2.386911779840759085e+00
2.332870216283019715e+00
1.966043102022277500e+00
1.869721184050898044e+00
1.965906821729359821e+00
2.197872479530152745e+00
2.360796751733511556e+00
2.198844265768487016e+00
1.904607810363862619e+00
1.996980279296414196e+00
2.280567636097012407e+00
2.050055960560740242e+00
2.012214303745504917e+00
1.997581745901266581e+00
1.856257964985779552e+00
2.050812715081215654e+00
1.891305858257434913e+00
1.931992721728797768e+00
1.807367274448302474e+00
1.576962343877476247e+00
1.750587545084594909e+00
1.917678443841415392e+00
2.021003839574947225e+00
1.779780897151345354e+00
