0.000000000000000000e+00
3.448604356710228136e-01
4.247350839681743317e-01
5.994386068803261303e-01
5.032662269258317833e-01
4.686419480710034002e-01
6.134056394516913535e-01
7.344348994284125576e-01
5.721803355812558056e-01
4.742029448420468363e-01
6.008430890189828677e-01
6.935588410911787127e-01
6.222976176514936064e-01
5.189014495645964953e-01
7.086523218775967470e-01
6.164060802048804133e-01
7.714547766811764573e-01
7.143526099805039831e-01
5.769249772662540243e-01
6.608554831287603015e-01
7.664008034138570791e-01
8.912774584911000719e-01
7.738086872126895832e-01
5.854654577539968319e-01
6.647337097577058485e-01
6.772703301129937570e-01
8.149395824963390211e-01
8.406962552952291778e-01
9.159009340670279942e-01
8.076836933791350370e-01
8.402118035178730571e-01
4.735373566843165682e-01
6.775615175051721284e-01
6.753305060866304776e-01
8.526452722890079938e-01
1.026179984130576317e+00
1.010697795730644444e+00
1.041479470761607296e+00
1.010911198182714577e+00
1.015596857681956733e+00
1.055802055669051498e+00
1.124837385646572985e+00
9.432539971993618710e-01
1.003406562601702579e+00
9.997653274443182303e-01
1.167412973654472053e+00
9.467359468780434106e-01
9.830268957871560742e-01
1.137402912919682763e+00
9.262560355848890037e-01
1.054800327952158057e+00
1.151680285566545336e+00
1.177678007562783735e+00
1.181616518508501912e+00
1.304862794497530842e+00
1.155499534946933027e+00
1.358582219389209422e+00
1.159148358309179505e+00
1.348850137689164175e+00
1.221778691910709647e+00
1.190639653275772591e+00
1.115186918101993108e+00
1.096981870806916781e+00
1.106502844571640276e+00
1.215765480116357100e+00
9.783522117534247942e-01
9.423099627371110953e-01
1.013686513638165643e+00
9.144883071079912273e-01
8.635007050002539986e-01
9.375352832268551984e-01
7.511893610808830779e-01
9.030958041671059977e-01
9.544664653925826192e-01
9.677449080468000231e-01
9.754009576519198088e-01
9.479690830856305483e-01
1.008659281378098127e+00
1.029014379586458583e+00
9.889906690696638192e-01
1.049401879981854968e+00
1.052996259403647050e+00
1.070274975177426757e+00
1.000402227595438953e+00
1.175944061333800139e+00
1.295724930946995146e+00
1.172845650623864477e+00
1.102710752930776250e+00
1.136293496013896176e+00
1.052148085459787552e+00
1.166038519171845200e+00
1.288741976033735304e+00
1.289428464742137903e+00
1.230100641218566215e+00
1.257195897591730782e+00
1.079920121215722117e+00
1.118776733445600247e+00
9.259011272360838651e-01
7.333497663742473138e-01
8.891281959894283826e-01
