6.397441799640053933e-07
6.136854624084705501e-01
6.947488688521881173e-01
7.362169233099469245e-01
8.527883285576400851e-01
7.733438801930806461e-01
1.036822141700751043e+00
1.155230929209869029e+00
9.974653863915248220e-01
1.353233552140752805e+00
1.307822621500201565e+00
1.332037461521502486e+00
1.327483480811002980e+00
1.569561485675682544e+00
1.468802603808541996e+00
1.315620420769754606e+00
1.342879301216549415e+00
1.428422487764565041e+00
1.389529430209704097e+00
1.444189385834727224e+00
1.499504355824656576e+00
1.612128415679952909e+00
1.556119134898034106e+00
1.690422465269838748e+00
1.583794880645430281e+00
1.768224392595031835e+00
1.742945497040763181e+00
1.665217625250018596e+00
1.685764890135769134e+00
1.730638012621698696e+00
1.697930905660424150e+00
1.695513961622871602e+00
1.464005186095850730e+00
1.531846137027432109e+00
1.515663609514797283e+00
1.483088501333349019e+00
1.585659997586537751e+00
1.686344733911052662e+00
1.713752057865141953e+00
1.527926311319372621e+00
1.561446790114920935e+00
1.391796061794159822e+00
1.526692188822873275e+00
1.337249953845562223e+00
1.475941551003844054e+00
1.531389469715070506e+00
1.686650098804581388e+00
1.705167285912698283e+00
1.502914216085959209e+00
1.713191478782398081e+00
1.984024938151903061e+00
1.524440362473346244e+00
1.751423808436196827e+00
1.690933362565143261e+00
1.381298778824214368e+00
1.179729955186636925e+00
1.276263799924787001e+00
1.339699853104869831e+00
1.464587823803892963e+00
1.592168884618937463e+00
1.480735779986556588e+00
1.550934869562901497e+00
1.762806504035369759e+00
1.666261090980977411e+00
1.495901460645173264e+00
1.621621637914718805e+00
1.694988114140335789e+00
1.652273962248011374e+00
2.021460126330274942e+00
2.114612860874673039e+00
2.073782518723585877e+00
2.250646559856239293e+00
2.176627295890491087e+00
2.170420020032098662e+00
1.907714590744763905e+00
2.082055607876436731e+00
2.003200830630641693e+00
2.067717858222632987e+00
1.800670442110830827e+00
1.561394511578743538e+00
1.464047790961150008e+00
1.459565840755593813e+00
1.658613287164553585e+00
1.817004091774938379e+00
1.997028684507795360e+00
1.839812229173370728e+00
1.923822955687991110e+00
1.801067621382745010e+00
1.835922828811871632e+00
1.768166931168281941e+00
1.931925990404854021e+00
1.817389424694551447e+00
1.815675648709672130e+00
1.886179226435452883e+00
1.691218094000207062e+00
1.797428124923435400e+00
1.749830654981060718e+00
1.760594610288892525e+00
1.976304454201818661e+00
1.958947108126149805e+00
