3.015782985847834980e-07
6.797556437267416873e-01
6.025334874671821606e-01
6.747525909009105538e-01
7.062615068155913001e-01
8.940032997423431604e-01
9.936822943500834837e-01
1.171271196169129780e+00
1.115796576234358461e+00
1.049548621391578784e+00
1.132215476827751699e+00
1.236220740942510776e+00
1.034791447473501602e+00
1.109481613441018144e+00
1.184967540721905799e+00
1.335444589086310474e+00
1.465247020346718720e+00
1.450840972793362438e+00
1.331149960963190493e+00
1.237797048718371817e+00
1.423163050151048381e+00
1.353452374830390381e+00
1.317576372567573761e+00
1.471875422581350623e+00
1.680469380948617086e+00
1.594359237395522655e+00
1.687566027014369086e+00
1.620452170859060681e+00
1.751378288767067470e+00
1.603463428720076411e+00
1.650742600246024372e+00
1.532904357235480797e+00
1.791377594932640704e+00
1.531166478316284163e+00
1.619985010497416500e+00
1.533215683038972932e+00
1.606113123496440753e+00
1.726362194669378347e+00
1.531589630313950012e+00
1.716948431936933916e+00
1.627969411800025190e+00
1.521916063927682305e+00
1.558946837114415507e+00
1.637118273421643178e+00
1.711948565748340645e+00
1.809254201858221833e+00
1.666823393510528106e+00
1.590469471087202269e+00
1.609303705112589578e+00
1.620083076334072780e+00
1.798638141572961313e+00
1.566771600985925605e+00
1.329780118196653316e+00
1.813796265763409243e+00
1.819305811304299914e+00
2.026666013539736966e+00
2.035315414943680512e+00
1.846639327181584189e+00
2.047747693820828996e+00
1.749929564101469603e+00
1.754250264728368203e+00
1.746503730541664190e+00
1.770909550407014255e+00
1.791411287856814472e+00
1.964685933703261167e+00
1.805573134822635151e+00
1.905213131598228360e+00
2.057781085640838725e+00
2.088835585030009323e+00
2.025003676232408178e+00
1.655493497415019277e+00
1.590057429131801037e+00
1.590118166358189811e+00
1.817597060558008959e+00
1.879318498327466669e+00
1.997318449589791101e+00
1.943209953071448837e+00
2.021760430259234020e+00
2.114863255570678113e+00
2.110215899375529780e+00
2.016847458928061609e+00
1.979598096597251722e+00
2.064374406378500559e+00
1.913856273031204758e+00
2.104333944317077432e+00
1.822007853786612896e+00
1.959879214463309927e+00
1.994610075182960518e+00
2.157307845529299328e+00
2.258402095773003992e+00
2.260544605313907773e+00
2.341257300026822641e+00
2.645418874750502525e+00
2.655407812922171207e+00
2.569040185996539716e+00
2.683229954994867494e+00
2.673127867040535843e+00
2.873603247924965132e+00
2.961344753979126665e+00
2.882050593346394685e+00
