0.000000000000000000e+00
6.010837732793649080e-01
5.011971795131001661e-01
5.814447181418493926e-01
5.721058011721724679e-01
8.331798376222464553e-01
1.032918242570526335e+00
1.050441641730322173e+00
9.884039277625800146e-01
1.043571119249076640e+00
9.457254299515209794e-01
9.881626211921796799e-01
1.088827308251270498e+00
1.278585884561044494e+00
1.350823437140788785e+00
1.202167433070749025e+00
1.232639329151765661e+00
1.220158200782407221e+00
1.410169965183980523e+00
1.444076885467525440e+00
1.727270231937330314e+00
1.679109056217002127e+00
1.680997133764388307e+00
1.754860773074002456e+00
1.870077271736472202e+00
2.162436420399306947e+00
1.936320615366739606e+00
2.070396248886401835e+00
1.962240066593988530e+00
1.922211005993137434e+00
2.174170749214774823e+00
2.154644677207881998e+00
2.223567533079067182e+00
2.112567918373115639e+00
2.043385358434613774e+00
2.149579637711553026e+00
2.037213471353246153e+00
1.930986640158573575e+00
2.251913077973320743e+00
2.350736128858619711e+00
2.339149093625006781e+00
2.496910160976450133e+00
2.391738844799704555e+00
2.348340342508939749e+00
2.386868493101783617e+00
2.419632464358741686e+00
2.212252913103150309e+00
2.394939354192502368e+00
2.519907103728170394e+00
2.497651270499396059e+00
2.476211345442775436e+00
2.335551025623270327e+00
2.619413690382338622e+00
2.657774511024167285e+00
2.599447939207475411e+00
2.499515916739106558e+00
2.509840823391830789e+00
2.359717894763459611e+00
2.203394739816892933e+00
2.248213488283697270e+00
2.147209960646769833e+00
2.016432702605263305e+00
2.090031343088464055e+00
2.247597053249140497e+00
2.034953138260749750e+00
2.008273145670215865e+00
2.047378302306229525e+00
1.993821789482955076e+00
2.116585788744145269e+00
2.203375743747022941e+00
2.127517782617422082e+00
2.067488888080760923e+00
1.803615588761091404e+00
1.603229084155785467e+00
1.767479071162961990e+00
1.803962757215841206e+00
1.913403622178161179e+00
1.889527114278136910e+00
1.755456025545570009e+00
1.841951245680887972e+00
1.769773203624548374e+00
1.819730006481900420e+00
1.991131538639060006e+00
1.940311425837948134e+00
2.005425135467128861e+00
2.258347103301725944e+00
2.324540080443295853e+00
2.382313936151128964e+00
2.541724523134104352e+00
2.643742515361043655e+00
2.736878368531030503e+00
2.806312971769507669e+00
2.922439107405204961e+00
3.072022283749618943e+00
3.128406299122963308e+00
2.739675513732355405e+00
2.958679943598348405e+00
2.925992521607130747e+00
2.916085235462030134e+00
2.972656321206971874e+00
