5.223489356090222115e-07
5.513093703710222337e-01
8.179054270759339440e-01
8.807250579214939146e-01
8.854592200367926713e-01
8.445554627546286719e-01
8.623123974757619381e-01
8.932431423450752916e-01
8.516891805262234438e-01
8.583596252017283712e-01
7.725602837535371359e-01
8.302565724218706755e-01
9.429830601853618210e-01
1.262563274438083694e+00
1.403498635229616376e+00
1.484137723665865494e+00
1.415517795956871216e+00
1.348790101718983614e+00
1.379982947136171534e+00
1.520797833653733111e+00
1.378413274243752040e+00
1.468399154594866030e+00
1.330186166103359824e+00
1.282622427857905478e+00
1.200438950135016558e+00
1.244058736077081395e+00
1.186071615345788643e+00
1.208624493995029026e+00
1.302924751552923865e+00
1.408629870608584689e+00
1.393862549802631134e+00
1.344960505130230910e+00
1.477979187934614247e+00
1.370907494429518314e+00
1.461436781871982893e+00
1.619354639269003915e+00
1.642701004143194643e+00
1.721900407149223655e+00
1.904053591057985662e+00
1.732937814308664448e+00
1.708436775674251118e+00
1.708629701189316563e+00
1.849948271454205262e+00
1.687251711392404152e+00
1.571735784192104246e+00
1.729148557873902980e+00
1.666730474361657333e+00
1.627079106809369291e+00
1.959396195214065939e+00
1.785504210140303583e+00
1.563917952281343116e+00
1.667049951358454241e+00
1.648306814380032126e+00
1.778199505007653558e+00
1.994788974150937033e+00
2.191462669960176246e+00
2.237046440061281061e+00
2.435652535907772087e+00
2.483374780639579615e+00
2.472948832195651647e+00
2.391170125205795305e+00
2.545969261101230341e+00
2.755231179653145457e+00
3.000601956388083469e+00
2.786663511999139864e+00
2.793319592934571105e+00
2.769005691625662902e+00
2.723984160062534965e+00
2.846743936991500856e+00
2.959156672157802870e+00
2.897061798573720814e+00
3.016926513134528420e+00
3.119281391179539842e+00
2.989978427166146258e+00
2.793958554717522969e+00
2.805854872257967259e+00
2.748328330214096837e+00
2.630052514126538732e+00
2.847996526555412355e+00
3.016475301675324516e+00
2.908575315052059462e+00
3.019108049102459557e+00
2.986688924387262745e+00
2.913916795023524742e+00
3.038493370721345066e+00
3.123199223403339442e+00
3.005792819500470170e+00
2.812216959460870136e+00
3.022736072992572964e+00
3.002755043146720038e+00
2.970375267624346005e+00
2.788153309429384219e+00
2.720328487774209325e+00
2.705215890217984143e+00
2.591592327289502062e+00
2.680908582658836359e+00
2.664591939706690837e+00
2.839291298920763928e+00
2.935483167544123084e+00
2.720314767460062289e+00
