0.000000000000000000e+00
5.651168150416627789e-01
7.990430765870022434e-01
5.469971473085128988e-01
8.532885217436620984e-01
9.750895118054001554e-01
1.162846059166599000e+00
1.276357179430450017e+00
1.026302077154675363e+00
9.338691350469335850e-01
1.061463436629762169e+00
1.080661415648141332e+00
1.273566845872099007e+00
1.291076288494807267e+00
1.364100228791758740e+00
1.457667523555074229e+00
1.280852435324920657e+00
1.283786335218431995e+00
1.246234316650553398e+00
1.211535849792079844e+00
1.115146292421834939e+00
1.303246507969193502e+00
1.413375787296607067e+00
1.559861940033051564e+00
1.369125123537359379e+00
1.281797635326010765e+00
1.417538816941899871e+00
1.363549530226976447e+00
1.252644985701038438e+00
1.434516686488791271e+00
1.732392233564349127e+00
1.926165441019777491e+00
1.616921697443757244e+00
1.865091615956121496e+00
1.979549057722319372e+00
2.021070106551215773e+00
1.907750011346722507e+00
1.954658161403711736e+00
2.078785743268133146e+00
1.956041779840423711e+00
2.247301696502759683e+00
2.147865511141564543e+00
2.228462216028641141e+00
2.283639633878878694e+00
2.220275541334958191e+00
2.247987488472658058e+00
2.239003965379369632e+00
2.271974847241829298e+00
2.188810376568913529e+00
2.128975143837784412e+00
2.144040332106277535e+00
2.121775449313028084e+00
2.118450888121927722e+00
2.336180365020604111e+00
2.243540794176074549e+00
2.248102524982708683e+00
2.262763882904480717e+00
2.167682785930913791e+00
2.207127757737670670e+00
2.087347449185602777e+00
1.762532652456216153e+00
1.942863779748989606e+00
1.876490134207452698e+00
1.810857786580839290e+00
2.017650992524361975e+00
1.710203776106515194e+00
1.612047484761092608e+00
1.695388976242198531e+00
1.963145327407565421e+00
1.957417782666357908e+00
1.886879251982846339e+00
2.092009521285719931e+00
2.125062379503823706e+00
2.257791384376954813e+00
2.164519767475687750e+00
2.020725431402770056e+00
1.993813116322440626e+00
1.980583145089304997e+00
1.916761531522095385e+00
1.754570063778920108e+00
1.812086111307451564e+00
1.913997589201116289e+00
1.777418669018814068e+00
1.815083868199952155e+00
1.781563071797815700e+00
1.923973216763656069e+00
1.832184831347256626e+00
1.900380353498025920e+00
1.905818856407174078e+00
1.932809269797693519e+00
1.965365074462898098e+00
2.027490480498123748e+00
2.056215463393331611e+00
1.885593512698086283e+00
1.707487419117661664e+00
1.896380757436448183e+00
2.106954363849303125e+00
2.330374089276112226e+00
2.230385705957349973e+00
2.145196467811684826e+00
