4.264961199760035779e-07
4.096775348357457602e-01
4.859739880733853212e-01
6.026258850927563859e-01
8.182212083812770986e-01
6.937155324508293974e-01
7.500089732352041016e-01
7.255512609655623280e-01
8.482720068009657055e-01
9.386516871943535456e-01
9.063902332310024290e-01
9.169487756530791955e-01
9.465695568092287182e-01
9.822223789584456632e-01
9.817177672815938783e-01
1.069384723631544798e+00
1.121834269961536901e+00
1.130793211708871926e+00
1.062676077786525619e+00
1.243477960898358603e+00
1.123770628186216758e+00
1.136879496728801175e+00
1.046389992459350937e+00
1.101896253943620119e+00
1.320734608666316090e+00
1.234492755501450656e+00
1.218708242774475758e+00
1.406215179002074267e+00
1.550909433566118656e+00
1.515986772263749449e+00
1.562966878181743402e+00
1.777782340227428648e+00
1.876671668692507788e+00
1.872725432378251620e+00
1.880436163907781122e+00
1.892017368705371183e+00
1.984902291159621468e+00
1.882632684012234714e+00
1.815187245451882925e+00
1.830518128189560612e+00
1.959894044678020419e+00
1.906112001209712803e+00
1.840928120067596874e+00
2.021336889096590372e+00
2.115000329632891418e+00
2.096921022074076824e+00
2.047670340367589326e+00
2.140436001520980902e+00
2.148769634289406483e+00
2.136217562435397177e+00
2.144908611755735439e+00
2.198734477546437027e+00
2.103598863486691783e+00
2.225377965686330395e+00
2.171981927508534138e+00
2.254568554167105443e+00
2.095403915083420721e+00
1.984764530856100162e+00
2.151654773526006537e+00
2.221026382557875323e+00
2.201917225532179501e+00
2.282500740732186006e+00
2.391114549435626291e+00
2.402884227104952419e+00
2.515411092906487234e+00
2.497101893207558820e+00
2.520646806262388573e+00
2.647967534787082577e+00
2.649419544542046534e+00
2.417709079208905543e+00
2.629128248081941344e+00
2.614786231648443149e+00
2.460516613180863121e+00
2.583027512368222478e+00
2.451380813092711275e+00
2.466053189889365171e+00
2.594361371729656085e+00
2.546373002981341394e+00
2.560058338321901772e+00
2.525534554384771813e+00
2.620310697498565045e+00
2.506239912783831958e+00
2.470826371216961359e+00
2.831815771777475899e+00
2.815863472280287993e+00
2.692781294377858181e+00
2.831085923342611110e+00
2.678168497949154236e+00
2.909029469006936708e+00
2.917719290880126604e+00
3.024636559720074391e+00
2.878138895117208662e+00
2.822676228186275615e+00
2.872122599967042333e+00
3.119656419651163581e+00
2.915938560929397738e+00
3.100318281213292337e+00
2.983412266856697581e+00
2.898775573853010989e+00
2.889357431404527610e+00
