4.768371582031250000e-07
6.638949334396168078e-01
6.926764072493922786e-01
6.727534507264353314e-01
6.177736264820384848e-01
8.534379081449464666e-01
7.813494894494176224e-01
1.142778365092748993e+00
1.111629120940875959e+00
1.316450640366889191e+00
1.339015551599730180e+00
1.190866342206620132e+00
1.138380072669532783e+00
1.313966798950598092e+00
1.255471334159404595e+00
1.461809609278897693e+00
1.480166068746963326e+00
1.319998648303389421e+00
1.591412687456734698e+00
1.511409333469188931e+00
1.552758392907071627e+00
1.427628667078580937e+00
1.468542303704883700e+00
1.489646954976404425e+00
1.587023914543446157e+00
1.531561673559885817e+00
1.391129622866025040e+00
1.506334131457979453e+00
1.445818021963273026e+00
1.582141691172837206e+00
1.499026868375208599e+00
1.669020858437300747e+00
1.688270950054514774e+00
1.974855779563682745e+00
2.344550711288444944e+00
2.148098333299397922e+00
2.144913410726769332e+00
2.104542158011613484e+00
2.219858853923629916e+00
2.237595754299390727e+00
2.233840441404448818e+00
2.205516567070702649e+00
2.159282698269398004e+00
2.199783869863627839e+00
2.243341354200171001e+00
2.283212656275650065e+00
2.284058889882941035e+00
2.375564727911521512e+00
2.426759091797416001e+00
2.566336289983459196e+00
2.836096498016777989e+00
2.860489485130112364e+00
2.938395585446343272e+00
2.813527567313257816e+00
2.894155358693166313e+00
2.876601833237226291e+00
2.700385171850611776e+00
2.861138114200020954e+00
2.736647290088750406e+00
2.780635548890753483e+00
2.621261193940321643e+00
2.668050147848506803e+00
2.892294498504012434e+00
2.563980391557032057e+00
2.658261761024789394e+00
2.584471955724706671e+00
2.920788051295903021e+00
2.910243650138101490e+00
2.785605012059939600e+00
2.887094357610932693e+00
2.961527139096432837e+00
3.112308607523676329e+00
3.348219252097849541e+00
3.213210914153385556e+00
3.337065421912064345e+00
3.544409691733051204e+00
3.559523681221791414e+00
3.691226745201517279e+00
3.767223562922275892e+00
3.668042187916678909e+00
3.483676409978652355e+00
3.628133929577102457e+00
3.754176060396218872e+00
3.942179323620956577e+00
3.889749862324798801e+00
3.946448389331786988e+00
3.756727223777376334e+00
3.468250846649628016e+00
3.382307042091855731e+00
3.338075437044894844e+00
3.673789329765697609e+00
3.456778713396951197e+00
3.499449540017468330e+00
3.440698102721624796e+00
3.570632767077773551e+00
3.644152289404797518e+00
3.716131607408748483e+00
3.564306455129464091e+00
3.497736123886789006e+00
3.364135248762483599e+00
