0.000000000000000000e+00
4.242286068891724660e-01
4.385653894343887194e-01
4.944882660768959992e-01
7.276760171692253643e-01
7.740711192681588582e-01
9.098399569410492438e-01
9.572851227976363342e-01
1.070895399374107937e+00
1.028356769921630942e+00
1.091087848406355976e+00
1.224277065827162669e+00
1.140669030560835795e+00
1.266344455667794300e+00
1.247257869061738411e+00
1.183363965775283688e+00
1.176085486015826298e+00
1.079360042140491194e+00
1.128050217177483550e+00
1.156652314692089956e+00
1.094094242570762265e+00
1.184529054217455135e+00
1.338289633626901676e+00
1.095192223735424131e+00
1.105439134851849525e+00
1.012920134232139002e+00
9.634179736464593136e-01
9.761004744043390025e-01
1.050921067633545869e+00
9.896867319233549898e-01
1.034951571316181429e+00
9.172422926832730639e-01
7.917056473815705653e-01
8.987883618069525404e-01
8.920409479290818400e-01
9.969884862570558282e-01
9.604181885055994572e-01
1.190260038949552568e+00
1.015648340444430753e+00
9.926582064764373214e-01
9.205869302837238477e-01
1.027111757346780507e+00
9.322211717709554257e-01
1.033895501955210294e+00
1.047805198552046901e+00
8.994710882681015152e-01
9.451432323351811604e-01
7.913166651327089296e-01
7.106192370028494576e-01
7.599668123256819730e-01
7.474553951261481144e-01
9.697449389758849847e-01
1.064159394981514462e+00
1.135616958837374124e+00
1.045486001634869266e+00
1.234368094948951056e+00
1.090497998270371749e+00
1.113263652696192318e+00
1.161387653324432057e+00
1.217425279933351367e+00
1.097705324037189456e+00
1.114992693691360115e+00
1.188824322322004745e+00
1.195954295322759764e+00
1.262931473778654778e+00
1.205100203614361210e+00
1.265409803967684210e+00
1.182058102100325581e+00
1.337122073659514632e+00
1.294702873536413668e+00
1.258200793350232605e+00
1.269251907345618102e+00
1.311251224828123174e+00
1.290798556255519314e+00
1.173248462877561016e+00
1.100599985206803133e+00
1.393338479629720572e+00
1.382148651209458290e+00
1.281477724114657324e+00
1.221429399061562338e+00
1.207002838238595332e+00
1.129149927459944802e+00
1.175973244291906417e+00
1.342239196447811755e+00
1.291220022688797098e+00
1.391425281810094283e+00
1.369762879345239437e+00
1.329313318736127236e+00
1.535729708451686326e+00
1.565483465681758446e+00
1.506128914875040081e+00
1.477592797709313066e+00
1.402280142755143677e+00
1.384633638425504021e+00
1.400783467853327968e+00
1.405010747313434116e+00
1.322920947179017759e+00
1.477167355582819752e+00
1.619678987104751000e+00
1.487351671390821251e+00
