2.132480599880017890e-07
4.514170920925618113e-01
5.859578150126476537e-01
6.086212254052880688e-01
7.170475971972527507e-01
9.688738464677065787e-01
9.369467470635050033e-01
9.269381095524595882e-01
9.380329120075072691e-01
1.015687368343646257e+00
1.215569568166895653e+00
1.153549283552859572e+00
1.091982542254995803e+00
1.327212645399004742e+00
1.373891152358216017e+00
1.439908245036022327e+00
1.595888943042003794e+00
1.627676432557492614e+00
1.522027647281647189e+00
1.376347855588285540e+00
1.420592395778005335e+00
1.366289142909536514e+00
1.344929189544892267e+00
1.547083393041397636e+00
1.404257297693597639e+00
1.456678190019685015e+00
1.762300740879496841e+00
1.517290526432600428e+00
1.335965825026089959e+00
1.379839007333743428e+00
1.453018249093381842e+00
1.515449932886415718e+00
1.324243219843121766e+00
1.583302886119406727e+00
1.750068017911840412e+00
1.616509330487700735e+00
1.434587549881306323e+00
1.552987680459148923e+00
1.588419625040854877e+00
1.438034996395839205e+00
1.332443991556500507e+00
1.361476492861114496e+00
1.411934040489116304e+00
1.571508265801319526e+00
1.948200366668301431e+00
1.817086607850112001e+00
1.879920926303271678e+00
1.960411888776865785e+00
2.037327724901591530e+00
2.011407910043170322e+00
1.864122944294298367e+00
1.960275538897669811e+00
1.993574182241004245e+00
1.954056180425671085e+00
2.099643463693927181e+00
2.143048422223157168e+00
2.162294263273716766e+00
2.176745878120557087e+00
2.106344300140117642e+00
2.114417563782816423e+00
1.808587678838782242e+00
1.924683233583539765e+00
2.113047859780146531e+00
2.100131298748900033e+00
1.940221827408697752e+00
2.054168381027305479e+00
2.339118836518019329e+00
2.382672925526596153e+00
2.417418835996196780e+00
2.120227286499315689e+00
2.307506808116552399e+00
2.373742399891121124e+00
2.428620586693989392e+00
2.512738469302424615e+00
2.617375098965131208e+00
2.491028127493304378e+00
2.650650687650186299e+00
2.614649766090873406e+00
2.505268728575776205e+00
2.698048937147496940e+00
2.963119589121264941e+00
2.962723591666890588e+00
2.803103248695687721e+00
2.920689528926801781e+00
2.957419797278058038e+00
2.946400019743430576e+00
2.970521531725787590e+00
2.670991581225019118e+00
2.639876396918408474e+00
2.446489291397750065e+00
2.414866245109744902e+00
2.328151400166488916e+00
2.251527516524521655e+00
2.206445977174435136e+00
2.220740931481652414e+00
2.491777937472947624e+00
2.363683207767163896e+00
2.191283026265344880e+00
2.351081660349767510e+00
2.338291747981664503e+00
