2.132480599880017890e-07
3.554710860010736329e-01
4.675926541600758379e-01
5.833267824885184361e-01
6.257672745635161071e-01
6.274973869971866014e-01
8.128238079074936451e-01
8.083459899566677320e-01
7.900779080316672198e-01
8.780257667503618135e-01
8.651230307618682502e-01
8.872243261345182930e-01
9.096738283140244352e-01
9.858419775904218030e-01
1.012103744533233485e+00
9.441743687750516756e-01
9.854668610458774403e-01
1.023794325000118022e+00
1.146574163867811746e+00
1.120282260274996222e+00
9.520026530743891380e-01
8.666780244916642006e-01
1.020243351076871363e+00
1.037129602125609340e+00
9.407401059069666616e-01
8.902548242442418491e-01
8.167098999911623913e-01
8.385984188442441312e-01
6.962427438096255861e-01
9.161352576037762319e-01
9.671206262466328640e-01
9.073003097475837997e-01
8.347169187884802000e-01
7.554775858926175980e-01
7.043478400923298688e-01
7.013596046285702768e-01
6.879223839990450395e-01
7.772501331196363106e-01
7.741321099719316035e-01
9.185415747031129285e-01
1.023201566943855445e+00
1.035444159016597476e+00
9.501750562734034844e-01
8.278830650256222556e-01
9.755548903576319875e-01
8.621617192724709833e-01
8.990549165547337962e-01
7.842754039950310396e-01
8.578753866210602208e-01
7.614830087314256035e-01
7.393284881715607160e-01
8.818316283272668032e-01
8.513196209696121119e-01
1.013835175876684369e+00
1.061860832559292422e+00
1.125866172241923202e+00
1.131944586244077344e+00
1.288153977722468202e+00
1.305317479826256122e+00
1.118878042233623971e+00
1.181905813779659642e+00
1.209989008967661261e+00
1.043258905937829883e+00
1.197913514915311728e+00
1.241446514699657611e+00
1.090399885488271270e+00
1.123235676398903093e+00
1.115286592600678750e+00
1.010018690368240657e+00
1.122329156443852005e+00
1.291129117711257379e+00
1.187645862758415882e+00
1.245503390795481113e+00
1.102276256849539005e+00
1.019528661991670138e+00
1.164495771974366267e+00
1.199627848822256704e+00
1.078490615862488955e+00
1.280327443376140906e+00
1.336389249404520863e+00
1.356907316021906285e+00
1.180817557604658896e+00
1.209983694415748712e+00
1.226670557601737155e+00
1.281843841495118319e+00
1.315840363842441185e+00
1.325407855240348098e+00
1.380205611149109002e+00
1.395430264211741767e+00
1.510821861941483712e+00
1.617977793438967860e+00
1.621481999554496900e+00
1.718038868211802850e+00
1.715374132839478705e+00
1.565095560824263154e+00
1.607602185909840387e+00
1.740230511495431287e+00
1.841482672799614750e+00
1.830649897498316303e+00
1.742686410886979731e+00
