1.507891492923917490e-07
3.667916604710274031e-01
5.259950626706098031e-01
6.486768289728173098e-01
5.666168968745433077e-01
7.019101283639894717e-01
6.257791256826005233e-01
7.018849335884448370e-01
7.246692837908070839e-01
9.694176188294252317e-01
8.843807503395179070e-01
9.804026241003953590e-01
1.015430690085189269e+00
1.092930677509414084e+00
9.766257677264367221e-01
1.090472358192700941e+00
1.129883376367874614e+00
1.074523812801240874e+00
1.154517795118197077e+00
8.570820633468183569e-01
1.045790335825220962e+00
1.004099899096409843e+00
1.099763120388520088e+00
1.026592052505639341e+00
1.286184117242538116e+00
1.245541354308694393e+00
1.289609653334538475e+00
1.214191992607893233e+00
1.082713430391652132e+00
1.062926547992889770e+00
1.098704347234885415e+00
9.273616421597065118e-01
1.236425051601888203e+00
1.020291608418662621e+00
1.031418808089087147e+00
9.301642892003536556e-01
7.173856279076827880e-01
8.040339708873889268e-01
8.007622745542273268e-01
7.902514705437113651e-01
8.841053295792941080e-01
8.281763402925539364e-01
7.953354293459967694e-01
8.259454527285338132e-01
7.892046449970759880e-01
9.084392739901272495e-01
1.016427231795193009e+00
1.073899465869008862e+00
1.189184355593216891e+00
1.271156213591925654e+00
1.223545824129843584e+00
1.427449886181783922e+00
1.411085717763501224e+00
1.523971002455008827e+00
1.503675115041622101e+00
1.310360133161512675e+00
1.284847450335844021e+00
1.594743708905275170e+00
1.687224089653273085e+00
1.708333181960304037e+00
1.757749770571120029e+00
1.625646038613069333e+00
1.736579190076120938e+00
1.751011853331513990e+00
1.753069280765604088e+00
1.747604740645083865e+00
1.951936105387462206e+00
2.149903303416368594e+00
1.934315321984382718e+00
1.896276082915108407e+00
1.972175615397549375e+00
1.836882610946643402e+00
1.911289647020908200e+00
1.568360465837520978e+00
1.636123935258442685e+00
1.720281775677447555e+00
1.441881427386326076e+00
1.456944912291319616e+00
1.595928377212405991e+00
1.409388376221601291e+00
1.136739734433678040e+00
1.082014077175063038e+00
1.147913062852188748e+00
1.121914683014463288e+00
1.103996587566791643e+00
1.328306769587827008e+00
1.379568716063224620e+00
1.278984148621136185e+00
1.133026962361542322e+00
1.058459484525571703e+00
1.224382011788990088e+00
1.190462510717324118e+00
1.102121896854356242e+00
1.066037618130570408e+00
1.193746748001320634e+00
1.378036883510574517e+00
1.274905932133139519e+00
1.249392662011119537e+00
1.576291453106300144e+00
1.359988228097500640e+00
