3.015782985847834980e-07
4.319426367259300847e-01
6.832584326601163216e-01
7.333079067669662221e-01
9.331318977110421020e-01
7.852219300636197330e-01
9.038714756797482375e-01
1.041120025640568381e+00
9.791172150104222593e-01
8.837462969571519000e-01
7.222121840476142252e-01
7.611906176121139289e-01
7.842023190327197524e-01
8.727746216387767264e-01
7.921816616004206946e-01
8.398668782571944158e-01
9.195116447867274223e-01
7.636086234518252303e-01
1.048895500043357076e+00
1.086691888434287545e+00
1.052597304044849746e+00
1.133397703308606452e+00
1.145400281484453053e+00
1.158033788703638267e+00
1.340619732367759331e+00
1.162912753309629732e+00
1.297885517909753039e+00
1.024976882043136417e+00
1.301075318256838864e+00
1.301868325022476514e+00
1.234939949891419086e+00
1.030141091625621286e+00
1.060222273701848961e+00
1.009168819254673943e+00
9.473818223698929897e-01
1.118760715815239282e+00
1.066227029766512180e+00
1.046475617184435603e+00
1.045085624287976689e+00
1.168324357704348948e+00
9.863714342945525404e-01
1.210199263142078374e+00
1.272171740172462151e+00
1.258836227286004084e+00
1.380687553847952165e+00
1.246200172278384422e+00
1.251968309556055203e+00
1.214790084609957299e+00
1.125031640683742618e+00
1.100378007465166341e+00
1.174422623917039443e+00
1.094659668375084438e+00
1.360321468984578397e+00
1.264785503186113713e+00
1.217803264958673637e+00
1.236139223890614147e+00
1.334153076309801067e+00
1.156658853756853400e+00
1.229515935681848582e+00
1.221716637061467603e+00
1.247299356748366339e+00
1.290756948944505877e+00
1.308470986217028953e+00
1.291597845064459849e+00
1.282721206687286175e+00
1.246398411951557650e+00
1.313691250117305032e+00
1.354218140597801545e+00
1.447478826062805313e+00
1.296851749913663809e+00
1.389270636918433999e+00
1.396635454539890908e+00
1.297346259868265461e+00
1.190188810225400795e+00
1.311069148333643186e+00
1.181137475435563688e+00
1.177122535039817786e+00
1.310683060367342723e+00
1.313724877987208828e+00
1.504955560925840929e+00
1.375606826261533744e+00
1.372141436736804554e+00
1.374860290913433980e+00
1.341931408287508010e+00
1.168249668583826839e+00
1.238196577432321366e+00
1.087224258824696976e+00
1.235894200165726264e+00
1.301082972386057524e+00
1.340940329599808356e+00
1.233135482273165051e+00
1.416398049936600456e+00
1.386696553478606653e+00
1.372990235444570217e+00
1.319667147281380792e+00
1.128174307745866356e+00
1.099838849971920718e+00
1.105632234430381944e+00
8.545557056394065265e-01
1.189581082530704492e+00
