1.507891492923917490e-07
4.331086923297921554e-01
6.317728762943879417e-01
8.127882693202220787e-01
9.288869265493080452e-01
8.284920817735158538e-01
9.665948113176380252e-01
8.909684530274653014e-01
1.009460242560969334e+00
9.315766194618684271e-01
9.972810875595607971e-01
1.124386159745811131e+00
1.099428575194425717e+00
9.697783576525048632e-01
1.021587933335232456e+00
1.242056431677660777e+00
1.468171870471278062e+00
1.431228586855983309e+00
1.285755349865837394e+00
1.166873264811582489e+00
1.188937874602127742e+00
1.439980248167981314e+00
1.669135979985949980e+00
1.751995085497464633e+00
1.687896725402220133e+00
1.560100146592213077e+00
1.649935007159758493e+00
1.630482529906026823e+00
1.690412536767960772e+00
1.547010181060286982e+00
1.681733470766504368e+00
1.480107126093107350e+00
1.546239831700673140e+00
1.474228561220841893e+00
1.551503929187891595e+00
1.541046702162704563e+00
1.536497626103381364e+00
1.366206568791492826e+00
1.430327147906772733e+00
1.332107326841131867e+00
1.322917329815062493e+00
1.544808270733960764e+00
1.595086973036706324e+00
1.741953846782218651e+00
1.616312464848948860e+00
1.681295154861569774e+00
1.593547592972424320e+00
1.622109619838971950e+00
1.605738881919926087e+00
1.430644900851226087e+00
1.418430936895399341e+00
1.317210177749021938e+00
1.352328808086090017e+00
1.303818950236386609e+00
1.318597262476731480e+00
1.260256961351485128e+00
1.500761438707614248e+00
1.448911268641960737e+00
1.484763060423808234e+00
1.485264583601573429e+00
1.411405667753745430e+00
1.468056380750275114e+00
1.415768364774818711e+00
1.519368900382082277e+00
1.582188785933760888e+00
1.556218102536606640e+00
1.720403178886731776e+00
1.785376641147522703e+00
1.824005579934744103e+00
1.943430873940043213e+00
1.959302687054394587e+00
2.030663687710632104e+00
1.964172323925683417e+00
1.920293776149062825e+00
1.877819156288456970e+00
1.866727967328398519e+00
1.936484758388827609e+00
1.826597263035711682e+00
1.816199206764637974e+00
1.902049563498462215e+00
1.863938300007580873e+00
2.191565022752949066e+00
2.088753563366197774e+00
2.103738044115755823e+00
2.139251071773882185e+00
2.118603912935827616e+00
1.905353122581532554e+00
1.853511038096803620e+00
1.603897776614288118e+00
1.468843112528028128e+00
1.791173427982404531e+00
1.843389475841102243e+00
1.695444585260005521e+00
1.710243233282768838e+00
1.672847723293719113e+00
1.614637819924173989e+00
1.754473169464114912e+00
1.477330675092922929e+00
1.562818149132799483e+00
1.658828064263891955e+00
