3.015782985847834980e-07
6.215399476090687214e-01
5.842601146221224617e-01
5.096716190306338490e-01
5.091371275674452246e-01
6.574795969611321178e-01
7.258541036608875396e-01
8.984818729713746066e-01
9.138595603233297116e-01
1.032468655961898074e+00
9.258368921294057863e-01
1.106145241937951829e+00
1.307808834886805105e+00
1.451717509875464440e+00
1.409927480882204209e+00
1.521579175934569816e+00
1.510675786183871550e+00
1.516889069396957890e+00
1.519308296080950305e+00
1.597341683440629767e+00
1.595904978541312857e+00
1.549704006358346486e+00
1.587407127960549724e+00
1.465961812224888972e+00
1.365855366869217269e+00
1.410630025424678857e+00
1.421004674139155988e+00
1.348020551905062536e+00
1.546881967446170458e+00
1.566891547972857124e+00
1.402116523472009435e+00
1.411508847258448052e+00
1.575788671513180361e+00
1.354822425623904536e+00
1.416007374378596584e+00
1.464291575143245261e+00
1.539261114985128742e+00
1.587794944626480076e+00
1.572657107278318644e+00
1.678614417159860484e+00
1.525380060148955552e+00
1.622137914572655104e+00
1.735938003446064970e+00
1.569311399701988519e+00
1.519253582864312335e+00
1.486573717762179836e+00
1.516935090879176107e+00
1.409101178082065919e+00
1.432704748037298970e+00
1.450433980653900390e+00
1.436930791245738526e+00
1.578360293863220631e+00
1.513127832276390805e+00
1.462551822038080651e+00
1.651284080491564499e+00
1.567815568714070906e+00
1.669681581341885490e+00
1.447298286002955736e+00
1.778833599199012960e+00
1.933517615274049861e+00
1.925053835200164487e+00
1.834150745734517418e+00
1.968248175578642511e+00
1.787612081499953653e+00
2.063952472473596256e+00
1.994882940969671337e+00
2.242304237771739039e+00
1.961480747502881261e+00
2.213024352340986489e+00
2.438788374820490379e+00
2.447577491386699666e+00
2.579365799382480784e+00
2.674381841616364053e+00
2.606019253476106634e+00
2.587215825875832209e+00
2.461309713981184366e+00
2.525381247605861024e+00
2.444922424106681369e+00
2.179996068225646511e+00
2.099527754362495280e+00
2.180376950691831794e+00
2.444223800875481079e+00
2.530667126862513605e+00
2.618794870385659390e+00
2.542825885758600357e+00
2.562412563738729165e+00
2.565050503709640051e+00
2.595737638860404317e+00
2.522074249472831653e+00
2.572971300346595047e+00
2.511526534264467703e+00
2.527019992670383797e+00
2.567558549209969510e+00
2.459858269788385954e+00
2.512702962313960953e+00
2.396685426667819918e+00
2.429395059681453972e+00
2.336439557911543563e+00
2.230216584938451430e+00
2.261846581596930861e+00
