0.000000000000000000e+00
4.507152958629437323e-01
4.685537308507152776e-01
4.190625311361280692e-01
5.894416290288462257e-01
6.814935583951449161e-01
6.363536330358969817e-01
7.069468879496427771e-01
7.285727351895717741e-01
8.623208259314918411e-01
8.418853758104166696e-01
9.631575444669751018e-01
1.028986268582043895e+00
1.077238823728301709e+00
1.283124895752624450e+00
1.149232868945665675e+00
1.180309656940200735e+00
1.434182962732998723e+00
1.254618150810300703e+00
1.261949230181099280e+00
1.089365609850788674e+00
9.769893579470959599e-01
1.034234895924998510e+00
1.230607741060691929e+00
1.273273605598707503e+00
1.259337273560857007e+00
1.321946375054056766e+00
1.296385391147341526e+00
1.409102562516059809e+00
1.310691948985946986e+00
1.428883605134419144e+00
1.348647655544788826e+00
1.293322883157846714e+00
1.386243070085269036e+00
1.356120271137584155e+00
1.259271390877972463e+00
1.155995085133125100e+00
1.357228626813510308e+00
1.411536233906388382e+00
1.451272050322776286e+00
1.694285639669325327e+00
1.653200217057256394e+00
1.612276862329383720e+00
1.586502508548890411e+00
1.470052697396531549e+00
1.449100777800977236e+00
1.751388697989309184e+00
1.713329585351790474e+00
1.546578919672665586e+00
1.656250781543329609e+00
1.485003465788941046e+00
1.634720862015227816e+00
1.502710146407370440e+00
1.712758285803923197e+00
1.695755326673950014e+00
1.855662604501955748e+00
1.817483165026308578e+00
2.014288701215178889e+00
2.212422697599970345e+00
2.093947953439244003e+00
2.196962251845426373e+00
1.921586961803071203e+00
2.110726022456399953e+00
2.158478089674386258e+00
2.016951890362708610e+00
2.126499467873870675e+00
2.099058015964740953e+00
1.849628188158961795e+00
2.041907177461136591e+00
2.002154047948565108e+00
1.827735332476911889e+00
1.934915585308909725e+00
1.855085845106098752e+00
1.975627252361789932e+00
1.861904344079770679e+00
1.838804401130706090e+00
1.717796757371519378e+00
1.662614112131220123e+00
1.816047522066646325e+00
1.684078671465890409e+00
1.771615499671931770e+00
1.917455142206192065e+00
1.843175563154294316e+00
1.944757820564318562e+00
1.726378357649059669e+00
1.774987465075855031e+00
1.729067967650316229e+00
1.747175641522479506e+00
1.709255666178105537e+00
1.643568260524859603e+00
1.874873183401974508e+00
1.865080372282247101e+00
1.605948670998443406e+00
1.852416908663549799e+00
1.833023870856898663e+00
1.623184901559292515e+00
1.676604545993895856e+00
1.545607607891601898e+00
1.745873327082718474e+00
1.951701060575646629e+00
