2.132480599880017890e-07
5.738505313450831258e-01
7.935659154663522452e-01
7.804899936470414135e-01
8.317317236865278129e-01
9.386263572927479037e-01
9.176459981295153057e-01
9.291676690783460257e-01
9.923724276966642277e-01
9.128595030873248861e-01
9.972703300256962056e-01
1.186414659152894790e+00
1.090604237301864288e+00
8.999015599191191317e-01
9.674227059329322254e-01
1.045311059788448960e+00
1.103972567068129074e+00
1.136524178428229170e+00
1.166769129761743740e+00
1.278297070882325803e+00
1.113516545688921777e+00
1.192277252356989337e+00
1.200305471984038919e+00
1.265365340078602241e+00
1.115728688339926222e+00
1.303132604357475799e+00
1.417736273353937371e+00
1.307493809570719367e+00
1.356184824276300382e+00
1.436584263163805941e+00
1.438728159150515440e+00
1.493989531223938405e+00
1.636747565968556639e+00
1.759792872294490440e+00
1.678575077014139660e+00
1.735527050648837166e+00
1.619396620767836081e+00
1.581485026360072377e+00
1.533568609707255614e+00
1.479165935164372003e+00
1.578596349620205119e+00
1.544818003444358601e+00
1.466178948740755272e+00
1.396560215217603984e+00
1.475153945726366045e+00
1.505872385143952386e+00
1.426318498385770628e+00
1.593350944684178927e+00
1.423690021752279211e+00
1.413796937560678479e+00
1.455460097109334328e+00
1.519951425025131142e+00
1.682143035978966417e+00
1.650312424148853374e+00
1.947331682578213874e+00
1.933908823624282292e+00
1.887356549275435169e+00
1.907184814084261104e+00
1.960804724038429203e+00
1.639285783106036565e+00
1.876230522474669149e+00
1.973048877579127280e+00
1.979223457463607838e+00
2.084661308152996995e+00
1.892699165097663450e+00
1.954848362911715487e+00
1.952799443181905792e+00
2.183939458839496250e+00
2.032552740259389257e+00
2.291155694328087744e+00
2.171150245398066225e+00
1.981947730149610232e+00
2.094116095067602767e+00
2.149148245408859292e+00
2.288903787863937112e+00
2.004075489685426703e+00
2.092542808086861328e+00
2.077488348184219902e+00
2.031964679207669988e+00
2.092930006440345547e+00
2.128150881615956891e+00
2.107589918166661747e+00
2.176869097082045457e+00
2.013620206177165528e+00
2.109792026588733993e+00
2.203776669025828028e+00
2.127260493278428477e+00
2.220985064060549075e+00
2.024258761252933247e+00
2.008118723772394532e+00
1.954457395229603378e+00
1.969782767255091604e+00
1.980158165819636773e+00
2.012799436116035512e+00
2.110268948482257212e+00
2.105297853710160982e+00
1.972152823020403511e+00
1.995323827844185605e+00
2.116410630003969562e+00
2.106841909075850339e+00
