5.642013342952361972e-07
5.801516884319011247e-01
7.739599219385722151e-01
9.945870852864195921e-01
1.086719374026498652e+00
1.249647358794220064e+00
1.346692386487858828e+00
1.621475934183426615e+00
1.523680331508734165e+00
1.676709801964880286e+00
1.749999004877596187e+00
1.713926413830369588e+00
1.876390488537360124e+00
1.649584327899948244e+00
1.872897739212579404e+00
1.642636774104364372e+00
1.719726065150390282e+00
1.865920976104398887e+00
1.998643330545511354e+00
1.928557256859248836e+00
1.723941623242002397e+00
1.910188534132357674e+00
1.759819350850541975e+00
1.733552938971178570e+00
1.598475235510180559e+00
1.955102644488952324e+00
1.932657775221129803e+00
2.099726667168944516e+00
1.975222975669538528e+00
1.675271681046663463e+00
1.871878965368736436e+00
1.837423834986822602e+00
1.765280378740079259e+00
1.843893400953484196e+00
1.802997992376274672e+00
1.936988980571759722e+00
2.188315334457220374e+00
2.207149121741657893e+00
2.392889689998194847e+00
2.555045071583626370e+00
2.502516225480038603e+00
2.566502603777186753e+00
2.772193183779348313e+00
2.818120465460065560e+00
2.715896071820280255e+00
2.571745027316446830e+00
2.538375198905217456e+00
2.550521147549543954e+00
2.584769742005622373e+00
2.578226249589295360e+00
2.552557652780536479e+00
2.506465970405757027e+00
2.486079641919541228e+00
2.416744552669555457e+00
2.465687963396917759e+00
2.348708775268106841e+00
2.288606188163558652e+00
2.347940132780091727e+00
2.232047876793409991e+00
2.321822370940526792e+00
2.450400971972981345e+00
2.358844548188449242e+00
2.436058926361472921e+00
2.491382766939976179e+00
2.479110912450486648e+00
2.676377186426529775e+00
2.861184229479082131e+00
3.080005882476275048e+00
2.921780372960175232e+00
2.838252483486331634e+00
2.753488781961523912e+00
3.121247547667074240e+00
3.084899028773355312e+00
3.126707287910207356e+00
3.194947555417902318e+00
3.082234899653292004e+00
2.939959064126218991e+00
3.222527044410981034e+00
3.139131852886494212e+00
3.138275835248761414e+00
2.953772425345370323e+00
2.740146361301030620e+00
2.511038204916345329e+00
2.547323825584305368e+00
2.706751176371874568e+00
2.719574784675613088e+00
2.407216764750577109e+00
2.317885594862914456e+00
2.296820906629752912e+00
2.469195223431075004e+00
2.433574609586762527e+00
2.437262096606366946e+00
2.490583345495397616e+00
2.319811358181333993e+00
2.690361548433401584e+00
2.638900559327954198e+00
2.455045523832382504e+00
2.429284224504689949e+00
2.548580016279491822e+00
2.419809469748655850e+00
