0.000000000000000000e+00
4.891439724646828857e-01
4.104669713823447252e-01
4.026460940321630044e-01
5.086921230922173409e-01
5.001965085878474770e-01
4.025933773526522153e-01
5.843439646351971106e-01
6.677527807023169171e-01
5.749251535155844861e-01
6.345954295702089798e-01
5.264950181195326984e-01
5.756095270124718111e-01
4.641963843177081550e-01
5.820785983240357453e-01
7.087634338186301619e-01
7.475464336747251748e-01
8.860617748360437584e-01
7.999136825041106569e-01
8.425011125089842956e-01
8.641839280938519163e-01
8.442693485162295897e-01
9.550946835093424570e-01
8.177978301437404118e-01
9.265584126700093792e-01
8.979228317507478296e-01
9.662817172001841870e-01
1.072854053559429532e+00
1.130112136361797859e+00
1.162431880438395959e+00
1.091174866804827337e+00
1.041157819543344631e+00
1.154587397428017859e+00
1.162645545461884700e+00
1.152155410221653131e+00
8.148665118480965530e-01
8.563605212907057229e-01
9.048852311865799303e-01
8.255889488519074781e-01
8.527557147125401915e-01
6.506294098116645053e-01
8.429277175045392090e-01
1.015487156628348764e+00
1.014200402755814689e+00
1.124708063259966639e+00
1.113217200066794366e+00
1.122577000079327814e+00
1.141799503414687056e+00
1.293597347632578831e+00
1.203966556512957808e+00
1.074610697422500483e+00
1.139619149901595074e+00
9.462176732814462365e-01
9.291743074021197035e-01
7.482120022084363109e-01
8.631808486463421470e-01
1.110662264363806884e+00
9.014547244207659071e-01
8.128759912070853133e-01
8.149172933043616895e-01
6.316480250734995971e-01
8.337366458798791680e-01
8.977972940136833557e-01
8.454872575216627606e-01
9.244218338846049710e-01
1.060321739039798539e+00
9.904440370672902283e-01
1.019010086417371008e+00
9.888081392052646690e-01
8.861849111113032640e-01
8.438951563474840212e-01
8.441206411540411736e-01
9.632911800072438968e-01
9.972958997418245319e-01
1.159091716125245197e+00
9.139433469259445886e-01
1.189057744263915639e+00
7.187995705168105376e-01
8.347925736042491884e-01
8.218847482142138672e-01
1.034608997595626967e+00
1.097377991666198316e+00
9.690682636080771850e-01
1.076789843928865231e+00
1.307339793225294367e+00
1.290108536363005376e+00
1.117696266128149762e+00
1.185051275223464984e+00
1.125977772408696564e+00
1.113890008441852597e+00
9.164031850066441942e-01
1.037372817543532388e+00
9.757088297322318304e-01
9.534431580922069216e-01
9.830972778460103090e-01
1.051681057271654174e+00
1.044748921547166587e+00
1.102230429884532237e+00
1.229627183601122553e+00
1.117677740829301491e+00
