5.642013342952361972e-07
3.733760417143641708e-01
6.990358141808780124e-01
8.644259709169421768e-01
7.659861820433324642e-01
7.868594627110625517e-01
6.726647466412088994e-01
6.973226179332417951e-01
8.160573136996187582e-01
8.590932402912105914e-01
1.071341665634107931e+00
1.231327775304785987e+00
1.229039503837320968e+00
1.352376282668823704e+00
1.315510010665839502e+00
1.240730088418692700e+00
1.249668500774553825e+00
1.158688552122759896e+00
1.167636034881393670e+00
1.426963750442515000e+00
1.491647592705398040e+00
1.425954378483207607e+00
1.555783570234154700e+00
1.530262392390721482e+00
1.553640367142182122e+00
1.576586852114962634e+00
1.506696268626877888e+00
1.754687472152405059e+00
1.649272564059266921e+00
1.783232589172236260e+00
1.861186722630739476e+00
1.987158911311772691e+00
2.073503368426712345e+00
2.133724639386459732e+00
2.044898819578536031e+00
1.971306156915462848e+00
1.866973313040872995e+00
1.833747253151979395e+00
1.733676710523666120e+00
1.916771137628670019e+00
1.753062968060754789e+00
1.890984158494367184e+00
1.664320094138463491e+00
1.607190337623285448e+00
1.641050451285450684e+00
1.557772307262760725e+00
1.859803914992405049e+00
1.955190820035053179e+00
1.799942453168785317e+00
1.676730291970412789e+00
1.951039040642413847e+00
1.944020967476277617e+00
2.112988229550956110e+00
2.060415368214631116e+00
2.257663561725114842e+00
2.235171359583925543e+00
2.259000150414067321e+00
2.117608894141368214e+00
2.091769680193480418e+00
2.202692264167419811e+00
2.176329281448739827e+00
2.163633703936921115e+00
2.217454018221261869e+00
2.312167213151158141e+00
2.404192681860564118e+00
2.362208576396086279e+00
2.267716581361397754e+00
2.362638307539278948e+00
2.347281710699597568e+00
2.281241657963790637e+00
2.251205048673697640e+00
2.221441043348784117e+00
2.411348243972816441e+00
2.541751409770323988e+00
2.704624206306844414e+00
2.649374658176281816e+00
2.854961836514653850e+00
2.838850501708674479e+00
2.835046793806779153e+00
2.713719129735596702e+00
2.895285887673010539e+00
2.694696326366237571e+00
2.978115673463320512e+00
2.862617659982239271e+00
2.847540999667582895e+00
3.033070016949264591e+00
3.149509866803057445e+00
2.998582402608489073e+00
3.195617749215531767e+00
3.134073442616636562e+00
2.958874740749011245e+00
2.907480371921167261e+00
2.812522711271848497e+00
2.582298373490380161e+00
2.718597755502048852e+00
2.568495047297810085e+00
2.573337343325816651e+00
2.657079758853405860e+00
2.725101836207280304e+00
2.770770019847893284e+00
