4.768371582031250000e-07
4.008140836951736286e-01
5.166961292906578906e-01
6.992404119397859219e-01
6.216874339079577760e-01
6.773771805442443394e-01
6.649220695613149434e-01
9.009275076689233774e-01
8.783424116296132400e-01
7.893567937427189429e-01
6.735892438324594389e-01
7.092541851178046919e-01
7.718399067164717353e-01
1.002687736196601787e+00
1.073969894973238359e+00
1.191618841266053774e+00
1.217529814782869257e+00
1.472293532387620729e+00
1.473301294576085496e+00
1.284536753594061054e+00
1.481448697219523991e+00
1.457374685524959412e+00
1.731720978966591495e+00
1.891388843604444592e+00
1.823950009189399868e+00
2.009788119206598278e+00
2.059820881961603067e+00
2.068238134642281345e+00
1.927620920009052830e+00
1.926511135869438007e+00
2.261489385673532748e+00
1.855742878969302456e+00
2.012252604035326353e+00
2.006683775315415641e+00
1.903254641368413935e+00
2.293365824199794734e+00
2.191584395076613401e+00
2.207295806813320382e+00
2.364045642681388060e+00
2.561607074505943604e+00
2.692224483760506715e+00
2.683616066141456979e+00
2.626592941419044092e+00
2.663359804788290042e+00
2.842744715170420378e+00
2.784689192169660377e+00
2.983746317592470554e+00
2.958946432717019182e+00
3.297414218525705820e+00
3.031345574141199428e+00
3.147955292089227086e+00
2.963823452800421698e+00
2.855572468482009185e+00
2.799825921044959642e+00
2.829580357384927414e+00
2.762776193780211109e+00
2.711074730127625898e+00
2.565153591590974447e+00
2.634571263477935243e+00
2.680301718900865104e+00
2.673084035632355526e+00
2.720378698065238243e+00
2.758236358188641102e+00
2.851774023962553972e+00
3.155056457793954383e+00
3.130939403658917097e+00
2.921179346746439531e+00
3.059417884494604944e+00
3.027749710320070786e+00
2.954070755017637051e+00
2.862641880379308112e+00
2.619378475384085192e+00
2.838166266603550092e+00
2.986447248958697731e+00
3.015234781697222033e+00
3.333117390570884631e+00
3.288936535882137413e+00
3.206641083966698336e+00
3.178789929132579850e+00
3.150966246066025711e+00
3.174515341757980114e+00
2.896828750948681641e+00
2.936790875773472198e+00
2.877226975152090915e+00
2.946590084859146419e+00
2.786504485584783808e+00
2.793590403345148854e+00
2.909606004963870340e+00
2.729263531610660820e+00
2.727568038460682853e+00
2.575110807249077816e+00
2.779563317676370993e+00
2.705428565010523645e+00
2.697964518572773862e+00
2.746422075442232824e+00
2.735847303774023409e+00
2.725124218740309523e+00
2.595608767471866862e+00
2.596605561437989707e+00
2.741763264634458075e+00
