0.000000000000000000e+00
5.175975887012753685e-01
4.823109033885126795e-01
6.677283968910474599e-01
8.396907484840701041e-01
9.224527433378505448e-01
9.299336659893867596e-01
1.104358391154173891e+00
1.137109927298983303e+00
1.149094121114544675e+00
1.012616496463472071e+00
1.134434911796751377e+00
1.128410286955302322e+00
1.033063934614864232e+00
1.105424511985971581e+00
1.222636045420694817e+00
1.100894707147469953e+00
1.068488399891344143e+00
1.146284439444001269e+00
1.189980683734841005e+00
1.144828835564016378e+00
1.032126263847739089e+00
1.171401989953228640e+00
9.937122573023940975e-01
1.244099050562186504e+00
1.328979936917608073e+00
1.498310397992583365e+00
1.411004258897989860e+00
1.376715200912493664e+00
1.268939269935894565e+00
1.326403502362095033e+00
1.554427547479795280e+00
1.489683008374298012e+00
1.650853632301467533e+00
1.715824174763638243e+00
1.716257662901853775e+00
1.581775052458499919e+00
1.442728490816025833e+00
1.331662331554563705e+00
1.127957087303569139e+00
1.119094800546095225e+00
1.167356162384842078e+00
1.429710595909176929e+00
1.415393813686602220e+00
1.288380421034497791e+00
1.267452386393983277e+00
1.172850714433576691e+00
1.243150968508821119e+00
1.373446809047345951e+00
1.556260542173103723e+00
1.398604621334528675e+00
1.376928851455421210e+00
1.507098137491009737e+00
1.531507490819000505e+00
1.463248185642336496e+00
1.478565569397328749e+00
1.555181679047434873e+00
1.511056399635743563e+00
1.519017156102353994e+00
1.447348089660027259e+00
1.682593009260359151e+00
1.716107406269455682e+00
1.743228266819742744e+00
1.944881740088850508e+00
2.054764720833758052e+00
1.984543866924624034e+00
1.910900391528347120e+00
1.937475061752997219e+00
1.919879822142424697e+00
1.830232297465762326e+00
2.077031770755237261e+00
1.903768876960638901e+00
1.792010792324891799e+00
1.853482976075405020e+00
1.735376620701368999e+00
1.664012664856864943e+00
1.692865139474766467e+00
1.825461451471716900e+00
1.543062069808176506e+00
1.572431011711677540e+00
1.578926114484934029e+00
1.457308754809268914e+00
1.514299492243520229e+00
1.477823673854100406e+00
1.502712844902506895e+00
1.428633410210171872e+00
1.294846416731604943e+00
1.461453143064025184e+00
1.600253279060148914e+00
1.661902598603796966e+00
1.690905907468164271e+00
1.606286524954022799e+00
1.587764354833440139e+00
1.571211934365658536e+00
1.833314837068992009e+00
1.704991984644592895e+00
1.813473369288697956e+00
1.791991240696189536e+00
1.808881670098185124e+00
1.848534372454055053e+00
