1.507891492923917490e-07
5.643219251768123446e-01
7.208800991749314546e-01
7.457632964558346123e-01
8.466275018070266167e-01
1.082645055492359454e+00
9.650181114888892742e-01
9.680561033085247624e-01
1.061673389357266961e+00
1.081252419550351007e+00
1.078474091075761088e+00
1.122980158687022723e+00
1.094698821134947098e+00
1.164372638092075807e+00
1.017651657256797071e+00
1.165476328316183308e+00
1.059918580597850379e+00
1.019486694899419676e+00
1.227365597426939958e+00
1.268547769712990769e+00
1.301024925041827984e+00
1.287496541333623012e+00
1.510482787725439646e+00
1.482204894913738746e+00
1.507379520688548524e+00
1.603389440922551756e+00
1.493179608168411221e+00
1.465639147208128490e+00
1.447498855670019235e+00
1.541398107496350312e+00
1.542051628396534424e+00
1.625505850177705547e+00
1.514182145230188681e+00
1.562649249991711287e+00
1.601818283137828924e+00
1.526567455898890424e+00
1.612495369390668731e+00
1.565340285482742511e+00
1.507582299918327706e+00
1.408171671683297710e+00
1.500058909162802490e+00
1.377137865339263856e+00
1.241666245878506603e+00
1.158106017283342615e+00
1.068041461181736596e+00
1.185836855504505127e+00
1.179066837011113922e+00
1.075467951922590482e+00
1.058002880808788460e+00
8.705509703988314474e-01
9.602333114033895223e-01
1.019256519364854841e+00
1.012305635019433048e+00
1.140934117932005609e+00
1.252946100414243036e+00
1.132447451108758996e+00
1.279072255453235440e+00
1.255669416468362165e+00
1.388121255038059498e+00
1.468805136845303005e+00
1.208579303286347661e+00
1.367177126102655960e+00
1.262725863116885838e+00
1.322434027788887745e+00
1.322889610148166195e+00
1.330015870028825375e+00
1.422202840724102746e+00
1.585305111502581576e+00
1.468764244094142857e+00
1.649354088033668120e+00
1.478357632540058031e+00
1.541202658936591252e+00
1.431663152039445164e+00
1.685261875726452141e+00
1.709267752856244327e+00
1.810607165375760497e+00
1.873174835378253578e+00
1.977654188483678910e+00
1.909032644210581608e+00
1.984125344906771282e+00
1.988999366931590185e+00
2.116624954066335107e+00
2.102993204169798069e+00
1.997603710816348466e+00
1.925152724313569541e+00
1.772131377457222268e+00
1.831730390015548604e+00
1.895964541189677721e+00
1.718349057716476613e+00
1.665268439347571183e+00
1.846443988302903572e+00
1.838215806883527925e+00
2.023297253420555997e+00
2.147850530501730137e+00
1.931569171819639053e+00
1.981289073217121555e+00
1.919694961368312081e+00
1.887716617930209839e+00
1.912800892805177844e+00
1.880268243484955581e+00
