8.529922399520071558e-07
4.391826864661725893e-01
6.543600605584900531e-01
6.689331041093409258e-01
8.762288333180556776e-01
8.587790231456229328e-01
1.084029295398618364e+00
9.819070805944618563e-01
1.077985481785094235e+00
1.167810384418441982e+00
1.279616785432090564e+00
1.439058342090625331e+00
1.575140732789566123e+00
1.603504105203840790e+00
1.539062440598253589e+00
1.572139208705389146e+00
1.601162300269809879e+00
1.569869514040186154e+00
1.449911908106696456e+00
1.665835020415939116e+00
1.600480820378281877e+00
1.544130824416263481e+00
1.622224293593879096e+00
1.886874714246205897e+00
1.526127932272622001e+00
1.719812752330953431e+00
1.458183979606499925e+00
1.700944676510433684e+00
1.902395173638559367e+00
1.808295084624847116e+00
1.982424600023745320e+00
1.963375277813306008e+00
2.029754687356244869e+00
2.131758143800426719e+00
2.174894985790106983e+00
2.380776738319792862e+00
2.314446178097049778e+00
2.333616477457753469e+00
2.271049522707853097e+00
2.171002702156451747e+00
2.464338886722392097e+00
2.478755251786179503e+00
2.259271235067350503e+00
2.044236480747051665e+00
2.174933817330952479e+00
2.310079785421021992e+00
2.409838515895510902e+00
2.591820486509214483e+00
2.543600924923154150e+00
2.515359535698785454e+00
2.182548932364755334e+00
2.402201037390806704e+00
2.540704633824294234e+00
2.456294119153426880e+00
2.475389065101085695e+00
2.568170386140129491e+00
2.393769163527685429e+00
2.421119177000823353e+00
2.236168606628778921e+00
2.626468215631811098e+00
2.640504839120828340e+00
2.797103332849120605e+00
2.845469195981621624e+00
2.815935833458457438e+00
2.698139984678087355e+00
2.694325774946690011e+00
2.491973980755640472e+00
2.464300736980174822e+00
2.581175038878709138e+00
2.749343562138348851e+00
2.581043057920185735e+00
2.598531534026293333e+00
2.616340377314383847e+00
2.667497680528847503e+00
2.780457397278415677e+00
2.947540740470773191e+00
3.021799024595309913e+00
2.984150593119602846e+00
3.021421558634074245e+00
3.256499183380872076e+00
3.515536113444321931e+00
3.550641512147438394e+00
3.549886668333301909e+00
3.471788107909848708e+00
3.204184473423287383e+00
3.188593122990250439e+00
2.863129098268088146e+00
2.660474565650439160e+00
2.597526979209725528e+00
2.652820142468694353e+00
2.934568308959712990e+00
2.862482397501914910e+00
2.719502928358325633e+00
2.868239277935666021e+00
3.032770311894673387e+00
3.115831129071668038e+00
3.155747617332413046e+00
3.156320164272148343e+00
3.140898402212170204e+00
3.133650262854978052e+00
