1.507891492923917490e-07
4.449927895886153228e-01
6.386098376629143480e-01
7.133310762705363794e-01
7.470692367687551405e-01
7.395224228620577156e-01
8.130765802642813123e-01
7.080557573541694794e-01
5.435004743073543754e-01
8.850647152091393188e-01
9.741644876319764945e-01
1.109903528498208614e+00
1.075878078357057621e+00
1.201489638478268729e+00
1.098579724175221983e+00
9.024013074156879144e-01
1.029564966552165561e+00
7.273886087915464316e-01
8.020945096948489672e-01
1.048091801688525448e+00
1.414896958419859407e+00
1.368345862712688987e+00
1.242622016132417739e+00
1.227892645646819325e+00
1.277549092636889316e+00
1.414572818341490290e+00
1.384023618186438709e+00
1.536331516627702509e+00
1.478099582875983753e+00
1.510350234044484541e+00
1.670635847755582715e+00
1.728997614301542640e+00
1.596835937978923425e+00
1.618338663767727947e+00
1.358595944165297498e+00
1.465933132505683689e+00
1.526516636293180795e+00
1.814989867275178304e+00
1.820335695845171964e+00
1.556334270562597100e+00
1.526497857142178116e+00
1.344844819144874082e+00
1.520374608703150665e+00
1.522623460832238873e+00
1.449153502813370409e+00
1.568645601729627082e+00
1.410332641522493269e+00
1.261018553490773186e+00
1.525066449841554483e+00
1.626544058330992248e+00
1.604956720332039177e+00
1.876648977778255789e+00
1.672924404418887789e+00
1.650741667921076683e+00
1.612907214726291283e+00
1.765387117549196416e+00
1.832853942272143488e+00
1.852282106213605894e+00
1.992691346181668655e+00
1.846495516151431371e+00
1.945045153922243086e+00
1.650762138835218940e+00
1.902957901773925986e+00
1.733602034463625374e+00
1.810018224460685277e+00
1.628287598520068880e+00
1.508808004623494847e+00
1.636624146799579016e+00
1.834770220265732998e+00
1.705299960864923969e+00
1.488396318618162795e+00
1.492240801847662945e+00
1.676009479728870266e+00
1.773984989724066708e+00
1.900779140358057395e+00
2.162567821926885792e+00
2.201489651378430779e+00
2.139775247579031259e+00
2.180195457844235740e+00
1.948414114496296978e+00
2.040603606148284843e+00
2.200616056438263968e+00
2.146068622938098525e+00
2.014097366927270816e+00
2.024002573069249689e+00
1.848927137641687368e+00
1.802352948222001316e+00
1.889900858416442508e+00
2.030878559211055201e+00
1.956507882989617642e+00
1.781561193300761126e+00
1.891826915313739255e+00
1.944878553263248877e+00
2.036182630808755167e+00
2.020984768670198051e+00
1.924056259843287986e+00
1.946447363486554449e+00
2.155393603079215570e+00
2.241371986125497706e+00
2.319263328164560711e+00
