6.031565971695669960e-07
3.878275382223216883e-01
6.415307110560577453e-01
8.000853836203427605e-01
9.286386950313296751e-01
9.222703602544238821e-01
9.154820201240971844e-01
9.928988336548515425e-01
9.227383081534958897e-01
9.822950932168885707e-01
1.030207640404707359e+00
1.257831343175462191e+00
1.251905570982137839e+00
1.445003056952158582e+00
1.425422511242254942e+00
1.476327571893198076e+00
1.717756395853496265e+00
1.876652985238431492e+00
1.816809780574080380e+00
1.755090281874236879e+00
1.707721782198000637e+00
1.504802510307865271e+00
1.627035373864952117e+00
1.884311844886715770e+00
1.871852483281726265e+00
2.163516880269584775e+00
2.040211036637650022e+00
2.148659875489772553e+00
2.068577640178849375e+00
2.329797083056814877e+00
2.235913958660524337e+00
2.288256775505410623e+00
2.254876011049329332e+00
2.316356742377434497e+00
2.392420441796480723e+00
2.539980490406219094e+00
2.479343663964669098e+00
2.568465323569195213e+00
2.673374457049382702e+00
2.676642692469261231e+00
2.470081214998117058e+00
2.426012087763239400e+00
2.291109692864692349e+00
2.411273310316231377e+00
2.443618426907616215e+00
2.576648205513078160e+00
2.589057515124564279e+00
2.584432592058245604e+00
2.514119851299198682e+00
2.526176414132883963e+00
2.395086263855921160e+00
2.104484668661645852e+00
2.145438083482811287e+00
2.220638648699829520e+00
2.093525476907622807e+00
2.192069821963047005e+00
2.248463481305442269e+00
2.252175032876889915e+00
2.351967262796196056e+00
2.505628554612460146e+00
2.374233614319723795e+00
2.461432919451181700e+00
2.379023719406895498e+00
2.462674784892386004e+00
2.671168474893602873e+00
2.706200219504606430e+00
2.732675824937501385e+00
2.846282627490868133e+00
2.785152277484245875e+00
2.824628696737101041e+00
2.781419863906197332e+00
2.863071599314966686e+00
2.745044961976669473e+00
2.612229537232855225e+00
2.632664261434505271e+00
2.455127767580433495e+00
2.412495821341689606e+00
2.588477279533611952e+00
2.616381435056057470e+00
2.583624280626887426e+00
2.392415260052187520e+00
2.600143575321780087e+00
2.603215709491123686e+00
2.647317039337101274e+00
2.629938206573096071e+00
2.582857073990182606e+00
2.601660608323850710e+00
2.662333910858549313e+00
2.667215126942652503e+00
2.870544415190343646e+00
2.714776179774512244e+00
2.633425720719975160e+00
2.730776507529103281e+00
2.702767733711039178e+00
2.838170883170557435e+00
2.955564636869760786e+00
3.100539842729462148e+00
3.211508996537125515e+00
3.369401115436632566e+00
3.529856433154244577e+00
