1.507891492923917490e-07
4.124944257572990547e-01
4.738073735850275581e-01
5.825941529654876661e-01
6.774424266274363671e-01
7.360372413503285527e-01
6.518828974724374392e-01
7.120379716862876851e-01
6.240057721901530741e-01
9.046239715480305366e-01
8.338640145370184165e-01
8.873746567933659124e-01
8.778544572632596132e-01
9.088412908171109583e-01
8.002607276389409607e-01
1.027609194725244146e+00
8.342885212396535799e-01
8.565593511934054272e-01
9.787603365099606378e-01
9.495996189862851988e-01
1.072468077289928434e+00
9.268342037886558860e-01
8.770382111386356705e-01
1.013582035894057265e+00
1.047883933733060546e+00
1.052355143683035843e+00
1.104767836572519757e+00
1.145681893861963063e+00
1.251473217648339409e+00
1.202335398844440295e+00
1.362450708805983846e+00
1.271041899819064236e+00
1.227134587276631272e+00
1.146686315728109307e+00
1.202014241644020709e+00
1.065547918142149664e+00
9.603226094679153668e-01
1.050970665862858588e+00
1.125033582970396351e+00
1.132122773319583997e+00
1.103741690809584286e+00
1.017983054128642761e+00
9.730903074180549117e-01
1.125608665127419084e+00
1.039557471190082794e+00
9.785441221331345751e-01
1.018509904460199733e+00
1.099733959182236154e+00
1.182010344289767811e+00
1.214780188573456376e+00
1.273423781287154277e+00
1.200890409189983465e+00
1.426938515503184179e+00
1.197986952407947170e+00
1.157688634603852407e+00
1.257046895545585130e+00
1.208055323649195989e+00
1.232189460669332215e+00
1.068402032658900103e+00
1.100194530768176415e+00
1.062360864095845514e+00
1.212072579200509370e+00
1.176193978234291171e+00
1.111339482081913799e+00
1.174173387508892885e+00
1.202192252539863837e+00
1.360553086782407162e+00
1.332753576624766012e+00
1.419605122186891277e+00
1.387335738351585857e+00
1.353243901277161099e+00
1.416985941430966678e+00
1.443024635675959955e+00
1.201924247749751817e+00
1.289195002678022783e+00
1.272913182297156220e+00
1.408827674829296273e+00
1.381123248010306837e+00
1.461100284405883576e+00
1.613228938474160046e+00
1.621414279139254955e+00
1.526320306408246452e+00
1.621291947001704203e+00
1.432951150115019390e+00
1.756313333272624178e+00
1.709745593794011143e+00
1.848914787531058090e+00
1.557068877442296051e+00
1.523437068618583412e+00
1.657343665088660378e+00
1.409307084289490586e+00
1.624162535729646750e+00
1.686390537698290171e+00
1.500760809727807787e+00
1.651794957177842971e+00
1.449912727601600837e+00
1.460744746706882813e+00
1.465391493644026211e+00
1.600071949164981078e+00
1.728151635984721768e+00
