0.000000000000000000e+00
7.270417867760342601e-01
5.461155126168240059e-01
4.760309622020503229e-01
7.094407916136846737e-01
7.299238054866694636e-01
7.708449288494170215e-01
7.477682307358939351e-01
8.345564216992433781e-01
6.208485433766992578e-01
7.031838611683091100e-01
8.501620820610327200e-01
7.689230236729207579e-01
6.617525160522158556e-01
6.852815424510242392e-01
9.313307218914875785e-01
1.101978735203023252e+00
1.070700438268170407e+00
1.149960628495716231e+00
1.380509870718318544e+00
1.278785715257170663e+00
1.055006140952398752e+00
9.190486418909500355e-01
9.491454244373430660e-01
8.641401269538577790e-01
8.669001700022112011e-01
1.136413966404876019e+00
1.092674341366789426e+00
9.915484678771340210e-01
1.118792764065044132e+00
1.110084447857074830e+00
1.103308763942420168e+00
1.065215681545456095e+00
1.038086144579499104e+00
1.001558781480172744e+00
9.808420903598296103e-01
1.054368904384583194e+00
8.473102200550245433e-01
6.970822596140018312e-01
9.741303226467753484e-01
8.406317817428272665e-01
9.654861816886199932e-01
8.821881614420276074e-01
7.696725380885386381e-01
1.010338441184424507e+00
9.172768713990293588e-01
7.425801960222671028e-01
8.154387272849212831e-01
6.749892717680717746e-01
8.005977328915504510e-01
7.463411089460996184e-01
8.180728597070547892e-01
8.788446839156768275e-01
1.010091528951131190e+00
9.478716628066067296e-01
1.009250475562205596e+00
1.020668002732376678e+00
1.103939681823166596e+00
1.116021436940110689e+00
9.736689500525044227e-01
1.125268416595259335e+00
1.161575264603475821e+00
1.126405738628342590e+00
9.669625529075707160e-01
1.067454694617884448e+00
8.984891359860951443e-01
8.774923736439311783e-01
9.764399452007788138e-01
1.017182045854204686e+00
1.104380566414971510e+00
1.122453910123915932e+00
1.225709700890390330e+00
1.330895787010133668e+00
1.307055090934081232e+00
1.121379127279813259e+00
1.000374952439060605e+00
1.158209987510245620e+00
1.100683191594479027e+00
1.186956104362294706e+00
1.359094345292361838e+00
1.162108497676888952e+00
1.198204626573775577e+00
1.134753361881811973e+00
1.149698929794619850e+00
1.177856157222048505e+00
1.185154944682869527e+00
1.178874820508912347e+00
1.260543095049533324e+00
1.222907199775904896e+00
1.252017099296429015e+00
1.343156319153088196e+00
1.336513941251415760e+00
1.222710841315996166e+00
1.242630239558806027e+00
1.143145947793980044e+00
1.091192106086781077e+00
1.095155719347115308e+00
1.028526180264411227e+00
1.087554420242171416e+00
1.124209171296475684e+00
