3.015782985847834980e-07
6.820721060185496176e-01
5.712796064923031381e-01
5.944483551979864444e-01
6.434412787571133219e-01
6.594289024984497649e-01
7.373128436437996758e-01
9.493150945484499781e-01
1.005092663966452804e+00
1.055449224798004959e+00
1.091789685695066625e+00
1.131733755030952304e+00
1.108449958966617688e+00
1.353532273129320895e+00
1.414707988970443919e+00
1.437032355534028083e+00
1.454576860871474420e+00
1.511688466941586872e+00
1.493032583829547288e+00
1.316707330839394618e+00
1.397723922593022250e+00
1.546897430533475060e+00
1.546023749615282217e+00
1.809986716993602363e+00
1.712944461512349692e+00
1.737408215203944284e+00
1.873139308226446698e+00
1.766222531898230308e+00
1.598014854824643116e+00
1.802718045640053113e+00
1.655780220005143244e+00
1.811538953811593133e+00
1.838135082584703373e+00
1.696458046256279495e+00
1.515159697400938255e+00
1.700149750574244889e+00
1.778517538859065272e+00
1.776346938514997031e+00
1.742240825897766410e+00
1.756408255928077589e+00
1.534281661049680112e+00
1.489587803627600016e+00
1.421650561981667504e+00
1.298676560006019276e+00
1.380012726638432108e+00
1.434918474001672495e+00
1.587269802594897694e+00
1.629710887843208944e+00
1.637205326904955793e+00
1.676603717871331334e+00
1.541643708724843131e+00
1.537982740707988238e+00
1.535167593628015581e+00
1.576788979176747096e+00
1.738921974896209699e+00
1.741027308027554232e+00
1.796340170246737200e+00
1.864474503449337961e+00
1.791505594449811056e+00
1.841009558232393317e+00
1.682311313861756474e+00
1.544639364398040504e+00
1.815066636776379472e+00
1.741314850412700954e+00
2.133051334367338292e+00
2.034904078833291496e+00
2.203394686484135168e+00
1.983593943089212885e+00
1.980212907568929426e+00
2.047239416745989526e+00
1.899119802077694041e+00
1.972260819170432500e+00
1.889066369440987492e+00
2.108604779516882743e+00
1.962071335314369946e+00
2.017022850033048709e+00
1.905155847663083213e+00
1.821258240115924298e+00
1.938382962426203004e+00
2.026252599035315516e+00
2.110718527188158777e+00
2.024787148778974810e+00
2.086539360697650558e+00
2.018791011748990893e+00
1.919512650647882568e+00
1.775598150957351962e+00
1.543262295869419987e+00
1.667324258299224482e+00
1.695310624259939392e+00
1.733089956387304786e+00
1.857442110532031343e+00
1.907329052882939857e+00
1.719036897607673309e+00
1.786855869444123224e+00
1.763072129469381188e+00
1.727569869460906959e+00
1.638823774455473448e+00
1.835464421624209974e+00
1.627066853677209046e+00
1.560718642519932642e+00
