1.507891492923917490e-07
4.517495450246967748e-01
4.289460489910020269e-01
5.632909451834359205e-01
6.456344184394785524e-01
8.014929880690383479e-01
9.039572585754446221e-01
9.443852523327760373e-01
9.739257255927750156e-01
8.748520617396865484e-01
8.367334209910116671e-01
1.001955385810820998e+00
8.765289822763814298e-01
9.064664073487610496e-01
9.902822105517338214e-01
9.729809761124246226e-01
9.687545526690991560e-01
9.610026460177707452e-01
1.111090762782371621e+00
1.124730997854504588e+00
1.108725691414085501e+00
1.124751982953771101e+00
1.126160966974617983e+00
1.200272902504170291e+00
1.392989766610469360e+00
1.378186439630278537e+00
1.404782618180607123e+00
1.606170206387261601e+00
1.690868439524663813e+00
1.687620481568774311e+00
1.521712680615954882e+00
1.691220669563503476e+00
1.699715822420883704e+00
1.746742422783735371e+00
1.734432419526492852e+00
1.790025399130084516e+00
1.716170763105142827e+00
1.734468071384511090e+00
1.574198382496268867e+00
1.428432743313132747e+00
1.608408020804131811e+00
1.507675777729204691e+00
1.508624657039512318e+00
1.347967981463248366e+00
1.498597409092144561e+00
1.507723890543149814e+00
1.598524489811406601e+00
1.531605301408171416e+00
1.436672418280369845e+00
1.337770706521067554e+00
1.369359556639428321e+00
1.494913091455255083e+00
1.465728989500456825e+00
1.471224730565757755e+00
1.741098845749426083e+00
1.600560764623117915e+00
1.675464011613090776e+00
1.728549091975096763e+00
1.887657499602682698e+00
1.897433332275010320e+00
1.930281312998063381e+00
1.849290940227561908e+00
1.880798711442375648e+00
1.643648781172848405e+00
1.719751667072251911e+00
2.013609982194850101e+00
2.117703447394001071e+00
2.115748253801126300e+00
1.894856557705949296e+00
1.904734173104750905e+00
1.777016719199228989e+00
1.782381641203748091e+00
1.728802432057266358e+00
1.910033359723865232e+00
1.710019144389429924e+00
1.964328723841196611e+00
1.903842684054219303e+00
1.939243491427264043e+00
2.192076401969522248e+00
2.184925615292430567e+00
1.992611994318918001e+00
2.060154043540587399e+00
2.136940816705038770e+00
2.042768261912810690e+00
2.254259485519118922e+00
2.180000024986841201e+00
2.250495454432854370e+00
2.371150410186059432e+00
2.482092185046400168e+00
2.441275944931216468e+00
2.301446961163482019e+00
2.323795012882759803e+00
2.251732444239730846e+00
2.215654287502944353e+00
2.200478758009384528e+00
2.260121711190604454e+00
2.332464111821900943e+00
2.333782533509045187e+00
2.403910583960570335e+00
2.391843400652126750e+00
