1.507891492923917490e-07
5.650382329751061361e-01
5.705552578598256375e-01
5.661134049824320114e-01
4.572069279261387065e-01
5.305367465285353301e-01
5.299444860435973403e-01
5.292195295168751201e-01
7.225295914953537846e-01
7.817631460925588138e-01
7.253121992450456412e-01
9.061626530219314413e-01
8.205319773797293825e-01
1.055573333242442180e+00
1.015171690151352779e+00
9.896449398190083624e-01
9.623372061222010831e-01
9.928374840039558835e-01
1.017740685230448250e+00
1.026544158704529863e+00
1.165896433384599140e+00
1.193914231286321570e+00
1.061760615384881978e+00
1.115503326311428012e+00
1.163897248949430363e+00
1.223717159740287386e+00
1.218859005155915831e+00
1.253442667364643270e+00
1.149328710433252354e+00
1.113553988049094778e+00
1.072439358834722967e+00
1.229268480552377030e+00
1.134849352805260336e+00
1.174972965287407023e+00
1.223638948374375701e+00
1.248573242147096973e+00
1.207336977338771211e+00
1.325605641664601819e+00
1.178309289613250099e+00
1.210265679734887856e+00
1.178027013286889524e+00
1.226478485756386405e+00
1.142902560768179754e+00
1.337645626767114182e+00
1.256200508682167927e+00
1.265235282069751666e+00
1.274283176064761269e+00
1.366793215949726470e+00
1.131098528779437062e+00
1.295114373910950745e+00
1.292608204103387726e+00
1.367739983257445058e+00
1.462416967112689870e+00
1.482308781300357925e+00
1.360074642321845495e+00
1.349447569545663805e+00
1.347081847905103436e+00
1.488488134340481661e+00
1.362428708566911562e+00
1.316080401513380904e+00
1.137559816203270069e+00
1.354189562734681385e+00
1.260916616543252378e+00
1.219536941881871339e+00
1.209856660785481930e+00
1.084193458078061001e+00
1.099930895280050391e+00
1.210184756334720779e+00
1.208762089122514594e+00
1.168854268870771040e+00
1.226931987121462120e+00
1.096043357958754960e+00
1.280143707506136819e+00
1.216981134941448328e+00
1.269684791777910826e+00
1.440194666688224823e+00
1.595447381165962408e+00
1.365715925401411512e+00
1.275665167561182756e+00
1.422656460296730874e+00
1.424874983631659875e+00
1.334463137445734526e+00
1.304486914576888479e+00
1.401795822575521822e+00
1.354926664692399862e+00
1.324280899314322912e+00
1.416369430882614022e+00
1.421130972756392108e+00
1.364696510806008511e+00
1.325061581788877119e+00
1.368495976472149156e+00
1.448372014632373750e+00
1.576961360686712110e+00
1.587272440685642216e+00
1.513959619406327617e+00
1.552078450517640151e+00
1.415665112808025317e+00
1.404163733271050374e+00
1.440950771176552792e+00
1.543912821354697096e+00
