2.132480599880017890e-07
4.792494848121723883e-01
4.827522891388510429e-01
5.438607543441057457e-01
7.675040405738196014e-01
8.763416709444333819e-01
9.355252041784709593e-01
9.387892361675659325e-01
8.585951607955476517e-01
8.260370526533278301e-01
8.050206707470008993e-01
7.148340182699310930e-01
8.667959441347383720e-01
8.123606742605273823e-01
9.005917666492314622e-01
9.336680055041866044e-01
9.114712010779253415e-01
9.755043433564470901e-01
1.183233818112426006e+00
1.163634220997149304e+00
9.441290198396234956e-01
9.593345743858638919e-01
1.042308566212453824e+00
1.075020752198071916e+00
1.139876520205629573e+00
1.335372925285759349e+00
1.418781810586813741e+00
1.497866897907021766e+00
1.410439093185297477e+00
1.352127307827183600e+00
1.410867144752547375e+00
1.422997829906228695e+00
1.553045292739165140e+00
1.663876302312286670e+00
1.619783522224761185e+00
1.583256047740159378e+00
1.607996622858399949e+00
1.460707038538740621e+00
1.412450264667669098e+00
1.435617291236846116e+00
1.652145700548905749e+00
1.697361986522399446e+00
1.825280424832171899e+00
1.846010003721217707e+00
1.839962487659726698e+00
1.882759883775444454e+00
1.833514335380946436e+00
1.937975474108115215e+00
2.017858930931568651e+00
2.011809307159928562e+00
2.032162053549333880e+00
1.795007672313026603e+00
1.776598208225367292e+00
1.813599244170729374e+00
1.685804641368039869e+00
1.783713336387296788e+00
1.852400483065642867e+00
1.969677054802384752e+00
2.214774926739642602e+00
2.057287227297780241e+00
1.987670413335127950e+00
1.972979066809594784e+00
2.132993092200446750e+00
1.948083409477052275e+00
1.997496355268554513e+00
1.835542405316867631e+00
1.868487760728346547e+00
1.888091060607765437e+00
1.848725721959667778e+00
2.005366281230855918e+00
1.798512848779588280e+00
1.769370486995697878e+00
1.678228657032523108e+00
1.732345468973948366e+00
1.894184079378677055e+00
1.975144309933664521e+00
1.858879087542250730e+00
1.801076884205831563e+00
1.755986036165019915e+00
1.812224406672529042e+00
1.832809387296524095e+00
1.802784766391505089e+00
1.943205061200434125e+00
2.026909494433100534e+00
1.961991612454430545e+00
1.934138185169846036e+00
1.772383639286728263e+00
1.820970346375002435e+00
1.879979850810038489e+00
1.998630471693624067e+00
2.013436191196396496e+00
2.102619274694351947e+00
2.152562753476585655e+00
2.108971932249749326e+00
2.120755048475345461e+00
2.136285086683530121e+00
2.340959808550843846e+00
2.290072928090064242e+00
2.109292208658891443e+00
2.072198664797098910e+00
