2.132480599880017890e-07
4.071644139280663488e-01
5.587108302345602517e-01
5.019253919288744203e-01
7.730161804310422546e-01
9.440022003178347720e-01
1.076176549131151461e+00
1.000283429364506871e+00
1.020635738278305560e+00
1.062171605886912173e+00
9.542738818014764313e-01
1.042475053125478723e+00
9.939847800592268579e-01
1.121273370613504294e+00
1.170378328463454132e+00
1.053354257948659667e+00
1.155825963871309092e+00
1.108023074607208613e+00
1.266112815391605473e+00
1.514607763655926975e+00
1.445806539695903892e+00
1.455402804069941158e+00
1.464082185112455470e+00
1.535806539970022255e+00
1.637303784014669361e+00
1.704654086253371892e+00
1.663814456243360329e+00
1.591879911449857854e+00
1.602519929134109455e+00
1.572302808062811863e+00
1.622643779828029320e+00
1.734912750409053572e+00
1.789769958607721589e+00
1.868305224883467730e+00
1.785981876286757197e+00
1.858114068133623009e+00
1.792596430430244192e+00
1.706933887826424190e+00
1.796717943746774626e+00
1.787539762133035115e+00
1.948395327257274712e+00
1.970111897689828195e+00
2.029618819291607590e+00
1.806029912037798502e+00
1.946109149534722915e+00
1.845218522862105859e+00
2.071581146709536636e+00
1.879977951012721249e+00
1.764425400703126146e+00
1.780171818229567826e+00
1.967394087540387693e+00
2.145539504291891664e+00
2.384039508062615997e+00
2.396406542565113984e+00
2.512471837187990165e+00
2.338964562778512946e+00
2.517178666188146785e+00
2.642110610266403814e+00
2.606243062155217505e+00
2.472278955023030633e+00
2.400526645016676675e+00
2.451515261426644887e+00
2.625582215923268237e+00
2.715175362132251191e+00
2.837068147235546345e+00
2.809843377186351798e+00
2.914824221105760227e+00
2.790177280189060305e+00
2.708777091642041501e+00
2.815230594280564880e+00
2.745569922948568387e+00
2.650838177744216484e+00
2.788440255317663041e+00
2.863327044801322163e+00
2.918264312248313619e+00
2.841671799798704434e+00
2.869456602626051289e+00
2.899956494694614584e+00
2.883778642377933021e+00
2.896748263425193759e+00
2.828232639226299305e+00
2.889090742343725537e+00
2.851563406073486462e+00
3.017717134921531930e+00
2.999977710920235463e+00
2.923027421730289177e+00
2.639464170114810937e+00
2.826954050660895224e+00
2.988369010972316442e+00
2.789977807392565179e+00
2.859268279655031719e+00
2.799250402272634108e+00
2.644190268100358399e+00
2.753336493925073292e+00
2.538945419259307279e+00
2.519098737974128088e+00
2.606038025443071948e+00
2.434091532350682652e+00
2.642960181715798385e+00
2.795422600474913200e+00
