1.507891492923917490e-07
5.051865891782192364e-01
6.441931966230548534e-01
4.682615082668263873e-01
5.695871363950826272e-01
7.805576046992229733e-01
8.141230864904615006e-01
7.988511609638008215e-01
8.083282616481968219e-01
8.398521000962653194e-01
8.642373444202798849e-01
8.991835292826814152e-01
9.275376316955794564e-01
8.683084555203899324e-01
8.538263896731089764e-01
8.627577851782763929e-01
1.018956404446422992e+00
9.000652769657464525e-01
1.062580605093716768e+00
1.039374696441768053e+00
8.899725847397780276e-01
9.296659612983628751e-01
1.238357020092637262e+00
1.140031358743167189e+00
1.096595525832347651e+00
1.366554557929703151e+00
1.394598721580741163e+00
1.417641218419118943e+00
1.307804460149015080e+00
1.400807156470440740e+00
1.355204719672260083e+00
1.377859146573729765e+00
1.600682665701647966e+00
1.695708818926427330e+00
1.613066920154819561e+00
1.630434819046109318e+00
1.809266614936956508e+00
1.719726027579974836e+00
1.500391282198517695e+00
1.216825054503375858e+00
9.513163546656677738e-01
1.196747016340306224e+00
1.153279552814963527e+00
1.196890694014298262e+00
1.431960255357862533e+00
1.415192618357279830e+00
1.477798014159303008e+00
1.539753562058186365e+00
1.359602890194939295e+00
1.342041663367945281e+00
1.416311825571201499e+00
1.552352349182698266e+00
1.578119417593476292e+00
1.501237196283953690e+00
1.519830781853287682e+00
1.525625645524622653e+00
1.586239218564851949e+00
1.557507849670071165e+00
1.580189803403008186e+00
1.619229005557790702e+00
1.710330085033608505e+00
1.647129434391725322e+00
1.640129792602823100e+00
1.406705439974765159e+00
1.391200501326482541e+00
1.416599129801613177e+00
1.531311665501676078e+00
1.425200033579092640e+00
1.587850333969200056e+00
1.504235579628363961e+00
1.418055076045383389e+00
1.645213801116885310e+00
1.473914298451588500e+00
1.543366646689244170e+00
1.444750323258305436e+00
1.431269161661127276e+00
1.593905149774120789e+00
1.671600342975447351e+00
1.641103286970506669e+00
1.592540664959790186e+00
1.633152742300038929e+00
1.655184426749222393e+00
1.554923324299610110e+00
1.542939555878067193e+00
1.503132331080448081e+00
1.244777469632374567e+00
1.420779445843804556e+00
1.519694485574813125e+00
1.549032811547707666e+00
1.549119627908408292e+00
1.584412017440242293e+00
1.775771492070489455e+00
1.626381498647015755e+00
1.717705242646538455e+00
1.611310301139088796e+00
1.604605459081638541e+00
1.527525093445619708e+00
1.593802006095025314e+00
1.580985261014076437e+00
1.610386918048644533e+00
