2.611744678045111057e-07
3.878705396993054610e-01
4.920030540176307809e-01
5.344932173870334813e-01
7.329791758861239348e-01
6.402615639034747730e-01
9.077395149757925275e-01
9.616994521477716384e-01
8.288044529787580439e-01
8.868971110709150674e-01
1.027430786861182277e+00
9.787488226940658231e-01
1.018722390591924709e+00
1.227977875907826144e+00
1.365473571013373411e+00
1.411505917920405473e+00
1.476627897962152991e+00
1.346060548635008347e+00
1.374856564776173462e+00
1.440731637410710197e+00
1.542588575418097463e+00
1.464068908330444119e+00
1.325321052619800266e+00
1.363276543471478863e+00
1.443326146893233020e+00
1.618517727107904092e+00
1.758345667610826446e+00
1.689133168275812613e+00
1.712137321794739320e+00
1.419976348519687237e+00
1.540978529925892238e+00
1.592101835842582025e+00
1.524468141884500305e+00
1.403445953131810642e+00
1.369919447934758949e+00
1.530332236046556993e+00
1.651123776706552304e+00
1.644105575364362970e+00
1.725282066726569807e+00
1.676110164559564408e+00
1.428932825871918499e+00
1.637313277713796200e+00
1.459071641911767969e+00
1.768249183256938251e+00
1.747592190285462088e+00
1.580101810899936954e+00
1.624695241484188868e+00
1.668185356900000915e+00
1.820244944618768956e+00
1.702501107004929848e+00
1.783002809166907232e+00
1.774753006761189411e+00
1.746414886283009116e+00
1.978215619401960668e+00
1.807239266667694411e+00
1.882589264092307646e+00
1.898636108580554760e+00
1.980499350509249190e+00
1.914573668028111575e+00
1.882185227646712367e+00
1.749522694544524581e+00
1.796408661133242601e+00
1.691430782632898921e+00
1.721875093647906363e+00
1.590880274571932596e+00
1.762312695506588867e+00
1.910369394300682755e+00
1.787146267400321786e+00
1.766861201848388907e+00
1.639529802898724409e+00
1.621126423052969390e+00
1.756283673083892216e+00
1.849059419558442441e+00
1.753347776854254692e+00
1.650758067256137052e+00
1.642406800215050255e+00
1.681586754513916926e+00
1.713260939362941881e+00
1.822030372624868333e+00
1.586844835165730272e+00
1.641948117912315652e+00
1.705189197960407244e+00
1.665170797422286908e+00
1.494842523005596391e+00
1.427420206907860756e+00
1.459201735329637595e+00
1.687214629692536771e+00
1.612379577580659973e+00
1.717042112974342949e+00
1.545761406373554747e+00
1.597365876779712757e+00
1.699447938406359437e+00
1.569871013016456152e+00
1.646512596807629514e+00
1.552144511740376931e+00
1.629004646069541540e+00
1.738250687800837913e+00
1.693213733915832631e+00
1.698350566602326417e+00
1.679257182137442239e+00
