1.507891492923917490e-07
5.067508279450569919e-01
5.916302093806425910e-01
5.567827524106061521e-01
7.816601791796633503e-01
8.587089131053524671e-01
9.341277033491182102e-01
8.905912911883423488e-01
1.102837738944760337e+00
1.041754769953525228e+00
1.151113094870359177e+00
1.024881977921847431e+00
1.082851824268186824e+00
1.238410316436463265e+00
1.290501132651686866e+00
1.254357519945268562e+00
1.383886522087174997e+00
1.390421268582497039e+00
1.635639477072742931e+00
1.538826287669351478e+00
1.621969794626620276e+00
1.472880511924117286e+00
1.425487648274555985e+00
1.429716318302528766e+00
1.600415795192038138e+00
1.398019764212711014e+00
1.733859701154486732e+00
1.665622035681380453e+00
1.539047736530542387e+00
1.457919792232293066e+00
1.634102148092053897e+00
1.900063873040825912e+00
2.026941134490620300e+00
1.991199455615507041e+00
2.176708727263531706e+00
2.386444271463357136e+00
2.313812920473788282e+00
1.967622609848167281e+00
1.912919851010833394e+00
1.767377595966837855e+00
1.705919660888047140e+00
1.490979738580801239e+00
1.711990530512420561e+00
1.467198669934126620e+00
1.651244583057620563e+00
1.641755825362028132e+00
1.794440693895718031e+00
1.869217498863764204e+00
1.613183577293828996e+00
1.636563149243620785e+00
1.649254141244526295e+00
1.441044996928080746e+00
1.588057622895051368e+00
1.415479013316748969e+00
1.355206035085378069e+00
1.384039695104909429e+00
1.257985117516061901e+00
1.472845691325135542e+00
1.469758235449751593e+00
1.451535692588117321e+00
1.529834173535870034e+00
1.532297621303686075e+00
1.767398582474194235e+00
1.646728142264454853e+00
1.868970719793402457e+00
1.861035300080152721e+00
1.937735475273630215e+00
2.257530586413154516e+00
2.145456543401356608e+00
2.194129018581383317e+00
2.296999137053713280e+00
2.141678415876837160e+00
2.053642871203303688e+00
2.006475347537667986e+00
2.020245723613215194e+00
2.143913080602113830e+00
2.226864284946908690e+00
2.293567091282256776e+00
1.999303026812822681e+00
1.946781332385113750e+00
1.806106546880940966e+00
1.839129824788464429e+00
2.003115660240464724e+00
1.916316447268116896e+00
1.831545131396280945e+00
1.892672429376688559e+00
2.032053387376185682e+00
1.915138178303365857e+00
2.190581904421700532e+00
2.456338618224297665e+00
2.224124524967386218e+00
2.119865119228897310e+00
2.092683244683446908e+00
1.732079757550678556e+00
1.903761155620493417e+00
1.953039784065492057e+00
2.121687483308453359e+00
2.246539063330392771e+00
2.284202030598385225e+00
2.180479463303298004e+00
