1.507891492923917490e-07
4.297138627902636898e-01
3.847227472416249183e-01
4.627924192856318064e-01
6.892307130804335991e-01
7.621025218079834351e-01
7.974648820192430376e-01
7.749154510913117688e-01
7.643513985520815623e-01
7.768430426733061722e-01
6.713511194333782184e-01
5.787979601372418292e-01
5.578592594183684472e-01
6.885321817919972665e-01
6.163730181881048598e-01
7.105273544726729007e-01
5.913782869465581404e-01
6.282243209758828772e-01
7.451984970414691212e-01
7.467770179918834517e-01
8.339897983394831682e-01
8.275217949512201354e-01
9.549857426276034955e-01
1.070320969537069011e+00
1.194843214573064971e+00
1.190165583800808280e+00
9.399141280744126581e-01
1.023256989685750185e+00
9.668923678263281474e-01
1.039024701914985416e+00
7.570113755431799873e-01
6.553140597970830150e-01
7.294955678896078988e-01
8.434493244952596669e-01
9.790374726925080706e-01
9.441740214935222530e-01
9.531626899127013663e-01
9.850840594221395019e-01
9.990189994114283545e-01
1.082029467698951253e+00
1.093446785907169927e+00
1.130132543686624524e+00
1.237520312576590786e+00
1.232587672605978790e+00
1.216907191898528806e+00
1.385867075590283992e+00
1.403592032860785821e+00
1.326774030899122048e+00
1.241752064378747633e+00
1.446507830689886198e+00
1.456455798533231816e+00
1.581911946711831440e+00
1.441363292507261695e+00
1.361607346703295862e+00
1.064400954161165425e+00
1.010097680653714081e+00
1.076305745621173759e+00
1.125329150103936859e+00
1.177726337843409743e+00
1.200494946411626351e+00
1.213796173948716195e+00
1.262674873423771160e+00
1.234566647565453090e+00
1.280679547873272428e+00
1.421626066828246771e+00
1.246068225429534548e+00
1.447973204313498519e+00
1.412812597409840221e+00
1.331608860396090721e+00
1.336776672203780825e+00
1.542665457179274835e+00
1.546527569246630485e+00
1.331338407888847719e+00
1.435245650648517168e+00
1.302792652261147266e+00
1.321732059039276042e+00
1.420317741036323023e+00
1.444115564050124423e+00
1.454467349682344812e+00
1.576469698789487728e+00
1.666036549904427844e+00
1.732842783565104572e+00
1.673835085285007906e+00
1.756236118729153084e+00
1.591450743816668512e+00
1.569127539099421043e+00
1.969151325641096850e+00
1.919320236846999483e+00
2.009299643333051666e+00
2.183593953318897274e+00
2.261993592771245787e+00
2.051163877885692433e+00
1.924266098846439288e+00
1.809519831193902695e+00
1.921505189298119864e+00
1.990426557970637944e+00
1.998516176673640343e+00
2.016023204912479994e+00
2.199224896571337684e+00
2.153565701219509076e+00
