1.507891492923917490e-07
4.553655570338029368e-01
4.363961547208327074e-01
5.046885743764080168e-01
4.622769556655281775e-01
5.002914222831433833e-01
7.355767077890285055e-01
8.867304899722134870e-01
6.802045696568144173e-01
6.134914808489142501e-01
7.691350436791414280e-01
7.938263903390337939e-01
8.434254513644487972e-01
9.289169270390700284e-01
1.106861219905890037e+00
1.007351501928996473e+00
9.721687671562136979e-01
1.168573883809501890e+00
1.153985779673699641e+00
1.242256591029445856e+00
1.132509025687680415e+00
1.308953874688827179e+00
1.226508297044473617e+00
1.281157589411085373e+00
1.203479837449285883e+00
1.189089726841658923e+00
1.398011930548194393e+00
1.174430662295475880e+00
1.325276819553889096e+00
1.272417801643158652e+00
1.381399083954642171e+00
1.418931473227979412e+00
1.261314040944958359e+00
1.258361862033321898e+00
1.258166375395098902e+00
1.272507471310889482e+00
1.204944560710134116e+00
1.298655595229164295e+00
1.302133751637254644e+00
1.332624663996239356e+00
1.246596408029285064e+00
1.163041827567393049e+00
1.031285472463981057e+00
1.044207457385374349e+00
1.044017119638420477e+00
8.632222344054546470e-01
9.274043093340014199e-01
9.840517059100521990e-01
1.152826411481702396e+00
1.175782222632971274e+00
1.192396417830299926e+00
1.242716284453461162e+00
1.034766673773342749e+00
9.996164029445554489e-01
9.708526235775144508e-01
9.831338600326308130e-01
1.185390269234759320e+00
1.185817787931247258e+00
1.225901945241457014e+00
1.261673649010394582e+00
1.214712312676402117e+00
1.189797699909874273e+00
1.374837830220722035e+00
1.414264253052768483e+00
1.639507220390585829e+00
1.405050790804789562e+00
1.514573101481331951e+00
1.625890163730258964e+00
1.590956135638314173e+00
1.662380763940620731e+00
1.420184363461764132e+00
1.411981641329065340e+00
1.411035346532612200e+00
1.320657477064203000e+00
1.301772826804315164e+00
1.072006581846659978e+00
1.156887482071676798e+00
1.228324187781471677e+00
1.159004300637045404e+00
1.226691248299229819e+00
1.264983585437591485e+00
1.209366860050822723e+00
1.404052511613010923e+00
1.367540644035682762e+00
1.455494625576575274e+00
1.369965226967179373e+00
1.509015148812698603e+00
1.609321020731552254e+00
1.700751350601172218e+00
1.661779462822861486e+00
1.740281095628245289e+00
1.654573455792353043e+00
1.486795429634379717e+00
1.550593765014102177e+00
1.550134899228043261e+00
1.557810256933553239e+00
1.598440814306924418e+00
1.546709714584118212e+00
1.680269676743587404e+00
1.631491736339369059e+00
