1.507891492923917490e-07
5.505815656682174764e-01
7.094193591203902249e-01
7.368780097161294895e-01
8.753146029275009621e-01
8.343504174808640261e-01
8.825996298494946934e-01
8.824922128116924336e-01
8.360563142392907210e-01
8.802507266319252732e-01
1.003603987018916621e+00
1.001478763296639540e+00
1.105509616632398329e+00
9.585440070992180539e-01
9.592125769455469575e-01
9.661359786838920050e-01
9.435750748047596614e-01
8.556272353089838800e-01
9.743739492604319707e-01
1.070478616004411521e+00
1.126243540506574048e+00
1.080597916567749284e+00
1.014616302801021108e+00
1.166241138761611840e+00
1.237696899921938432e+00
1.055327243830409989e+00
1.095645197930356307e+00
1.038012910799578359e+00
1.008862360196575381e+00
1.280015496169582878e+00
1.157303603556198546e+00
1.345316348641468318e+00
1.463785322629927554e+00
1.697785639501941501e+00
1.810288375345933787e+00
1.726803050545853369e+00
1.565014257487951088e+00
1.712778855478009454e+00
1.748848709988451988e+00
1.860800625342226455e+00
1.934944169768868294e+00
1.759127717821664882e+00
1.785697451729437946e+00
1.747353645009436018e+00
1.688748306413044853e+00
1.669697934437975873e+00
1.653800925513219111e+00
1.630515816963326925e+00
1.526260520088564387e+00
1.668014794983752713e+00
1.723350218148446134e+00
1.769954151449247837e+00
1.632021735017185060e+00
1.704004009085207549e+00
1.771202029704890046e+00
1.685107456473847742e+00
1.504282012293742810e+00
1.437532441489721924e+00
1.567399601019132005e+00
1.811906386912689015e+00
1.686695837921900365e+00
1.534610954537082961e+00
1.712126988370058056e+00
1.696015577142266473e+00
1.758860609416263987e+00
1.555880420286780197e+00
1.835135253721491555e+00
1.801389235302234049e+00
1.765755906118184893e+00
1.739591813852859659e+00
1.586124559555989633e+00
1.572096977519406691e+00
1.630514652239386075e+00
1.768076084877754139e+00
1.747855179483429389e+00
1.757033121652644692e+00
1.688121999604861756e+00
1.712345777202287866e+00
1.522030694898174330e+00
1.785998801753721610e+00
1.570230626064606838e+00
1.412767154738421738e+00
1.778228638833161623e+00
1.851625096360643541e+00
1.807620203839981343e+00
1.800424192622888553e+00
1.986797642332326808e+00
1.832504369565646218e+00
1.842877888413065879e+00
1.872286240356156650e+00
2.000008891223030716e+00
1.977925361009098770e+00
2.042166848459400885e+00
1.906771569925676868e+00
1.990899868100085790e+00
1.917723584196337372e+00
1.832726254315096615e+00
1.941242720321427306e+00
1.990862553180685834e+00
2.023438270059474409e+00
