6.031565971695669960e-07
5.685834957553604907e-01
7.719511718257942023e-01
5.336826478212542968e-01
5.723855723858259914e-01
5.665457960280868566e-01
8.789888557088091359e-01
8.147358081520090778e-01
7.821957868689923821e-01
7.901649179670837686e-01
9.719513485071584746e-01
1.049357004243924640e+00
1.380961622063862082e+00
1.159371703380671859e+00
1.095095434317064464e+00
1.210594178702336432e+00
1.070417441301301009e+00
1.131081515720390840e+00
1.144157915223407374e+00
1.145018207938092392e+00
1.159933056943978524e+00
1.209870358237252530e+00
1.196867955584530741e+00
1.534051127982746454e+00
1.403931540161445835e+00
1.271975011945435163e+00
1.260327959650830554e+00
1.461952552018367379e+00
1.430273169915149634e+00
1.329031655722970218e+00
1.417745739419734807e+00
1.504989802674134403e+00
1.789606325604040427e+00
1.733836963056058389e+00
1.824615301929877864e+00
1.507803495748707867e+00
1.441554600740568848e+00
1.470465771438779878e+00
1.474778568685766178e+00
1.600226457404574809e+00
1.643648092810672035e+00
1.743180879637706182e+00
1.528068755978255089e+00
1.644173931795460675e+00
1.689549109285158446e+00
1.613577999946930852e+00
1.449494964958335741e+00
1.639612924981382891e+00
1.578560601161636212e+00
1.538104415116462675e+00
1.581079140207644951e+00
1.558579957722769027e+00
1.448167716655604176e+00
1.590491890770079131e+00
1.390791361704000417e+00
1.258475304027004915e+00
1.396124734209182483e+00
1.231788522647350836e+00
1.345489692184707042e+00
1.397691980649041321e+00
1.672127730703995896e+00
1.755504012886787590e+00
1.929582259509058373e+00
2.030400267105620493e+00
2.121637294321425671e+00
1.832136971694631855e+00
1.860426325675164749e+00
1.866683686581316337e+00
1.989970416580839840e+00
2.038538055171064123e+00
1.967459166504884172e+00
1.907155715985067612e+00
2.026606260042876251e+00
1.943655036988841012e+00
1.961525572122332584e+00
1.904314542502546503e+00
1.708758967620913616e+00
1.790647093952776769e+00
1.937364374857541316e+00
1.768268582456036242e+00
1.880039621495143809e+00
1.753186510975590640e+00
1.619917225148363560e+00
1.758341358445613789e+00
1.888512945727155445e+00
1.913594621142213681e+00
2.030637896792145458e+00
1.968244141858099594e+00
2.112487835125590241e+00
2.143251804529258564e+00
2.168585919249731209e+00
2.075238458520715756e+00
2.397717037165360665e+00
2.380774545200983638e+00
2.407856748009441716e+00
2.335407509035094975e+00
2.277007210415590066e+00
2.041387838321714998e+00
2.061163400667243906e+00
2.099809260559723612e+00
