0.000000000000000000e+00
4.299852564608102612e-01
5.202336108816888460e-01
7.498604214284078084e-01
7.107450160918690196e-01
6.574179200826665292e-01
8.613725988623045504e-01
1.073308616046198871e+00
1.047067417643381848e+00
1.163429187171756807e+00
1.222238775981351999e+00
1.282513808569752722e+00
1.182959663907819037e+00
1.387300405024279648e+00
1.366746565737969377e+00
1.234128305938062109e+00
1.349136154622498029e+00
1.473284431040012166e+00
1.427497959727765720e+00
1.442629736649595484e+00
1.470249468856096087e+00
1.630042711450296222e+00
1.639524010822575484e+00
1.804177019288307982e+00
1.660380373084454408e+00
1.815390108987146034e+00
1.792754313806974364e+00
1.820570294880452078e+00
1.954281734690058947e+00
1.845830959670959448e+00
1.964390069889738522e+00
1.987469749679059206e+00
1.933946388072096623e+00
2.204865588479237637e+00
2.274052668269106903e+00
2.351285979346654731e+00
2.459231568610535046e+00
2.657216768572052690e+00
2.614180177822515549e+00
2.806052839731303816e+00
2.855784098906539725e+00
2.935402251307509314e+00
2.921884493440540798e+00
2.984643907889082293e+00
3.136960503125897137e+00
3.189709332885295456e+00
3.421514420816052393e+00
3.347672164987423482e+00
3.491511821550321137e+00
3.340352879498047933e+00
3.052849843383521389e+00
2.653560561317926503e+00
2.665976162007344552e+00
2.754541482243009209e+00
2.769162523052519198e+00
3.017848253694689120e+00
3.169598614472299403e+00
3.249302716894586052e+00
3.159370542489153166e+00
3.242146678238565283e+00
3.284480214743089377e+00
3.258106572710885551e+00
3.184239732983991544e+00
3.105279379294494380e+00
3.190798175631261557e+00
3.292051015849413176e+00
3.062377846420942351e+00
3.034142874773676279e+00
3.001260838671207409e+00
3.136495633313132636e+00
3.051777534043693230e+00
3.118535580659423267e+00
3.119969351518737000e+00
3.111114607048084846e+00
3.068440825507577241e+00
3.040775980508890974e+00
3.042962546057611295e+00
3.068585794859811422e+00
3.175177696131288752e+00
3.086814532337668116e+00
3.100018468196454435e+00
3.082949098101674945e+00
3.017997314707854706e+00
3.273929449456413288e+00
3.214029595009835649e+00
3.184719998468515723e+00
3.338303347847627389e+00
3.491692812740572194e+00
3.408213393615092013e+00
3.582713275444772805e+00
3.539732674694890946e+00
3.435588916026285133e+00
3.706258482051354441e+00
3.798102489371241841e+00
3.720635573448743294e+00
3.879512181056678166e+00
3.946973643413256294e+00
3.828196952328224434e+00
3.842293494868537440e+00
4.075962277623712993e+00
