2.611744678045111057e-07
5.138598801676151906e-01
5.069647721998398193e-01
6.005068230406354068e-01
7.471303992168085717e-01
7.561306949571354741e-01
9.461691812972369275e-01
8.814456293897053873e-01
1.047247056607260252e+00
1.126067662300801020e+00
1.196510482158231303e+00
1.180587570633619521e+00
1.245324314317704850e+00
1.200107006368751783e+00
1.036555009783331149e+00
9.902409387718107414e-01
9.412110387111516374e-01
1.086892698863869411e+00
9.265232088164024882e-01
1.150067399918727418e+00
1.044920996242055367e+00
9.816026508341563206e-01
1.124892152967782222e+00
1.238769275833858208e+00
1.280540743606715104e+00
1.239408564544953295e+00
1.225733727291091757e+00
1.064577628270222842e+00
1.238350282309187200e+00
1.389265431574856491e+00
1.563173313732246994e+00
1.414051386353695872e+00
1.432494243370459053e+00
1.186359123531909976e+00
1.087913995874686623e+00
1.015708206144086523e+00
1.156546869913525066e+00
1.306262278423768741e+00
1.511727664113414749e+00
1.317387280486395973e+00
1.401637350027514328e+00
1.344813580354055293e+00
1.459424115564005531e+00
1.727522556137264242e+00
1.628761182575859223e+00
1.682300212719407329e+00
1.516649218136405297e+00
1.566559864641544841e+00
1.363567792705627113e+00
1.334205448994150167e+00
1.446317428075336364e+00
1.354621742739664514e+00
1.145600711824168672e+00
1.130281595765379121e+00
1.025495995109203085e+00
1.025892181413175175e+00
1.098039795720102907e+00
1.082583001973145942e+00
1.102840310194513895e+00
1.045328141085342777e+00
1.158839058592396887e+00
1.325338425473852944e+00
1.389390453684303361e+00
1.423411594559076843e+00
1.450978620773059280e+00
1.439729898234771266e+00
1.466510901457226401e+00
1.405695705673757123e+00
1.547582545435342460e+00
1.495049178320431160e+00
1.409635779328996641e+00
1.485743165352407136e+00
1.534886458010316534e+00
1.491954245596610829e+00
1.591672363265168144e+00
1.523657866343985035e+00
1.681897588282032618e+00
1.601145403997302097e+00
1.494300530905670721e+00
1.640972287647606498e+00
1.552177558143854386e+00
1.420219038732987160e+00
1.350777130029861439e+00
1.615117142949139550e+00
1.918747898764719295e+00
1.878812123224110175e+00
2.031492532756618452e+00
2.276636448554198999e+00
2.043964515994237896e+00
2.029277366268517291e+00
2.122171297389095379e+00
2.086202242263394346e+00
2.088062677599838768e+00
2.024149155955234480e+00
2.117617364751590792e+00
2.188084985410148509e+00
2.120807027620400298e+00
1.867874156585807466e+00
2.002541965240532740e+00
2.080600295547228917e+00
