1.507891492923917490e-07
4.025302292933404802e-01
4.837547094539647596e-01
4.999511630136643792e-01
6.016594531004331170e-01
6.415817598288722223e-01
5.683746275489486299e-01
7.157690734726076531e-01
6.684676332613793681e-01
7.883607825139591352e-01
9.987140219372258043e-01
9.986680461214171300e-01
1.080762650927593160e+00
9.619464175908840620e-01
1.061876388979415387e+00
8.559346845343523968e-01
1.063789462854989765e+00
1.096183895289560395e+00
8.942401598126362705e-01
9.135278459093629788e-01
7.598688378519768971e-01
9.271983028256831627e-01
1.168579233595518962e+00
1.131635879941240708e+00
1.001403111908275578e+00
1.126483117108807663e+00
1.159693657679604417e+00
1.303423902412690127e+00
1.381737440023212526e+00
1.370378321322960780e+00
1.453001588222629037e+00
1.390629056004003106e+00
1.378941482761813386e+00
1.324252274929625939e+00
1.234392892925110230e+00
1.215485374340510516e+00
1.208679741928411211e+00
1.231531308689430837e+00
9.872528181600711550e-01
8.655754384942625501e-01
1.002191036291635529e+00
1.060019994355485995e+00
1.172661762683420816e+00
1.211002092904619687e+00
1.480044278067958574e+00
1.476923522846315340e+00
1.462378223023176327e+00
1.497181000770563486e+00
1.720174979604935706e+00
1.664668961685522364e+00
1.457098781685443489e+00
1.225948241514972503e+00
1.130472162305015571e+00
9.503447443063204325e-01
1.120780359105615798e+00
1.189083521125582577e+00
1.221654848202996302e+00
1.150504234818735538e+00
1.078019715908537624e+00
1.193937695519629916e+00
1.319498499979342432e+00
1.177296776480825313e+00
1.288728556829134897e+00
1.333371183031389240e+00
1.386425001094337306e+00
1.347535551260051756e+00
1.262005257710650863e+00
1.248932569054213237e+00
1.263464545327922073e+00
1.363051783093952807e+00
1.245719964792918688e+00
1.008724873676409617e+00
9.083529721552862091e-01
8.568901146974884364e-01
9.928450271138552496e-01
1.005200445418434896e+00
1.015556093719971908e+00
1.067134235061426795e+00
1.016636141839627028e+00
1.075567853809072050e+00
1.098558909103619641e+00
1.030451326595597683e+00
1.186287564976182596e+00
1.179577689579565991e+00
1.029175124752950810e+00
1.258716951928967598e+00
1.155568712769725837e+00
1.391156226510360971e+00
1.403743404220889612e+00
1.470610040342221092e+00
1.463586439705527820e+00
1.728006884276792832e+00
1.623588439134730832e+00
1.596199146978402483e+00
1.660348675204140534e+00
1.663400802150363234e+00
1.574805003712321572e+00
1.541927400585899832e+00
1.493493569153620415e+00
1.527425304248659188e+00
