1.507891492923917490e-07
5.705246272331556678e-01
5.563124881196787053e-01
7.193448641457854675e-01
8.114072213607602668e-01
8.255408044583641969e-01
7.188780531051836009e-01
8.085936357372006666e-01
9.653791701737702846e-01
1.066426182290320490e+00
1.093795884714420463e+00
1.431575567158939410e+00
1.448568894929248785e+00
1.558122317517928845e+00
1.523419184925860703e+00
1.473462411693479801e+00
1.503258850579430872e+00
1.794962751545836399e+00
1.709252997616902858e+00
1.644369109975307053e+00
1.862851192020181568e+00
1.622647613685542334e+00
1.708175138463696952e+00
1.535856256955278276e+00
1.630202370103384757e+00
1.392514871403778720e+00
1.395491889148244846e+00
1.457535202984732825e+00
1.524152197775384909e+00
1.355578444212762301e+00
1.431976441758548990e+00
1.601471462257163747e+00
1.505806505165848241e+00
1.404097684248331701e+00
1.541642130948802869e+00
1.397670264027620179e+00
1.526416477967804664e+00
1.611662884664952333e+00
1.563730860117422905e+00
1.453261292004812022e+00
1.612411195812953446e+00
1.530099104498590989e+00
1.563867225517210358e+00
1.640677172228618863e+00
1.556290288296134472e+00
1.550714228292180419e+00
1.687772334883940406e+00
1.667063058287191923e+00
1.723904279053054545e+00
1.896031909859520637e+00
2.025644595759767519e+00
2.102083646784487669e+00
2.039844423935451179e+00
1.893246375764942036e+00
2.065138631815818027e+00
1.812683515428377579e+00
1.931303441093772166e+00
2.014329623684432136e+00
2.360028424288999283e+00
2.185791242767807674e+00
2.257712812858089002e+00
2.317835916092555237e+00
2.162405342745487680e+00
2.128016944858173165e+00
2.095022838459908332e+00
2.117209354806072419e+00
2.284788399645379275e+00
2.356940278343323758e+00
2.435308344974743022e+00
2.372362221739808597e+00
2.392878821478880536e+00
2.361049263909178908e+00
2.370595259637837238e+00
2.185785916109949323e+00
2.243167479491486205e+00
2.552013636858204482e+00
2.339973000051835061e+00
2.729217119717690210e+00
2.788551654678093517e+00
2.750303340027481891e+00
2.536738771811939408e+00
2.328846253019742907e+00
2.312148771063978980e+00
2.397685783492683242e+00
2.264738916825637993e+00
2.244686707849480545e+00
2.357325628126493378e+00
2.220090706843031114e+00
2.341957218471573121e+00
2.251851999401718540e+00
2.294227369211840450e+00
2.405184290689722726e+00
2.453018100498718823e+00
2.409652226107515283e+00
2.537698700973447963e+00
2.766507108175753960e+00
2.723299044584887696e+00
2.718399408488341606e+00
2.620258728867002507e+00
2.541845446658088647e+00
