2.132480599880017890e-07
6.639768348426837719e-01
5.640106711707452147e-01
6.260630522378293206e-01
7.989920772527998594e-01
1.009367499357697762e+00
1.086795676394568977e+00
1.064731025739253933e+00
1.137654246016146509e+00
1.151918627359872049e+00
1.135730068262001957e+00
1.018573771937132610e+00
8.752060239592643898e-01
9.905312112392046231e-01
9.514909069478063586e-01
1.099358619396018977e+00
1.103640622943256933e+00
1.153856070628936026e+00
8.699137124699252155e-01
9.235870133682716476e-01
9.491980848323725573e-01
9.481619551262958634e-01
9.836326617598127875e-01
1.020131665422524092e+00
1.151058660969296321e+00
1.153602918398487720e+00
1.095125726277883293e+00
1.065378225461780071e+00
1.109722014249064692e+00
1.239090782571102611e+00
1.239240704033408802e+00
1.220019947563889762e+00
1.288039646842361163e+00
1.245847169146851341e+00
1.514494179333341295e+00
1.342968178914286215e+00
1.350136091771551916e+00
1.418045008708386234e+00
1.286638718963927230e+00
1.490782330985937820e+00
1.501701558357272592e+00
1.329085645568690577e+00
1.165279537518449704e+00
1.399187553924802208e+00
1.461482362444272542e+00
1.232909718074776340e+00
1.162994374943464804e+00
1.452933244949191405e+00
1.535979307544504957e+00
1.488348685579607089e+00
1.295934028294901452e+00
1.443350233686073736e+00
1.579269975732477738e+00
1.532041899188884448e+00
1.514138615276080513e+00
1.718913013558436731e+00
1.647181162582936009e+00
1.570764414573936785e+00
1.620776946610054114e+00
1.533830651868487216e+00
1.612071433869746828e+00
1.530608718043690697e+00
1.599246191457202038e+00
1.505270777933074289e+00
1.694811705045428107e+00
1.578848410829772453e+00
1.542457898487611168e+00
1.452311730174276949e+00
1.393996309495599162e+00
1.492408657336126154e+00
1.428618803334200438e+00
1.519251327630918968e+00
1.437496735317047358e+00
1.578778573778033989e+00
1.530723804815355527e+00
1.437279919947121121e+00
1.537174012753192986e+00
1.607425742569321914e+00
1.576737049598340823e+00
1.586100494216730272e+00
1.667359323620739131e+00
1.677977005123090226e+00
1.683433075402425372e+00
1.640127786921825370e+00
1.690007454094522243e+00
1.643574239260766179e+00
1.659260764803131005e+00
1.559183250331640069e+00
1.605473006736249042e+00
1.452472366219288435e+00
1.598991933451375580e+00
1.669842130893286036e+00
1.776554069328800667e+00
1.843512532200207055e+00
1.756142935663922433e+00
1.792135866534146471e+00
1.879652731444887870e+00
1.757856990283670262e+00
2.001923813592794588e+00
1.971559445012031730e+00
