0.000000000000000000e+00
4.949345519471571309e-01
4.629238557014809241e-01
6.155615704991141968e-01
7.664394733019119776e-01
7.833388250619798265e-01
8.184235219348419133e-01
7.695185611519980151e-01
8.424206176069521934e-01
9.067221313487171530e-01
8.464876458807355508e-01
9.944804014803400039e-01
1.232176985346892462e+00
9.867119542330804460e-01
9.705106535806976575e-01
1.020629201386702434e+00
8.085290399386292348e-01
1.123446264494660340e+00
1.033842071082909708e+00
1.399007192558633372e+00
1.650612173468148702e+00
1.454614136895368448e+00
1.553490607753473363e+00
1.647998529411284441e+00
1.725040384465635901e+00
1.732171490241094292e+00
1.605856732680043253e+00
1.413495222685011488e+00
1.582267640570741429e+00
1.356326043684769722e+00
1.493921098799615876e+00
1.347995260063578060e+00
1.433002999492009932e+00
1.243042443929507135e+00
1.359889261054247678e+00
1.316481707429950854e+00
1.446992916807838370e+00
1.633816192282470992e+00
1.427836149579888358e+00
1.594359798841416431e+00
1.595871651274940684e+00
1.651427364680104981e+00
1.880227230600969524e+00
2.008750015332606331e+00
1.877140840671102984e+00
1.633325979863026856e+00
1.606594325079345076e+00
1.607973600182490692e+00
1.537137441760128898e+00
1.823068856706811625e+00
1.874982915687064766e+00
1.963667781621680319e+00
1.991529388178287840e+00
2.025856337872120161e+00
2.074145830736085827e+00
2.324359095908985484e+00
2.256496695073360037e+00
2.494746385244371201e+00
2.284019133415684966e+00
2.282858015939201568e+00
2.215009781627249374e+00
2.369314239910753628e+00
2.393010011373063239e+00
2.388367147399534041e+00
2.412855862228929560e+00
2.355529590888381097e+00
2.225437682550169605e+00
2.203327486331388307e+00
2.373833617788265737e+00
2.409481008284756864e+00
2.278671755451688430e+00
2.372920345141038556e+00
2.403900366281221945e+00
2.634304935058475294e+00
2.514881141504756723e+00
2.414768472800898902e+00
2.566543037662133653e+00
2.653163702691878179e+00
2.722272931930364237e+00
2.717438894864138366e+00
2.499572629134151125e+00
2.627750856936787560e+00
2.693236022049892764e+00
2.703833973382947065e+00
2.689140595442401693e+00
2.586489108469832043e+00
2.570167880630943369e+00
2.700298469066041651e+00
2.755170554833110241e+00
2.860425480547732491e+00
3.050074141365740399e+00
3.188000150610583283e+00
3.062241786120550202e+00
3.015501810597087218e+00
3.164753969276278500e+00
3.161523739322244175e+00
3.077402690320637735e+00
3.090379633562507333e+00
3.013155080274042330e+00
3.080548856506689415e+00
