6.031565971695669960e-07
5.719309683794080446e-01
6.329536303542042663e-01
7.608606244057035672e-01
7.914540862644633412e-01
7.702497261648166837e-01
6.435373707298798207e-01
9.212626687361925581e-01
9.070395025302421255e-01
1.013713630512552477e+00
8.719804623635325491e-01
9.005426977534368715e-01
1.055362886512166920e+00
9.062386568179465751e-01
1.060318962084923378e+00
1.149863048995775294e+00
1.086364400033920985e+00
1.030881977991841669e+00
1.230436213878097096e+00
1.321000296172816890e+00
1.053493457962592528e+00
1.152718744478003376e+00
1.021069594425035865e+00
1.225602849022299878e+00
1.118724419921317548e+00
1.439749147814253893e+00
1.491029055167638173e+00
1.742071669159630520e+00
1.478166537844745054e+00
1.566263623440545816e+00
1.666710037064573768e+00
1.649915013310771172e+00
1.908720615876912996e+00
1.773522838812836344e+00
1.883624021272075399e+00
1.916161838027822917e+00
1.875819556570145652e+00
1.943361351711222484e+00
2.081276892279279700e+00
2.199116975733235169e+00
2.251761145144874465e+00
2.086732918232544254e+00
2.300215757576603348e+00
2.158305133922375330e+00
2.223556996062435065e+00
2.137446902091889811e+00
2.214412617586614118e+00
2.291783192974083061e+00
2.464987785615686544e+00
2.495359538266792576e+00
2.581549341991252522e+00
2.526135233597774921e+00
2.420875196871959290e+00
2.543799026530298324e+00
2.493102544059166981e+00
2.507591493886792922e+00
2.695503539342863242e+00
2.540299922563653556e+00
2.548322673244222347e+00
2.423497033456405436e+00
2.399645446662423520e+00
2.327512991328708480e+00
2.137825510067814072e+00
2.158967072376195340e+00
2.216423746444525555e+00
2.250368153548738981e+00
2.404084828114501970e+00
2.336142555306535584e+00
2.448157937136102635e+00
2.414046526861293618e+00
2.504815153154215768e+00
2.645967552801051781e+00
2.548977682734760553e+00
2.594091731314565052e+00
2.480323117755544704e+00
2.195805342082026712e+00
2.107431184411393321e+00
2.117236117954819363e+00
1.983694970903153054e+00
2.017385953136855647e+00
2.249565618956840041e+00
2.462630893850497937e+00
2.393451678578938591e+00
2.326985045010061981e+00
2.450828883246916945e+00
2.400037210026414680e+00
2.685165812363528026e+00
2.373354791315682721e+00
2.344338363639284939e+00
2.454921823904727241e+00
2.557578303535479769e+00
2.746798197364940020e+00
2.707925403707428735e+00
2.485011766091999252e+00
2.407099931671366821e+00
2.390798512398012665e+00
2.404175326804951940e+00
2.645922948399097141e+00
2.687990647695558177e+00
2.864236995919802187e+00
