2.132480599880017890e-07
4.543688324271577539e-01
5.876355943678280846e-01
5.423319252379583677e-01
7.712268294971901250e-01
7.110343151935809569e-01
6.180899653163342000e-01
7.833474954238214272e-01
8.270754249272681546e-01
9.476213123470045296e-01
9.345559529694407175e-01
1.038189586521761854e+00
1.069411411795172295e+00
1.055918014311425068e+00
1.148675918936331364e+00
1.313325211888753508e+00
1.270183481002422621e+00
1.430860849114962363e+00
1.216868122635618166e+00
1.370598425594664382e+00
1.416430917337739182e+00
1.549559382845995259e+00
1.608960052530926665e+00
1.483654901129215054e+00
1.352023195863129468e+00
1.338335860465446059e+00
1.243459659473762358e+00
1.398944088185068102e+00
1.375444159698128166e+00
1.333581444252693204e+00
1.515330430968792719e+00
1.583574396722244204e+00
1.620721711173704005e+00
1.691392995207644967e+00
1.802703334625969767e+00
1.987584763832926260e+00
1.970992746936195861e+00
2.066334338840092766e+00
1.737268726887040371e+00
1.645055589932818307e+00
1.793487091680096901e+00
1.865485016061674273e+00
1.792065966837369073e+00
1.861974640348287524e+00
1.895776275717804271e+00
1.785311929563187627e+00
1.742408127762440806e+00
1.736427342917606476e+00
1.776917169911740979e+00
1.708537822590722177e+00
1.675614022782581758e+00
1.648532294641956719e+00
1.631983715704249382e+00
1.821152814047316326e+00
1.875706418617961058e+00
1.955722925234702814e+00
1.743652053127219492e+00
1.746345984376373783e+00
1.673420634268735663e+00
1.550566246496696055e+00
1.539816363661726806e+00
1.683767987358473439e+00
1.800331102010819473e+00
1.836822034878722310e+00
1.269247628032488695e+00
1.364808993384066138e+00
1.696882463965031951e+00
1.684173605871371660e+00
1.586577530232056388e+00
1.802418751979780742e+00
1.853420317622752611e+00
1.866651815240480516e+00
1.784962113157250840e+00
1.728326017920561508e+00
1.675273606766338297e+00
1.747595273154793238e+00
1.858926919414476187e+00
1.800031009498364032e+00
2.129557152757310501e+00
1.978879137934147270e+00
1.863415293686190077e+00
1.845829063933680070e+00
2.060167462032238106e+00
1.896359639410928111e+00
2.023538646134011021e+00
2.155232712122426619e+00
2.107186952823597359e+00
2.182387972020500388e+00
2.143837797056149519e+00
1.983749423055569006e+00
2.027138379482523511e+00
1.965398422134873035e+00
1.802373645680789505e+00
1.814730095653079633e+00
1.963561214036457558e+00
2.057086085860387659e+00
2.082266346047348282e+00
2.147432774498133856e+00
2.226493335577440114e+00
2.268564324565716106e+00
