4.264961199760035779e-07
3.821957280643125121e-01
5.178334231936023713e-01
5.084401477002815639e-01
5.847730786123140900e-01
5.060106409170287423e-01
8.082572438222698219e-01
7.874596609618408349e-01
8.452278862008244520e-01
7.838237704972803588e-01
8.517757469963611605e-01
9.161956813732272664e-01
7.302640576075812850e-01
7.365605604914223781e-01
7.325939718044507387e-01
9.578070227244249724e-01
9.395800159376062055e-01
9.332635208420172468e-01
9.540197934697378646e-01
1.175791400034869039e+00
1.079629494577494020e+00
1.009417775952669238e+00
9.583607516505155965e-01
1.000997946671238648e+00
1.006222686089756069e+00
1.018618341515489911e+00
1.389192045080463789e+00
1.166785598919581668e+00
1.093662134692474863e+00
1.272593850656694725e+00
1.241683101274648315e+00
1.438353641003420114e+00
1.450112870934713083e+00
1.625911163632071554e+00
1.661255037527789913e+00
1.790999286324812312e+00
1.853119113803097795e+00
1.939907793701777461e+00
1.866429596003033931e+00
1.771669165270213675e+00
1.680970757600248167e+00
1.578800729808907732e+00
1.731221038436492332e+00
1.920166290370894702e+00
1.912925585716673149e+00
1.707503282720618465e+00
1.851994428975300533e+00
1.933570579242527954e+00
1.880903797562726520e+00
1.802139138102583749e+00
1.696736720660526387e+00
1.823614830921869823e+00
1.926620131785159229e+00
2.072150292377032521e+00
2.173837273038384144e+00
2.584433895970458472e+00
2.484639004258161421e+00
2.761503875476952086e+00
2.629933757545511952e+00
2.651764275063335230e+00
2.772785558755185953e+00
2.836147814273087597e+00
3.029932488913299693e+00
2.919642310225403214e+00
2.913089017514924439e+00
2.711355014411187092e+00
2.654188800506541046e+00
2.788430077670720486e+00
3.120177833845773296e+00
3.511008326263124868e+00
3.535524687594600035e+00
3.597580730650777436e+00
3.670547134228741015e+00
3.775508160418960202e+00
3.864918180993761165e+00
4.074717428731664093e+00
3.981541803844129479e+00
3.959530212604690735e+00
3.991000425931941820e+00
3.942098313423211042e+00
4.102428977286590950e+00
4.280532278032018745e+00
4.293426689995492929e+00
4.383421774028186668e+00
4.370063575295602298e+00
4.127633233001670732e+00
4.137991448615208512e+00
4.076747357013797313e+00
3.939847925971228904e+00
3.885873807682069803e+00
3.846087164361041921e+00
3.970551539922808626e+00
3.973859654141759457e+00
4.188314590727934217e+00
3.964836996288343851e+00
4.054580594679033645e+00
4.077060909103446207e+00
4.065343060115858442e+00
4.146679085424494815e+00
4.168124841472775621e+00
