2.611744678045111057e-07
3.757682223338159599e-01
5.110382331752970630e-01
5.427931456222336859e-01
6.348125282861215579e-01
6.667686917916609834e-01
1.074197161653583033e+00
1.104036307045131338e+00
1.112390221449403027e+00
1.012042661248833353e+00
1.299384996125429570e+00
1.111029832680721974e+00
1.086234047008597603e+00
9.392246056527195908e-01
1.077284051304064016e+00
9.573194433053995311e-01
1.144263491894330187e+00
1.023118741511408025e+00
1.120662412684991338e+00
1.042959571711362887e+00
1.107977745779772372e+00
9.362103364477737388e-01
1.006460196724743072e+00
1.109405563546923323e+00
1.189124197409560546e+00
1.156089318938723576e+00
1.211469566339794746e+00
1.116597302954474680e+00
1.323265802579963957e+00
1.320360344460216551e+00
1.045850172953029400e+00
1.154394418100354258e+00
1.383749579991113698e+00
1.395373519718454469e+00
1.482430957015141937e+00
1.434945887240247631e+00
1.517999496081599231e+00
1.403632321690930551e+00
1.462562353247686575e+00
1.464547034906313439e+00
1.339656928562660942e+00
1.280556629767584997e+00
1.248579626978662205e+00
1.136628243443944086e+00
1.290554196394438025e+00
1.377974880207883945e+00
1.374648536489776474e+00
1.284758091802713942e+00
1.305638203872794723e+00
1.592064471105707257e+00
1.597008219846086874e+00
1.485347300817114746e+00
1.568913405885413503e+00
1.529339153625984382e+00
1.584660713537796584e+00
1.746044312289195766e+00
1.923125648579544933e+00
1.707427345801607377e+00
1.690235474525436876e+00
1.813943489339897353e+00
1.872035053759137258e+00
1.773466416776903642e+00
1.923155489449811517e+00
1.832252640962355184e+00
2.087278511545568094e+00
2.283975069972078664e+00
2.348619597316222052e+00
2.350143089197244350e+00
2.363014751547996006e+00
2.451041997178915910e+00
2.504860459220284774e+00
2.332292418398178135e+00
2.233344220228751897e+00
1.909947473163911669e+00
1.939003947768393354e+00
1.796502239818033253e+00
1.973759870759047574e+00
1.919767853697889937e+00
1.806939914875373976e+00
1.712176244097151967e+00
1.433926324667333496e+00
1.599282225900778398e+00
1.249288051999670746e+00
1.300284112163849537e+00
1.375747248529311850e+00
1.426731791065009025e+00
1.595216086015641022e+00
1.591115774112984882e+00
1.699900116854713206e+00
1.687590772328324551e+00
1.622576452682469972e+00
1.758965686716053911e+00
1.899216478203303859e+00
2.222107432779887759e+00
2.019588982100413155e+00
1.871027387619792925e+00
2.194796084737603348e+00
2.140884432939014204e+00
2.089622435431554237e+00
1.869388948368720493e+00
