1.507891492923917490e-07
3.829683969562308610e-01
3.649897946633030021e-01
4.801813451027926449e-01
4.719019136531457104e-01
5.768744856686542910e-01
5.758607077176921551e-01
5.664420455143635014e-01
5.685156868073533154e-01
5.762622458699900863e-01
5.250556370020328378e-01
6.515446781028112477e-01
5.107832855167453445e-01
5.544832331199933684e-01
7.042943761247260070e-01
5.507583632936211560e-01
6.241881164888536393e-01
6.855804299862360285e-01
7.707835123334418892e-01
6.500367010805464529e-01
6.577610100515650648e-01
7.468333512569763633e-01
8.510802889271548155e-01
1.054513037116153518e+00
1.006177615046334184e+00
1.013232410251727611e+00
9.463620895975791703e-01
9.533028338885822794e-01
9.257065067800861469e-01
9.071344231844332695e-01
8.568505453764027058e-01
8.188410758389128574e-01
8.420473354303616986e-01
8.243994532460836577e-01
7.715278879067019036e-01
8.624846444222091790e-01
6.859186288848585500e-01
8.540102831377220927e-01
9.491886529318512844e-01
8.681360370200406074e-01
9.461031692621438838e-01
1.017953688263417922e+00
1.046329723892525987e+00
1.103927243764401878e+00
1.337928301854954150e+00
1.187344751756763017e+00
1.118360654592899905e+00
1.115653610653072558e+00
1.250872881411059234e+00
1.350223262168855465e+00
1.455903473097686751e+00
1.334869655763957219e+00
1.304443564894457896e+00
1.330770089077480289e+00
1.310089380709627660e+00
1.387940218951685845e+00
1.417539073236568692e+00
1.333108022062487352e+00
1.259696076427446743e+00
1.229996552679509358e+00
1.234715030036574346e+00
1.129225054787063920e+00
1.226924287406863989e+00
1.187881298528948859e+00
1.118592116377340906e+00
1.061872545408071522e+00
1.178131971194781302e+00
1.182922095932189333e+00
1.106505076148359024e+00
9.193646497603663592e-01
1.032321595383406621e+00
1.074401334919195428e+00
9.942402493717443779e-01
1.024311446732670605e+00
1.096715326061351359e+00
1.181964861598063576e+00
1.062081897636103278e+00
1.140536864847755405e+00
1.024408288208032536e+00
9.758534563181636701e-01
8.555824292245308715e-01
8.815260357614759235e-01
8.654566731768310595e-01
8.990143156076663145e-01
1.123437089907014519e+00
1.007950241597266539e+00
1.225337993409521431e+00
1.375416982459693349e+00
1.286379109230993301e+00
1.221768903047155019e+00
1.310945831660963901e+00
1.328487379592925954e+00
1.267690009531010631e+00
1.261666702237150162e+00
1.236690758751357366e+00
1.303432591488459247e+00
1.134614249373019357e+00
1.284422095869445890e+00
1.399700415563918998e+00
1.541496078779303724e+00
