1.507891492923917490e-07
5.854341076534593791e-01
5.803533432366350109e-01
6.289769107228272427e-01
6.032025396557110231e-01
7.935637581492667181e-01
8.634607603450972224e-01
1.037477076640249241e+00
1.095985582386298951e+00
1.095770512097915539e+00
9.518888816580332035e-01
1.074875695791738917e+00
1.074959007010491518e+00
1.042186126610786356e+00
1.019318659417349338e+00
1.004017875717745589e+00
9.636977672749741375e-01
1.129460343890713148e+00
1.133309429703856175e+00
1.095050745921180235e+00
1.271442782324382570e+00
1.006914959441731705e+00
1.042188153586778077e+00
1.152844306731829027e+00
1.166715211307163491e+00
1.112616728162294955e+00
1.173553498427015951e+00
1.182277092856837797e+00
1.152004820874190871e+00
1.039036821354923701e+00
1.070378304156659244e+00
9.159488643253936857e-01
1.202860380813539631e+00
1.119091984086429958e+00
1.192519558232589594e+00
1.359086082150002817e+00
1.226925994245110063e+00
1.239593654966148595e+00
1.205776279059534328e+00
1.101062205427740803e+00
1.118175187192117503e+00
1.004211013688117049e+00
1.065799029078536631e+00
1.085718832914134513e+00
1.035642981813730712e+00
1.148605650581104642e+00
1.151964885261588911e+00
1.336655784954851933e+00
1.442046612446878484e+00
1.454075252923927142e+00
1.455086300346907446e+00
1.603203072610423163e+00
1.634130767555081798e+00
1.498375223258228583e+00
1.369992634168897938e+00
1.470772258294162027e+00
1.507839062888584492e+00
1.765402817975725291e+00
1.638817938240589633e+00
1.541550221380540542e+00
1.672716406039110648e+00
1.515689814663959245e+00
1.664919903216464547e+00
1.595792240677835760e+00
1.610372311411648383e+00
1.481192405517081312e+00
1.519158521549405894e+00
1.449598815191877277e+00
1.592749284412436683e+00
1.706910285341420197e+00
1.566683588621116785e+00
1.621855122522683379e+00
1.516880867920795462e+00
1.584620719802710687e+00
1.633783400089446003e+00
1.763360486422856699e+00
2.061030287057962873e+00
1.881909314957893820e+00
1.868159098225110837e+00
1.914551411418592197e+00
1.884874651417842939e+00
1.872326347320661721e+00
1.798789363902719929e+00
1.959556849643680376e+00
1.780695897367049474e+00
1.682705106930954875e+00
1.601825162706053796e+00
1.644383423788617460e+00
1.756820164567485021e+00
1.638025833377159790e+00
1.598100753978952016e+00
1.637022987715535338e+00
1.644975354443350968e+00
1.984479573879351477e+00
2.044664794662795604e+00
2.033233285240375388e+00
1.790330743296579818e+00
1.871448591279952556e+00
2.043465845477256071e+00
2.208850927397173702e+00
