1.507891492923917490e-07
4.359565110084428485e-01
4.799228321826985999e-01
6.866383614392891355e-01
6.092081688874769752e-01
7.069372273444398669e-01
5.714021474844062087e-01
5.215252300890839132e-01
6.321880786724228818e-01
7.076277067744696225e-01
8.059262607775059539e-01
9.464139930279170665e-01
1.082903285966509976e+00
1.202566565669723753e+00
1.298140737280076840e+00
1.149169133192170733e+00
1.289241739307053214e+00
1.188541881349447271e+00
1.246196024914966838e+00
1.098352268601910708e+00
1.039321501094437883e+00
1.180801816560237638e+00
1.118331415161751830e+00
1.205026725504207752e+00
1.162929844839709403e+00
1.232792313451210875e+00
1.175749864616470575e+00
1.177981542597944964e+00
1.179829214762882161e+00
1.278309162078595129e+00
9.757592906891271456e-01
9.851687743800383590e-01
9.658228313036191226e-01
1.009260243131329338e+00
1.151901962656788792e+00
1.030183410725417747e+00
9.852771510806841437e-01
1.162447573030175985e+00
1.173221993807431529e+00
1.236653991587298496e+00
1.232254258295340188e+00
1.297365108889610541e+00
1.239179107070577324e+00
1.394504769534772537e+00
1.184238708388603900e+00
1.221472575842881048e+00
1.242489340019531374e+00
1.207160615623798616e+00
1.484236166898548648e+00
1.385751697519254755e+00
1.339545433607986613e+00
1.302843872592042818e+00
1.270592041616271262e+00
1.316843483319237951e+00
1.594424092561061768e+00
1.498711115756734991e+00
1.494755855035578840e+00
1.527496794155625004e+00
1.648717836943612847e+00
1.663290064053617234e+00
1.659259873246709871e+00
1.687419098526783401e+00
1.726312866005763391e+00
1.706236733570779096e+00
1.964408182032206129e+00
1.968123822678754298e+00
1.856113721154559748e+00
1.794529091376805496e+00
1.558608463540533284e+00
1.563972085696926362e+00
1.466452200062257960e+00
1.436778391916795572e+00
1.342312544526854001e+00
1.384893279856540982e+00
1.442507039519283829e+00
1.545920457575565399e+00
1.555334024124387371e+00
1.527667336908819395e+00
1.481042681479581624e+00
1.512798518994732389e+00
1.787506918133426215e+00
1.643665212787731589e+00
1.622058777434437493e+00
1.662868036958629059e+00
1.618337812361862582e+00
1.555199349134609665e+00
1.571596455436721218e+00
1.695835274455175234e+00
1.604598576445989577e+00
1.735526372970665143e+00
1.806115668010157993e+00
1.655545085583594700e+00
1.536340603559560147e+00
1.579075968440713185e+00
1.520122640296389216e+00
1.543145003206515042e+00
1.636925189776894607e+00
1.647033474874617154e+00
1.548501510520464697e+00
1.553964778095927812e+00
