0.000000000000000000e+00
4.602839397067132743e-01
4.766100566734529642e-01
5.690551171242789197e-01
6.480776926178325459e-01
7.431482940536462412e-01
9.554746592022193008e-01
9.648855865097859530e-01
9.704709175804749899e-01
1.017640754257249425e+00
1.148417122934932921e+00
1.106107550255025718e+00
1.328605030797261888e+00
1.333310251319971051e+00
1.338622923860955716e+00
1.302934719267031527e+00
1.155851540640058017e+00
1.320179180447024869e+00
1.356281774345317270e+00
1.407565556870897128e+00
1.132995029075495319e+00
1.328299824629044279e+00
1.146532677633141040e+00
8.651108110826976061e-01
1.032842770490976392e+00
9.009516288913987925e-01
1.119367186466419417e+00
1.216768092234886245e+00
1.113187799411366807e+00
1.063677038867174796e+00
8.957801835007915825e-01
8.217943833767692441e-01
7.740770475997764688e-01
8.425334338343711815e-01
6.936951117207628137e-01
8.143751907644621868e-01
9.474640678814789663e-01
9.904998610530790781e-01
9.730953313064175658e-01
7.150226201579414909e-01
8.753449216305347891e-01
9.763739067460005527e-01
9.514771452759137604e-01
1.015746082861540556e+00
1.216667983216792370e+00
1.077400849704981400e+00
1.267084449443336647e+00
1.279117573657278184e+00
1.316507973064288350e+00
1.183118338609939313e+00
1.331610047394292451e+00
1.460365626247604798e+00
1.485694659221731273e+00
1.401313177264827292e+00
1.565534282400280475e+00
1.605023306499743896e+00
1.502824309616742404e+00
1.758219888352040350e+00
1.699351097992364279e+00
1.502318403305638483e+00
1.479966960058021419e+00
1.333873276840478406e+00
1.408526868984925962e+00
1.283915660673873971e+00
1.331548775213315938e+00
1.295746054656464752e+00
1.540111241216541860e+00
1.730771900126783391e+00
1.580838545184751309e+00
1.518796628245784319e+00
1.622285398585152638e+00
1.759450951279875719e+00
1.783933711218123497e+00
1.788440160811767710e+00
1.928942057375283348e+00
1.902668204618500392e+00
1.844308991903586659e+00
1.737390727946803937e+00
1.704032288815138019e+00
1.621976928949370178e+00
1.687727561091684203e+00
1.675567945710780382e+00
1.668279694049421780e+00
1.820456304553086158e+00
1.652742590054512517e+00
1.716351563841878258e+00
1.774923968754389403e+00
1.609007923934442807e+00
1.505299489483292730e+00
1.429284799420905028e+00
1.588634535964473793e+00
1.705288550306678363e+00
1.773787854554865095e+00
1.726507512654671839e+00
1.828957889354203781e+00
1.702692410361652087e+00
1.738077456490413786e+00
1.659572838265215733e+00
1.600650745942391762e+00
1.536174729546593953e+00
