2.132480599880017890e-07
4.193908452160827749e-01
3.772939347421259138e-01
5.362172367101829540e-01
5.888446561368154697e-01
6.157247898610112014e-01
4.868192377871172760e-01
5.924577156892814056e-01
5.780358677204210371e-01
7.530103430316404944e-01
6.055181395985010928e-01
7.177239932621227725e-01
8.431666713662465673e-01
9.223071946393017750e-01
9.267426462941279475e-01
1.006160955288318837e+00
9.780158390008427682e-01
1.019030858820923369e+00
9.627284413478839342e-01
8.817040175546123626e-01
7.764045021298208171e-01
9.094910777716064265e-01
9.102063066535620584e-01
9.700494090079797571e-01
1.029236949938161283e+00
9.661960222256247288e-01
1.025694519380652148e+00
8.563179857052134469e-01
8.706543258448378175e-01
1.000134023994450283e+00
9.127794947632925648e-01
1.025107698569014847e+00
1.010993952953656017e+00
1.030301931513035063e+00
1.117021793452874112e+00
1.178967588197429528e+00
1.183022359501199272e+00
1.296277217081689637e+00
1.445000096557829128e+00
1.475237735966867358e+00
1.455509555556351753e+00
1.615206568563696710e+00
1.528753350368760477e+00
1.814567762607402823e+00
1.574670940554302012e+00
1.677262854609749221e+00
1.367782930346536308e+00
1.541830154947904985e+00
1.512444034481975397e+00
1.439277631328075957e+00
1.605884663264792955e+00
1.562792327746369558e+00
1.633025388680423351e+00
1.221174917645073021e+00
1.310235284405552036e+00
1.118261244285602807e+00
1.045857354483340940e+00
1.021711140104124560e+00
1.159450195008288276e+00
9.956612903104852252e-01
1.188545436165854730e+00
1.279361938406998078e+00
1.475749151642456125e+00
1.562707936099650974e+00
1.640128628069519534e+00
1.635436399116848794e+00
1.703323314702897440e+00
1.825220517666352293e+00
1.849423020009795637e+00
1.797499817435062486e+00
1.784419851669557744e+00
1.986429107297549734e+00
1.803880905185156980e+00
1.719085053124117080e+00
1.828771800114920909e+00
1.855565624429106109e+00
1.989797175178202870e+00
1.763544192061628824e+00
1.730274550496844199e+00
1.760536915461525131e+00
1.707663143910794323e+00
1.621055795892772267e+00
1.505879846046411119e+00
1.551968121644373033e+00
1.748861883162333708e+00
1.851172123855203466e+00
1.903926973200133821e+00
1.616413838127479963e+00
1.705979600110651084e+00
1.769611359457063049e+00
1.571887076302145081e+00
1.667193789803030679e+00
1.525834787784551949e+00
1.595973599070878768e+00
1.709190331749907976e+00
1.692362264510093750e+00
1.785381286683352942e+00
1.970015425590674552e+00
1.822852563606715215e+00
1.722550883796688082e+00
