1.507891492923917490e-07
4.879612601592048238e-01
6.924599427146969077e-01
6.543228480638897393e-01
8.922049287339509638e-01
1.131993564457230761e+00
1.000947770762152356e+00
1.094944325669560570e+00
1.131892847532207202e+00
1.123056393421724364e+00
1.196554327224657932e+00
1.186002877243461651e+00
1.423662724557801074e+00
1.491536279187865466e+00
1.580110510624866293e+00
1.587077719078766602e+00
1.406885217649122000e+00
1.376671966271531877e+00
1.337796771019054809e+00
1.398414186204958165e+00
1.192575698510341953e+00
1.204031746855083629e+00
1.186057188794584327e+00
1.376898388383170690e+00
1.233501834808895747e+00
1.250367948268048313e+00
1.111786676627235737e+00
1.091348929124818845e+00
1.183389678669592993e+00
1.457702555542054856e+00
1.402819799957856217e+00
1.429113036568745443e+00
1.444292215249519007e+00
1.241582868347217428e+00
1.282521758617874541e+00
1.225850319863840188e+00
1.078453905456538076e+00
1.169893140397599396e+00
1.430084734501609667e+00
1.593253209835783890e+00
1.754410145332939042e+00
1.684532162425868007e+00
1.715793955449618657e+00
1.458963025964310045e+00
1.679383969110716412e+00
1.558008268826954756e+00
1.616213563622650007e+00
1.657948037537813502e+00
1.594045817941823096e+00
1.509661203123528583e+00
1.593513766097863549e+00
1.606803183938077639e+00
1.698697507679147956e+00
1.477890269471233919e+00
1.535721063029197531e+00
1.508680419949352203e+00
1.567975900838751047e+00
1.453423626904015720e+00
1.605258212180797672e+00
1.425866858328678211e+00
1.460412485239737546e+00
1.339277738279933905e+00
1.253043179958522879e+00
1.369491209641367169e+00
1.344469664506571460e+00
1.392496406250001373e+00
1.305253512005121186e+00
1.270698877969977270e+00
1.214695325860740249e+00
1.177654723013024762e+00
1.337788716177277015e+00
1.480471454122989083e+00
1.454508246162034446e+00
1.390935167894586044e+00
1.437274395285075501e+00
1.451082405030124756e+00
1.466246146761027491e+00
1.594631479271477081e+00
1.600820007186586569e+00
1.669779350458248324e+00
1.737326256771150046e+00
1.751549830139862651e+00
1.596350910532042366e+00
1.525922260110066819e+00
1.753180347531693606e+00
1.768083984791128938e+00
1.724967391329115252e+00
1.688666107652656567e+00
1.652789790531826952e+00
1.514668794003418473e+00
1.648929513496338872e+00
1.659686155910343741e+00
1.758409022119414633e+00
1.610230067272930610e+00
1.635038919824738812e+00
1.657549506048421994e+00
1.650518334462915737e+00
1.653532971473483437e+00
1.750163594621660490e+00
1.747509566971581885e+00
