5.223489356090222115e-07
4.148872095457221687e-01
6.023439102540568690e-01
5.373442283070843928e-01
7.395265947949972718e-01
8.656413493831309758e-01
8.505340150053178894e-01
8.189354481669811614e-01
7.247239790471619036e-01
9.909921304484053950e-01
9.956871244507999874e-01
1.065212928170865325e+00
1.332388592305157715e+00
1.173537636541718721e+00
1.248610996094010606e+00
1.158717432169276584e+00
1.127795597417850848e+00
1.254289290300409698e+00
1.375598653734481314e+00
1.429898297611550406e+00
1.382335327356432941e+00
1.403000702556111090e+00
1.477005544916901059e+00
1.563483657816372885e+00
1.637968151356106183e+00
1.570760017343936665e+00
1.711009969050549806e+00
1.770897518209908927e+00
1.794158365486934414e+00
1.886519400371282629e+00
1.690146060830831409e+00
1.829783260613520035e+00
1.972590245346142579e+00
1.965784772885238452e+00
2.002030384371160210e+00
1.891311875869875703e+00
2.166875270179556168e+00
2.144414803272891579e+00
2.109727385111252129e+00
2.015582961011467944e+00
1.993908554556388824e+00
1.901577986970278689e+00
2.179043761200938789e+00
2.114593757736435542e+00
2.054378710987581957e+00
1.890238093657472529e+00
1.987194011563490736e+00
2.101695880540316086e+00
2.081559611685331657e+00
1.927151281637252023e+00
2.052917625672497692e+00
1.765701914173622988e+00
1.803040898957718463e+00
1.968068622073394058e+00
1.834425615812216082e+00
1.837340271083971688e+00
1.683353997823465509e+00
1.894084452876640290e+00
1.714438502434422418e+00
1.999500074830510510e+00
2.053164909898134827e+00
1.994063437258202454e+00
2.068126358375744989e+00
2.119558195746931606e+00
2.020687795907795792e+00
1.952513349593492764e+00
1.860742782832864872e+00
2.061726406543807233e+00
1.745812051792097197e+00
1.888190160665687678e+00
2.105786565665789922e+00
1.971710127549717528e+00
1.968398651503148189e+00
1.931156887459520410e+00
1.941388634736835872e+00
1.871232559548468233e+00
1.635678045448009099e+00
1.822935358646642356e+00
1.828421501117133197e+00
2.095298307304205743e+00
2.001358075395655689e+00
1.993913119533043732e+00
1.967981449948636330e+00
2.089205374847129981e+00
2.099127199891396955e+00
2.239431672919862226e+00
2.351702145741868311e+00
2.259030483970987380e+00
2.174004623024020422e+00
2.096407475285136712e+00
2.076006011131170670e+00
2.165332312755189559e+00
2.212027957075623608e+00
2.362707709238241804e+00
2.403227334341341948e+00
2.200311561744818789e+00
2.090980703068218816e+00
2.117698002349692299e+00
2.215999355086287537e+00
2.074750755589452211e+00
