1.279488359928010787e-06
4.128916963334186563e-01
5.957701464304504535e-01
7.373058390721246580e-01
8.782245319289490038e-01
8.904184323585059291e-01
1.033848216627824668e+00
1.203993557166169737e+00
1.118156546054473344e+00
1.301938318049676857e+00
1.272753957313051520e+00
1.318883442297213771e+00
1.630319290472436400e+00
1.712446574741781857e+00
1.599664630718415914e+00
1.883157267674452129e+00
1.710930478420174206e+00
1.733212185562936991e+00
1.851509728411959044e+00
1.879695167435879499e+00
1.904233100977415161e+00
1.985694548007397087e+00
1.973467127703323998e+00
2.293081715593821013e+00
2.335340427585375078e+00
2.261943325916561776e+00
2.439571465142947648e+00
2.490903263183175564e+00
2.265735726993212573e+00
2.271241893138205459e+00
2.313916576841049455e+00
2.359147699587273994e+00
2.389511531018412072e+00
2.369816697261885707e+00
2.470236477179077461e+00
2.264265402264107330e+00
2.360075357129071350e+00
1.968209475225601635e+00
2.207501659724544041e+00
2.404148407736107274e+00
2.519112051205476543e+00
2.794108504575471219e+00
2.694133807178368922e+00
2.684226181044786941e+00
2.389939437557204283e+00
2.413170023793469010e+00
2.682815357473160578e+00
2.704117311434243387e+00
2.474016969240249608e+00
2.584215717441001203e+00
2.828153275509093234e+00
2.718803737644013285e+00
2.757686906427291529e+00
2.834250992829820515e+00
3.013410737923285510e+00
2.946361394496894714e+00
3.031356223816866535e+00
2.859003159130428351e+00
2.762314259201378075e+00
2.910241833548745660e+00
2.843140803767418845e+00
2.989560514851840267e+00
3.312053974543757828e+00
3.080574023733544387e+00
2.938371141516476381e+00
3.039824538591390457e+00
3.053369415551669519e+00
2.959996814083719840e+00
3.049255971207482485e+00
3.082924822492373984e+00
3.445661901737145705e+00
3.336588441055131860e+00
3.213368630329693776e+00
3.079214313326199104e+00
3.096787792750732571e+00
3.212135240420316951e+00
3.149948307356113641e+00
2.934694399544855337e+00
3.058234015805325612e+00
3.105409240046876462e+00
3.015690460949967733e+00
3.260348027748527500e+00
3.321133726075068626e+00
3.151910496195346134e+00
3.237011052497147379e+00
3.309780608360745724e+00
3.303153773139871241e+00
3.415827236353505825e+00
3.367451670605294378e+00
3.649147052478070474e+00
3.614114703627479663e+00
3.717697635412725354e+00
3.884725009738307033e+00
3.900678789506793365e+00
3.864653579818348561e+00
3.768385327253269246e+00
3.708532942499422003e+00
3.560630182974563684e+00
3.812406800197488455e+00
3.954097940780693321e+00
