4.768371582031250000e-07
4.161354106940924891e-01
4.314005301795172387e-01
7.006852908277911851e-01
8.972838582992240797e-01
9.643181248360543911e-01
1.046168135911173414e+00
1.013884033627955539e+00
1.172444485700311567e+00
1.167569241412328429e+00
1.267456259381134709e+00
1.435946775094266048e+00
1.301650220934873703e+00
1.446863793895745820e+00
1.361707062191555240e+00
1.420749506269975315e+00
1.402853382634696278e+00
1.306276804517409351e+00
1.316656424396573488e+00
1.396498390869825856e+00
1.407237946710438337e+00
1.353760725903069062e+00
1.498011649174605830e+00
1.387396970507272620e+00
1.460823211864806570e+00
1.299609712760855462e+00
1.131958606834482017e+00
1.183412551315777606e+00
1.422107786317448053e+00
1.498373500405725256e+00
1.225054041584332287e+00
1.057525693991385740e+00
1.243808282848454461e+00
1.305652631569309996e+00
1.242542802315216077e+00
1.417087443513641798e+00
1.712007364965950407e+00
1.988817905936508978e+00
2.105696918966604159e+00
2.168369169654852158e+00
2.319104575877591667e+00
2.295281476856676495e+00
2.151932445974468866e+00
2.186537304630651324e+00
2.167996874463153478e+00
2.320550543384847675e+00
2.254043089341403405e+00
2.167336382542540463e+00
2.309148244669381178e+00
2.247573926341220663e+00
2.235439596232210668e+00
2.457039426243678104e+00
2.174410492910709536e+00
2.117017082695140662e+00
2.117392795478058254e+00
2.218190891462151981e+00
2.147847113428190902e+00
2.297684682355453756e+00
2.032877536979237121e+00
2.203528906889018479e+00
2.143753295432591965e+00
2.226021511213882142e+00
2.221213997541130691e+00
2.266067101936390049e+00
2.334776697203502671e+00
2.454701594364076644e+00
2.271866005208597272e+00
2.216548379194365648e+00
2.180976849128887896e+00
2.137588634038963598e+00
2.202019125281311052e+00
2.345779920001735519e+00
2.277070630824819641e+00
2.328464845677971962e+00
2.203958237943983267e+00
2.414402492054122273e+00
2.531386887653368500e+00
2.593174168260704793e+00
2.695491565567045722e+00
2.584624180883288602e+00
2.805198142776368364e+00
2.614158278370775967e+00
2.639239326685730358e+00
2.740853860018305888e+00
2.817247595851148478e+00
2.786796703444573531e+00
2.787251350729227806e+00
2.729279091455209194e+00
2.811800794127051528e+00
2.816843647895537650e+00
2.880928791129147903e+00
2.964707903947364276e+00
3.113588890879526616e+00
2.924465150398084745e+00
2.733940549925796937e+00
2.524219659806799854e+00
2.489626727664836281e+00
2.452592762588685193e+00
2.400459522729625483e+00
2.286320994378631788e+00
