3.015782985847834980e-07
5.408908758527353200e-01
6.869490244126854606e-01
5.676431531495090832e-01
5.791418875790794729e-01
6.263352544969473801e-01
7.214439154467366944e-01
7.182775883550733820e-01
9.575354071927766331e-01
9.753708395925517749e-01
1.089728531784196930e+00
9.543768017342353360e-01
1.041057584583092055e+00
1.309648468927988363e+00
1.257702920139169844e+00
1.157933151171539832e+00
1.150975164838978326e+00
1.061642466958446773e+00
1.145120316352758794e+00
1.143871589432788216e+00
1.056203094125890862e+00
9.591247267717802893e-01
8.677489689092127145e-01
1.205077932862118617e+00
1.220920590114970450e+00
1.063420564543809510e+00
1.026116954560480243e+00
1.132097405223473352e+00
1.358739692168370317e+00
1.279982394811267854e+00
1.668406363709026508e+00
1.741019679935727149e+00
1.671197825301554252e+00
1.732604688733679232e+00
1.724421312439249343e+00
1.733190934168590047e+00
1.514000309123164856e+00
1.422026194756056183e+00
1.769799802933952559e+00
1.848380644783821802e+00
1.993328582821958905e+00
1.905832681442826138e+00
2.059406922897701442e+00
1.922326988890360688e+00
1.811244115759017337e+00
1.917270622462726060e+00
1.728342922571053153e+00
1.564308276458406421e+00
1.664666511844431929e+00
1.686125623158961417e+00
1.304007374172023948e+00
1.429004921711687137e+00
1.196066947505454392e+00
1.286125384146359796e+00
1.214715596064950054e+00
1.150454821141283279e+00
1.229156209483332818e+00
1.034578816864142325e+00
1.126589623364244286e+00
1.077077195801775300e+00
1.146033380034841676e+00
1.210537761530707135e+00
1.180904009777262287e+00
1.215259282532642038e+00
1.305572619946821611e+00
1.150755675724079552e+00
1.070040108664463530e+00
1.136085252351701103e+00
1.123170758024137905e+00
1.280988186958516462e+00
1.256197063303534867e+00
1.211677504760046764e+00
1.293020146942617910e+00
1.416875956153967442e+00
1.501487535290588093e+00
1.433052039061315730e+00
1.577026983390173775e+00
1.680620121543406897e+00
1.903108031628885755e+00
1.963335651750290012e+00
1.992922517655794978e+00
2.198679687084391876e+00
2.179434878084052229e+00
2.256042571387237849e+00
2.513396684115478674e+00
2.431131476947061110e+00
2.382827518947808976e+00
2.246409675435026454e+00
2.355904074480855481e+00
2.349485829892889566e+00
2.324198346858637798e+00
2.246892549356186208e+00
2.335085317923872417e+00
2.261098650934580512e+00
2.218097206523449660e+00
2.084455436204361245e+00
2.063500309199779004e+00
2.125763230502056178e+00
2.003343171904990339e+00
2.068026417846271503e+00
