2.132480599880017890e-07
4.780199565195992761e-01
6.681247011175298622e-01
6.166929499302525874e-01
7.185450884580572017e-01
6.420096824480854281e-01
7.386807073259438194e-01
8.733124369097268191e-01
8.915713066940520459e-01
7.860164149073600726e-01
1.015695276043179662e+00
1.045861088295922947e+00
1.163080286896901461e+00
1.211408304734746366e+00
1.341921900291909608e+00
1.389958251403363265e+00
1.462357301442512414e+00
1.524456615871718768e+00
1.676103061057706123e+00
1.567003857311501269e+00
1.694735655835053478e+00
1.994800631139042268e+00
1.903774383597728326e+00
2.010178945733804845e+00
2.015997586301207178e+00
1.655781828760698016e+00
1.430940849296316708e+00
1.463433165183869011e+00
1.547965992494024778e+00
1.804712308482068872e+00
1.813756332092558932e+00
1.539905022345162910e+00
1.512026933515659977e+00
1.435566559077858351e+00
1.792769054960220432e+00
1.486393578977640795e+00
1.474173383370958712e+00
1.507097408430204899e+00
1.356269670170643149e+00
1.305115378280360616e+00
1.534889880240009719e+00
1.617162281843053995e+00
1.625575210342379284e+00
1.665937502977853590e+00
1.823546782787949683e+00
1.892421480481602636e+00
1.697707695397717265e+00
1.744847879559590309e+00
1.589725261522539901e+00
1.300500349302371017e+00
1.468474838491589773e+00
1.580305481052363126e+00
1.664463035147509817e+00
1.650964380020400801e+00
1.632879899178619532e+00
1.638276017527117157e+00
1.561552665568497700e+00
1.816225969040627719e+00
1.612141683065711595e+00
1.881737708411176380e+00
1.704289216119723616e+00
1.845869093487736423e+00
1.707105055926288806e+00
1.850298011153800770e+00
1.800822053384011801e+00
1.808519025671893488e+00
2.000895452718524758e+00
2.115787675161616921e+00
2.180280107986440896e+00
2.242664681415019512e+00
2.388392416194068169e+00
2.126734017933446186e+00
2.113706580751467889e+00
2.138546731249315158e+00
2.233306912871247718e+00
2.076141860336617739e+00
2.064983720089768493e+00
1.961786312638928553e+00
1.693019730435858072e+00
1.708413555813229623e+00
1.878130023769815304e+00
1.887051849892626088e+00
1.697800957848995651e+00
1.978162038549680313e+00
2.006777549147867656e+00
1.916366560834364519e+00
2.078537723011167238e+00
2.039418326920658942e+00
2.024538181671924786e+00
1.782269421883087457e+00
1.855864447512785009e+00
2.221789267933703460e+00
2.251810334829170923e+00
2.438581725835506031e+00
2.391371390889890591e+00
2.584324214945098230e+00
2.495363394481450392e+00
2.613779522861154003e+00
2.587651212008916790e+00
2.517845022453729431e+00
