4.264961199760035779e-07
3.891714715849575734e-01
4.230462066445010993e-01
5.306637921012361536e-01
7.351778575798332271e-01
7.830427667366778310e-01
8.204310286286617959e-01
8.666295026857201433e-01
7.914442542022467331e-01
8.580204810738975008e-01
8.326225025561740933e-01
9.506879682938741416e-01
1.017561525691140556e+00
1.125003693901876822e+00
7.844336693182460962e-01
9.708933068439912217e-01
1.099864091864821924e+00
1.023624909927218107e+00
1.125024872163204348e+00
1.406290031257208639e+00
1.422745625805166947e+00
1.489898152530043873e+00
1.832028831374614697e+00
1.690543577795605490e+00
1.894130699842559329e+00
2.059843368560224430e+00
1.983997897555282774e+00
1.798893462964285650e+00
1.857224765294012370e+00
1.853428463891721112e+00
1.696191180403574306e+00
1.701069839398124284e+00
1.527461672627687062e+00
1.587093893596199790e+00
1.683398002858703002e+00
1.822517784201570290e+00
2.107517010421988690e+00
1.928380345761053771e+00
2.110291684822406921e+00
2.099810666821106953e+00
2.454774194312237867e+00
2.164275242448571834e+00
2.062646893674991322e+00
1.916167477246932593e+00
1.930169573213141421e+00
1.966519384161200312e+00
2.118831804801332375e+00
2.091284278872017843e+00
2.169725245104963118e+00
2.176959068420802446e+00
2.278876921157954705e+00
2.175749972721983116e+00
2.085195567322499333e+00
2.162896281204620408e+00
2.266168819687855773e+00
2.232070039978464759e+00
2.071826736484434495e+00
2.129019045275243549e+00
2.015521116625621723e+00
2.080506268588075525e+00
2.112049313510519610e+00
1.790223552174665000e+00
1.715205034000215623e+00
1.623081613448575489e+00
1.508060746256270512e+00
1.571526549103231973e+00
1.883855639167178353e+00
2.036588829837952641e+00
2.152426043405200495e+00
2.337823536860106355e+00
2.438413505999025510e+00
2.529351903368497023e+00
2.440221525432846761e+00
2.563658749282747618e+00
2.566039452283462197e+00
2.387328682749982445e+00
2.550006526877264257e+00
2.670210199032290621e+00
2.908837853967997322e+00
2.979291388910416227e+00
3.081821306224269197e+00
3.077070892459245144e+00
3.036465555546696837e+00
3.025549391678821198e+00
3.032299231550621421e+00
2.872883706608196697e+00
3.024007983937527122e+00
2.870238294333939510e+00
3.059695375563341813e+00
3.153292728255235655e+00
3.037549567096528680e+00
3.089179770093219535e+00
3.187688520062705422e+00
3.295922628274114974e+00
3.218254878249685369e+00
3.155966939891433398e+00
3.088051061183510804e+00
3.117514171668974488e+00
3.156930848328602934e+00
3.197543979099078726e+00
