1.507891492923917490e-07
4.706945102330963859e-01
4.061468901715648561e-01
4.769266439575819416e-01
6.378919003948282374e-01
6.751826343821250020e-01
8.368162777321972445e-01
1.092354841498779816e+00
9.105273032987553083e-01
8.504386836950723616e-01
9.200238535755033142e-01
8.622356971466036413e-01
9.646605139203241475e-01
9.753792663409656116e-01
8.736973122683497905e-01
1.101186178757441292e+00
9.005861987564501847e-01
1.231746562770860365e+00
1.295349342529177994e+00
1.241356275452113245e+00
1.474002696014160119e+00
1.549353034715065913e+00
1.735358867076819633e+00
1.734212251595660836e+00
1.839985943194834439e+00
1.646876784100259172e+00
1.613784077177024656e+00
1.677143857910003977e+00
1.556106471166817773e+00
1.487666583574046797e+00
1.657696701277496354e+00
1.629446006061404884e+00
1.751937327932438171e+00
1.771485078559888127e+00
1.738234857383335497e+00
1.591054902415914851e+00
1.518857631897219118e+00
1.735125325699391263e+00
1.708244216541493499e+00
1.797523822680822336e+00
1.778877077537207363e+00
1.760275299460862808e+00
1.774190581539085487e+00
1.618061905815569412e+00
1.601222965599532033e+00
1.640896057186081114e+00
1.447196487884644167e+00
1.605428332547016224e+00
1.620495666005967728e+00
1.558851957519109543e+00
1.531200084281785001e+00
1.534453222574276410e+00
1.357095144092606454e+00
1.504040008863549271e+00
1.661906819557623205e+00
1.650967346284230697e+00
1.784733092836412682e+00
1.638585839863862414e+00
1.761191153160404532e+00
1.589259755570736177e+00
1.662404254866417297e+00
1.855967479631881467e+00
1.722057450464129058e+00
1.720614453265078891e+00
1.962229334788387458e+00
1.930722434114286346e+00
2.156720648408001040e+00
2.130150058603252905e+00
2.189876387211162179e+00
2.112781942886492903e+00
2.130864389803216241e+00
2.117733459426800913e+00
2.019396272438441997e+00
2.175484546270927577e+00
2.176724676883063037e+00
2.143579583671618050e+00
2.238737035355839122e+00
2.216735170399176447e+00
2.127566914944428067e+00
2.162722764365366590e+00
2.156552590840969952e+00
2.141760867566151028e+00
2.236678579282281198e+00
2.261574477245896553e+00
2.396705060255399200e+00
2.230510236903546772e+00
2.300234008852780843e+00
2.311058979031947569e+00
2.434942639577248880e+00
2.341042992602584416e+00
2.287550444630658930e+00
2.403706493993235327e+00
2.530306657509040935e+00
2.558517474337699049e+00
2.348017442332727800e+00
2.382691193105703764e+00
2.265591141909069517e+00
2.467134056649075813e+00
2.543412272921390826e+00
2.517697384821373507e+00
