2.611744678045111057e-07
4.375514976433282910e-01
5.971489624635176741e-01
6.661372176255455635e-01
7.545094727711038063e-01
9.122703122906045126e-01
8.877359592044382630e-01
9.408798695200114581e-01
8.841138898731640827e-01
9.345412746028837203e-01
9.347210482320801317e-01
9.131558714868415194e-01
1.132941052071911647e+00
9.494818713095395379e-01
1.033703859831238470e+00
9.739575871370655946e-01
9.751008249886946588e-01
9.592118337389530236e-01
1.115512333891737429e+00
1.055564820892556099e+00
9.457005678923759984e-01
7.955675993987868511e-01
1.013670473597196642e+00
9.838779027199355820e-01
1.046248128748240580e+00
1.096651438384937949e+00
1.170051428887741718e+00
1.203257130293029054e+00
1.205528916483292523e+00
1.296229076658933277e+00
1.294748636144677167e+00
1.451834366621509664e+00
1.417291590079958530e+00
1.576949423913793336e+00
1.653312993861024038e+00
1.553906978816095963e+00
1.620439274154436005e+00
1.687335058469581872e+00
1.669005460289528564e+00
1.464239352436625730e+00
1.441576073879585973e+00
1.524716249238993182e+00
1.481827488456942232e+00
1.506495650952003107e+00
1.508982637998081078e+00
1.554637960909288630e+00
1.642526313501903923e+00
1.667183927719763537e+00
1.739659799880974855e+00
1.614102643530803460e+00
1.773411978571692416e+00
1.889060805807649013e+00
1.679156761563858291e+00
1.834273026235334170e+00
1.782819596110659432e+00
1.889338585935280701e+00
1.836883937388961163e+00
1.698074522205756942e+00
1.750182290893459447e+00
1.548322939757778682e+00
1.467697929321287953e+00
1.485966246083035180e+00
1.449670625565612880e+00
1.495989404039119286e+00
1.484998270272626542e+00
1.635143876948403019e+00
1.574542658343426771e+00
1.531480657220669173e+00
1.554684225798784958e+00
1.731307399210529896e+00
1.756484400300592830e+00
1.751437366391241479e+00
1.756327327200024158e+00
1.713239617025474892e+00
1.895158528411624799e+00
2.040190549447372437e+00
1.956074862887484223e+00
2.029695104836494401e+00
1.945911557529117042e+00
1.907683498963067770e+00
1.984298499896699708e+00
2.010124843020338670e+00
2.129071446393285161e+00
2.190068633052814295e+00
2.150845342015233808e+00
2.268655142277826720e+00
2.377273300729461525e+00
2.136327350432626559e+00
2.305676450613791673e+00
2.290588112707426571e+00
2.254420941626539943e+00
2.193694965933929986e+00
2.178026568817324815e+00
2.138165285068649002e+00
1.993193506626849354e+00
2.134146811481241635e+00
2.053153604320337333e+00
1.967614352208763684e+00
1.947849895503133810e+00
2.056183045082847549e+00
