0.000000000000000000e+00
3.849045299925398234e-01
4.649322029305973936e-01
4.654375775898798029e-01
5.916908880607191223e-01
6.376734554406447986e-01
5.358280135080953910e-01
8.180405256090571564e-01
7.097867146989355058e-01
7.642226550735785606e-01
7.882754650510692684e-01
8.262368256502576891e-01
7.796313507524741393e-01
7.923438985525744771e-01
9.906293837205477626e-01
8.481623158558589948e-01
1.005497692335687088e+00
1.059514750798352889e+00
1.019332362330808595e+00
1.002633181111335370e+00
1.050961266661632809e+00
8.576128646477672035e-01
8.722121100382446146e-01
8.546397940929120196e-01
8.837394353324343754e-01
8.462976260949834906e-01
8.073766818035623682e-01
9.480464801386014884e-01
7.825756777635628492e-01
8.659224526330364657e-01
9.444816375632386629e-01
9.513253042081624145e-01
1.147378356673399269e+00
1.304112533418330777e+00
1.167630588769213551e+00
1.170633110977780333e+00
1.131304517001129328e+00
1.292867213993827091e+00
1.222780168704999282e+00
1.245831444666536392e+00
1.318511169175982545e+00
1.337445475026153074e+00
1.255320455621450337e+00
1.406555243052846071e+00
1.313255940047760140e+00
1.326280746269753008e+00
1.195433411007493119e+00
1.243345086385088116e+00
1.216484048136093232e+00
1.407558833307101631e+00
1.367987826075937940e+00
1.339424785101871462e+00
1.421442667932686144e+00
1.453080521914557499e+00
1.206215722302256266e+00
1.458965113973231142e+00
1.332671147643099019e+00
1.187494937488370983e+00
1.421317876861015961e+00
1.234812056200564889e+00
1.300114893136899985e+00
1.192322126044486730e+00
1.280017172129203296e+00
1.029622413506609657e+00
1.227095854953711429e+00
1.226449753731710945e+00
1.153437879821667122e+00
1.092916333867615775e+00
1.190635738693927914e+00
1.211237261814718247e+00
1.121416807068798427e+00
1.169581031950832628e+00
1.407781517590138254e+00
1.418545641059088425e+00
1.346130245512046075e+00
1.517772574297868271e+00
1.599344308590034958e+00
1.735601397963556503e+00
1.550450119648668634e+00
1.477039398135118864e+00
1.627448358995956523e+00
1.572009851052130980e+00
1.652256158306585787e+00
1.517450625511674200e+00
1.742133021660754011e+00
1.658527804470327993e+00
1.845661161319700039e+00
1.884064671465034202e+00
1.662851326019437304e+00
1.582007250602247339e+00
1.563111984739008697e+00
1.446706645344047804e+00
1.679596515694624870e+00
1.623529463155310992e+00
1.581614822613664595e+00
1.615585505185546555e+00
1.775438875709650866e+00
1.726842926442186288e+00
1.577488818248104829e+00
1.571051255786765299e+00
