1.507891492923917490e-07
3.779944595259828732e-01
4.566699298242080096e-01
4.956417183104398494e-01
4.682249970752367374e-01
5.010644001910186107e-01
5.292252895256888134e-01
5.071606755102538999e-01
5.547480424359139128e-01
6.166458997319120838e-01
6.667095157996730803e-01
7.512960639441714772e-01
7.308389755217620243e-01
1.057257259264104299e+00
8.676126597043575250e-01
8.056982038439475247e-01
6.975425363039045035e-01
9.463750706305479321e-01
9.773676743158105085e-01
9.957003565640711873e-01
1.031890595156399915e+00
1.172591908988719567e+00
9.607360469955718019e-01
8.624862117853777654e-01
9.839216505489148945e-01
9.564087007221312442e-01
1.022702184750861720e+00
1.019223984390700721e+00
1.004456183353566789e+00
1.076233277243606068e+00
1.214732193181486730e+00
1.046245242600105874e+00
9.114391487999311536e-01
1.127893147363058235e+00
1.072255613527885565e+00
9.547432500093201435e-01
8.292416697512910995e-01
1.013918052233352629e+00
8.786643293201951144e-01
9.285348511826563289e-01
8.838163429499666934e-01
1.061983093791993848e+00
1.105494265720183167e+00
1.051297687370603251e+00
8.899381430714276009e-01
8.498630670022183642e-01
9.494277427771853350e-01
9.064862362197682044e-01
8.629406354179178784e-01
7.986792017715931280e-01
8.989889069731626936e-01
8.789639209245384555e-01
8.868630242433093169e-01
1.105573456511535158e+00
1.015750866964783894e+00
1.106490040054229018e+00
9.482427152181081009e-01
1.138368715937600806e+00
1.202180195530176965e+00
1.382186770565267286e+00
1.217641603463026634e+00
1.329998477614567687e+00
1.303555019371031243e+00
1.214260188126675022e+00
1.385385802664220067e+00
1.289756907790740925e+00
1.322507338219668149e+00
1.399597360373783017e+00
1.189752001744901255e+00
1.448577491611652723e+00
1.532181552028740734e+00
1.518290202736816807e+00
1.493547916327176761e+00
1.529674374114734059e+00
1.588454029140326185e+00
1.360164463068421759e+00
1.377079624183149775e+00
1.478383262762316352e+00
1.437677716659730764e+00
1.496964329273148264e+00
1.426978857368567111e+00
1.530372004076231862e+00
1.826951142688310492e+00
1.732661618226491784e+00
1.897203661900681348e+00
1.972262718671857984e+00
1.948718890066915455e+00
1.885403514539857550e+00
1.832027261508592408e+00
1.801625711633462856e+00
1.880001536593870926e+00
2.099446115751420816e+00
2.119145847240558211e+00
2.108179547350310212e+00
2.079563970860961231e+00
2.066098750094603975e+00
2.108047236133172575e+00
2.205537232835240946e+00
2.172266213021302850e+00
2.247451199392766608e+00
