1.507891492923917490e-07
5.810777682062201466e-01
6.512009347480748334e-01
4.366016737233515688e-01
8.172949211402495973e-01
8.898259993692193559e-01
1.183244325668526109e+00
1.421168472149380024e+00
1.371103256021921180e+00
1.079919106887775371e+00
1.157819593107632938e+00
1.166266056770007387e+00
1.231638044220432437e+00
1.445659232731195232e+00
1.453384171237770639e+00
1.483052371877647380e+00
1.602426854287147817e+00
1.663182000878182354e+00
1.768144881940898028e+00
1.532492171922076762e+00
1.703563771035480068e+00
1.482060137559741531e+00
1.692584706526143234e+00
1.533236728675068328e+00
1.697902720552619149e+00
1.889970544001315478e+00
2.038664733210349134e+00
2.004085040478141622e+00
2.086514565055007875e+00
2.032913666305332878e+00
2.033324457225297976e+00
2.107016912823074684e+00
2.021802519451245228e+00
2.102354067641366342e+00
2.127745261170113089e+00
2.099366118676483151e+00
2.208999391854782335e+00
2.259987353301360358e+00
2.290607386518778377e+00
2.281559716758236434e+00
2.409826034015771334e+00
2.389308481091616532e+00
2.276070948713633246e+00
2.379962849779539535e+00
2.378293738669028379e+00
2.532944153061790438e+00
2.466148734575024370e+00
2.464790761253864204e+00
2.697999083966911460e+00
2.819536216401829165e+00
2.605765641053860548e+00
2.726354926631674669e+00
2.876623383556671687e+00
3.001717423886916869e+00
3.125439733259312458e+00
3.045040786898984830e+00
3.032460061641241822e+00
2.959146521277012276e+00
2.898356513034660242e+00
2.809951256770203187e+00
2.957559636173835660e+00
2.936465468768066689e+00
2.989810584887741207e+00
2.985798325371596729e+00
2.888851638654860832e+00
2.737808154498245106e+00
2.695633951353479052e+00
2.787248429661775884e+00
2.750310617876102537e+00
2.968763386767403922e+00
3.092524431821014552e+00
3.073581017922437209e+00
3.011528391752456013e+00
3.067924500094518780e+00
3.167264234904969999e+00
3.052029449596207922e+00
3.071852564743144498e+00
2.953156386206395201e+00
3.140068369247230429e+00
3.120114657834407002e+00
3.065091897958399425e+00
3.315114624954603517e+00
3.569794251025355969e+00
3.707458843625549338e+00
3.785313577785712980e+00
3.694955468766990769e+00
3.622327226977898551e+00
3.802012652795341285e+00
3.923124054297419061e+00
3.802711848810498285e+00
3.684086966928429074e+00
3.930243200941584636e+00
3.897314932839659907e+00
3.945168369415172016e+00
3.867492377921618374e+00
3.797203118067671745e+00
3.845062619614451727e+00
4.020027620930685330e+00
3.901406667027766950e+00
3.796897675423811958e+00
