2.132480599880017890e-07
6.027218530727270762e-01
7.680324808413103721e-01
8.913719686061900571e-01
7.407274990548303739e-01
8.579181649163888368e-01
8.175669993605431118e-01
8.831938128661404042e-01
8.229878173163549526e-01
7.996973034042499373e-01
8.984331873739038743e-01
9.099201780205486978e-01
9.542619052888399178e-01
9.384105330124494770e-01
1.090578990787183900e+00
1.268278803243859665e+00
1.075977676872152067e+00
1.032534744721374853e+00
1.150008322021187190e+00
1.353407850806119583e+00
1.420767993643396787e+00
1.257708567054766080e+00
1.207976476831096324e+00
1.459737951236621978e+00
1.525455056478379312e+00
1.413854179248773102e+00
1.325457074376207300e+00
1.317629387050521350e+00
1.218522936516659882e+00
1.481357630836721784e+00
1.416273719764132633e+00
1.461068690991466079e+00
1.300070896112353047e+00
1.353640163188405188e+00
1.276997446946438464e+00
1.240846816756735027e+00
1.114002459512658527e+00
1.070095796647729358e+00
1.043420768728264836e+00
1.080868464600734491e+00
1.031619796635102393e+00
1.037309428472836581e+00
1.237255820993350630e+00
1.238111792859148741e+00
1.214390271196500004e+00
1.144639633475023066e+00
1.043678422328349065e+00
1.067077763093510656e+00
1.155883432145564216e+00
1.269426227926442108e+00
1.309620038122857544e+00
1.242864584963092600e+00
1.102282965787566571e+00
1.107787754815750869e+00
1.257821451948975877e+00
1.166964420219397169e+00
1.272248621324394868e+00
1.282446410310356999e+00
1.388289625537624916e+00
1.352858313394380341e+00
1.510624597099945232e+00
1.364415128767398233e+00
1.435060605646404808e+00
1.484779136941201561e+00
1.505770713283661077e+00
1.556417599259812157e+00
1.679296337826944763e+00
1.605904108385465490e+00
1.500118075012726981e+00
1.448526527331815528e+00
1.252954227536530185e+00
1.455634475285112250e+00
1.453894935459690396e+00
1.400989623077238733e+00
1.223149322364557756e+00
1.455765108193240120e+00
1.218710236038628381e+00
1.330561117692140582e+00
1.309473356205262284e+00
1.519107565146329275e+00
1.496144198462193708e+00
1.506501382824056323e+00
1.338851768667705056e+00
1.275815914374653914e+00
1.205749897119704039e+00
1.182557963054389871e+00
1.231653612047037383e+00
1.168771908513745128e+00
1.258912109798796974e+00
1.389960450903056977e+00
1.660227245919104755e+00
1.674952801946959280e+00
1.672269739398674959e+00
1.712225121550202456e+00
1.414757703755288532e+00
1.431020841624507378e+00
1.535026487243145166e+00
1.598636807466029319e+00
1.498289418947624574e+00
1.449010214349540027e+00
