1.507891492923917490e-07
4.436412444172514458e-01
8.496441754008380309e-01
7.535926794563061470e-01
6.449850250565775100e-01
7.147848266537664141e-01
6.734937629838226858e-01
8.735687958313821389e-01
9.596998347927494510e-01
8.855883141433577022e-01
1.035589809435687014e+00
1.031568378482700110e+00
1.156771869046192558e+00
1.023100584882132846e+00
1.187737953946075287e+00
1.210714652812456604e+00
1.206960776805702240e+00
1.009999580330422919e+00
1.180433787916437272e+00
1.010988692126732591e+00
1.123213760893441604e+00
1.115743546526340779e+00
1.353738273478072518e+00
1.322585183785549123e+00
1.411859375180983145e+00
1.513817485011288433e+00
1.504974873335044538e+00
1.463009109833439014e+00
1.506248226528106304e+00
1.557521259983486894e+00
1.792894454301128926e+00
1.615094982192188500e+00
1.669989922846400798e+00
1.542107167746754826e+00
1.798700133875054119e+00
1.694373429828839761e+00
1.772043571419170238e+00
1.817081406142039279e+00
2.028297224438819768e+00
1.959579781722068814e+00
1.889210621251394606e+00
2.161929541534665322e+00
2.079491575178079810e+00
1.858836697987349851e+00
1.897882108380595900e+00
1.820401527852939738e+00
1.958438039044902323e+00
2.165624470195913975e+00
2.094857188113862456e+00
1.977640665112187834e+00
2.028256179360735434e+00
2.017479629125116247e+00
1.965020441252531391e+00
1.846230069821246378e+00
1.949547746432369610e+00
2.052429624563637756e+00
2.058585012521980229e+00
2.163135219067397141e+00
2.036512383660372905e+00
2.240239550031189797e+00
2.191797822979572263e+00
2.171695268170296345e+00
2.155908332320736864e+00
2.219558642932426551e+00
2.374415342836635912e+00
2.299319412611585012e+00
2.330957658998103366e+00
2.303972593167503913e+00
2.197116981962812243e+00
2.286552621515838712e+00
2.185870451012804416e+00
2.395144629500112199e+00
2.419669109712382582e+00
2.460317214708207079e+00
2.579757387279348890e+00
2.476511873475060188e+00
2.649127424353445726e+00
2.711153273689477228e+00
2.800139925767302973e+00
2.842349498439894262e+00
2.740390862542975370e+00
2.713540408205457055e+00
2.858441033845422474e+00
2.795869512876396623e+00
2.819854419232264320e+00
2.997275698985578440e+00
3.136238233665038067e+00
3.311420163535560679e+00
3.399496956990279095e+00
3.703406684120670533e+00
3.353304557650035100e+00
3.187522093165352288e+00
3.371101081194223248e+00
3.322417743454884054e+00
3.358701975606442236e+00
3.488667660292501083e+00
3.374989781368625152e+00
3.319134795750030342e+00
3.396392767957216563e+00
3.129439878772483308e+00
