3.015782985847834980e-07
5.556871009997197408e-01
6.249626302404672762e-01
7.030822222272155031e-01
6.953636226093539152e-01
6.713726279867592295e-01
4.924936244503722582e-01
7.513284122527363884e-01
7.955069658973978886e-01
7.586374937226859627e-01
9.097641863012713159e-01
1.131055241440275250e+00
1.159040215907112481e+00
1.075072088666243042e+00
1.089069815089290350e+00
1.241403083161723320e+00
1.433806711884867857e+00
1.645208213162007826e+00
1.687071475668190379e+00
1.891341233511190767e+00
1.771524175247918720e+00
1.889536405481150094e+00
2.018151131934600606e+00
1.702255760150300334e+00
1.809823311355966302e+00
1.923596862793394369e+00
1.767300698612340071e+00
1.878489129973625715e+00
1.908246392305003925e+00
1.840607712905729887e+00
1.820132150745171540e+00
1.846524603347257987e+00
1.661151925154398024e+00
1.783931012070730349e+00
1.921785509656251500e+00
1.908202913479878138e+00
1.626309696248585457e+00
1.814001129498750808e+00
1.570372421584634193e+00
1.441616331351966318e+00
1.407648014745725096e+00
1.571017401369626976e+00
1.599811219443980415e+00
1.665427787477319344e+00
1.489018230847625635e+00
1.483431865487004897e+00
1.482916764421939426e+00
1.754033597733588135e+00
1.863883998357312999e+00
1.607653124243361820e+00
1.870617594143860085e+00
1.730981263874086684e+00
1.765569407350476627e+00
1.588398290415665493e+00
1.662365144857556931e+00
1.598617444445627145e+00
1.690055066884911916e+00
1.522165005247003267e+00
1.663586042335829740e+00
1.623902430640435934e+00
1.819738377330904378e+00
1.721368861424876995e+00
1.870717783226834241e+00
1.634233441426948152e+00
1.689192713539397817e+00
1.729736644141741442e+00
1.791677183392816453e+00
1.618317704199971674e+00
1.488882198680508750e+00
1.463387057615484155e+00
1.535066808435027852e+00
1.662206633797015831e+00
1.733729896370760581e+00
1.961635349831820196e+00
1.923026892275617072e+00
1.977117662992230462e+00
1.981010542583718337e+00
1.946594126175647643e+00
1.949629827043571240e+00
2.109297943697754807e+00
1.972864184494583562e+00
2.161712443108800841e+00
1.929164953182864961e+00
2.017811655980073393e+00
2.218256733989734109e+00
2.135896646022029888e+00
2.211095926918251298e+00
2.166366097021079185e+00
2.123999199890687972e+00
1.988345726139894687e+00
2.083550459779482722e+00
1.832205247849579166e+00
1.930207502755982185e+00
1.931690205659485793e+00
2.125030099338528267e+00
2.113102537027450989e+00
2.155705870295871129e+00
2.226794796901954587e+00
2.161094136376601860e+00
2.292525592961109915e+00
