1.507891492923917490e-07
6.078405347663775604e-01
5.914057383689642622e-01
6.747356269846821464e-01
6.480508042704602456e-01
6.024855927784461551e-01
9.139550679054193605e-01
9.388355247604458498e-01
8.765486938011489704e-01
8.563159070312479360e-01
1.146716898745232749e+00
1.206705315327859518e+00
1.229212335495823760e+00
1.079441869666837084e+00
1.094150317283209439e+00
1.135558301682058735e+00
1.336924665952345714e+00
1.421447862661272543e+00
1.295934404383936478e+00
1.052459301729208541e+00
1.272802047525823710e+00
9.426199824117601489e-01
1.102566438743222799e+00
1.086238274571283080e+00
1.039787777369730160e+00
1.055241843261940371e+00
1.195993180044312876e+00
1.435679466750880318e+00
1.378779918035843099e+00
1.317625544248411940e+00
1.627103792851193331e+00
1.696189515539752612e+00
1.662700576692183407e+00
1.696786072367173714e+00
1.665584727766966200e+00
1.600422751535189869e+00
1.567503375460842951e+00
1.640239546947961147e+00
1.781846758655869944e+00
1.690385584548614872e+00
1.631666664719415794e+00
1.618322255704870205e+00
1.824399742767017774e+00
1.844698769662076243e+00
1.863242109329172891e+00
1.991224140498392803e+00
2.055219272386692886e+00
2.058718459112145904e+00
1.934970672193269792e+00
2.028573401708906321e+00
2.059593733887726152e+00
2.266340753018488030e+00
2.235424248292397387e+00
2.190655398935427378e+00
2.238901788205920784e+00
2.203638455233565274e+00
2.166395908684125793e+00
2.263075830755129747e+00
2.322566781323903928e+00
2.062929774028567032e+00
2.115729470261444867e+00
2.027186731602783620e+00
1.915878378874027899e+00
1.788735581163143795e+00
1.869670254556537792e+00
1.838871775960784438e+00
2.002712868728210971e+00
2.039839406624540885e+00
2.256228858366072121e+00
2.293912462268166141e+00
2.392220366095017869e+00
2.420674830408275913e+00
2.371572483852042001e+00
2.445465121931069685e+00
2.437058181603837248e+00
2.689644389153876158e+00
2.846049255546136525e+00
2.847337545732709696e+00
2.688557384621309776e+00
2.588392392122487617e+00
2.849143842892600365e+00
2.834981075280867735e+00
2.918355527992822385e+00
3.012955526476129631e+00
3.140214044590252218e+00
3.038428230521344808e+00
2.934114459806977049e+00
3.064629131298462816e+00
2.966019590781231674e+00
2.706900507227393504e+00
2.758909295869618639e+00
2.932031682325107358e+00
3.037231838818039709e+00
3.044521158532385918e+00
3.020900981411458908e+00
3.000415445945410653e+00
3.160419985916184782e+00
3.163098641325348126e+00
3.135760244552387999e+00
3.307631230720838644e+00
