0.000000000000000000e+00
5.083670801105478754e-01
5.084743629867560788e-01
4.633169905383013321e-01
6.677736284554462998e-01
5.733075566156921044e-01
6.876858186637065939e-01
7.614442722249011863e-01
8.817148700441230780e-01
9.173484136161622615e-01
8.385415713856628761e-01
7.368777977653879763e-01
7.781478586348027360e-01
7.139579238158626495e-01
8.741566609488002904e-01
8.133196888578130279e-01
8.055187038781598252e-01
8.670945076300978771e-01
7.517074540707388008e-01
7.512980729686909998e-01
6.871087428469170311e-01
6.512705390087022428e-01
7.335738609453041903e-01
7.723000394325744145e-01
9.554466983105258659e-01
1.147058315579637000e+00
1.402628363758522623e+00
1.299662813392808092e+00
1.174955217977343924e+00
1.262038666417678145e+00
1.425514483696791679e+00
1.346216652316079010e+00
1.255587346800865145e+00
1.221752429205261281e+00
1.424445877396768534e+00
1.493581878772576754e+00
1.406131232071181625e+00
1.417631451164837353e+00
1.413424435839713000e+00
1.427728643882022919e+00
1.292401499508848195e+00
1.117290570312132747e+00
1.064591029778228393e+00
1.160067601917737390e+00
1.030833323923761924e+00
9.005975263223217064e-01
9.759493206263444298e-01
9.444974954664743239e-01
9.995609724385812189e-01
1.099392265655761758e+00
1.126050071989307844e+00
1.032337340535696368e+00
1.228637696571797999e+00
1.182728831621472354e+00
1.320720797290735327e+00
1.124376599126038601e+00
1.264681147874657352e+00
1.304697448922466307e+00
1.065055400851523837e+00
1.127772889643148480e+00
9.933858792650149816e-01
1.087657813708810428e+00
1.121489670533229566e+00
1.015592183625421807e+00
1.059054787746372517e+00
8.101211523935654135e-01
9.930986795123802890e-01
1.120372756791977453e+00
1.303969140312256858e+00
1.320266934113303536e+00
1.216138132140713202e+00
1.375433394387459263e+00
1.280210180469531167e+00
1.533358776849069960e+00
1.607338146810130208e+00
1.443527179930965909e+00
1.234101122361396019e+00
1.207183449105924122e+00
1.240763212450997299e+00
1.250278306038471898e+00
1.111525698281291108e+00
1.234057055163902739e+00
1.255366300176483207e+00
1.321899464115983136e+00
1.280637789606459354e+00
1.107900597247695851e+00
1.235594082795120841e+00
1.190959690012686423e+00
1.240185180640964058e+00
1.284708570107846670e+00
1.386942590531618613e+00
1.308095297445523775e+00
1.282402019366200019e+00
1.494464122128081662e+00
1.769327488953170047e+00
1.555118401008966478e+00
1.544379435504132703e+00
1.760352128171022601e+00
1.697722717894019961e+00
1.895733291031113765e+00
