0.000000000000000000e+00
5.424841774590696275e-01
4.242690186401571473e-01
4.926926454185792670e-01
5.753102191969911017e-01
6.214673009796473080e-01
7.513558416512213789e-01
8.059953535538038061e-01
9.363621172388775227e-01
1.151635851042665415e+00
1.095822149022888992e+00
1.182104851821320635e+00
1.177551877494559696e+00
1.173830810009044878e+00
1.032056002961872609e+00
1.006988938905936992e+00
1.090323604993949536e+00
1.173658643696459336e+00
1.255255774711490968e+00
1.327991102813959934e+00
1.261222643420295775e+00
1.235360664175902734e+00
1.118440844051951988e+00
1.145307431825082878e+00
1.297783205692128128e+00
1.339191958094665624e+00
1.313875269870161899e+00
1.424745630611899738e+00
1.418529687633022451e+00
1.408025189773099761e+00
1.319519600761325018e+00
1.083869258482429876e+00
1.024618607443926965e+00
1.005197719430067638e+00
1.193201007567885163e+00
1.178017953852953381e+00
1.236253354014828165e+00
1.148986615875805084e+00
1.199582870338662399e+00
1.138031017222884023e+00
1.153859473271327207e+00
1.350363302653105002e+00
1.220380921643608119e+00
1.275636032039009660e+00
1.278775536685684333e+00
1.548237934677358041e+00
1.565575069941555597e+00
1.504578890657228607e+00
1.342975228335502091e+00
1.431856982363348685e+00
1.493282012613667442e+00
1.233137785009769560e+00
1.118082647173228805e+00
1.042384604263698833e+00
1.195869796710322674e+00
1.118067871060639762e+00
9.818476437485494923e-01
1.014294199656830875e+00
1.072328488241078404e+00
1.049799739847830260e+00
1.090793307088980368e+00
1.132330985384439215e+00
1.133933070346747618e+00
1.357230451022676032e+00
1.290804401934700696e+00
1.225593941225694650e+00
1.109146946436810444e+00
1.275784856767287812e+00
1.377836416784418372e+00
1.327737033601662064e+00
1.168333468237575890e+00
1.164286489018491411e+00
1.264743697768032860e+00
1.433030509028502486e+00
1.177899613729713968e+00
1.132237529944869481e+00
1.194446593365522169e+00
1.110042125528516888e+00
1.074300930960714329e+00
1.089600116237291694e+00
1.187599075233333190e+00
1.129924318031955810e+00
1.187706554647634194e+00
1.151018986615695905e+00
1.242116921602356427e+00
1.248854204540921442e+00
1.313408255004643754e+00
1.284032853543412234e+00
1.307162057425871327e+00
1.377937873066958696e+00
1.444075300979555276e+00
1.546657035975998129e+00
1.626012420546970594e+00
1.613654561414859856e+00
1.640056672836425422e+00
1.688048061961230806e+00
1.735053993722631471e+00
1.700383306254256599e+00
1.851556798728314135e+00
1.678178903152984125e+00
