4.264961199760035779e-07
4.697684030214703821e-01
5.800104535277035289e-01
6.025796959034210865e-01
7.617693908031781813e-01
9.728910205245243636e-01
9.107389330860081733e-01
1.017760199889666817e+00
1.178395427269170348e+00
1.289958992257950188e+00
1.171124781122457881e+00
1.199737500985401217e+00
1.300900735293345711e+00
1.212210410567543528e+00
1.209868792817819561e+00
1.310391437233100920e+00
1.430516576449229360e+00
1.412368821726282864e+00
1.405777637994103602e+00
1.392357692352456544e+00
1.363300947168560207e+00
1.421939790568757189e+00
1.486537674287396804e+00
1.568883798577769495e+00
1.622942436806227517e+00
1.597499021853997281e+00
1.545547666806279308e+00
1.634180805409472859e+00
1.678141205718425288e+00
1.859698816786080178e+00
1.726931314660095529e+00
1.644355036980689633e+00
1.642080995561203016e+00
1.813668285214626641e+00
1.904456480145611419e+00
1.892551639689603382e+00
1.716170328820772584e+00
1.729754542029298126e+00
1.731212401525195954e+00
1.795022295752338293e+00
1.819055107933324589e+00
1.778212597635110415e+00
1.522083820490973238e+00
1.501716595972926838e+00
1.528875273742406948e+00
1.626277730453593584e+00
1.508799993746051005e+00
1.456113146166686301e+00
1.678147728968630181e+00
1.712140101300386741e+00
1.745394603034632564e+00
1.947913844719380005e+00
1.743843667590201374e+00
1.646427139588031885e+00
1.570883466476037604e+00
1.257471842593455236e+00
1.448839539044542546e+00
1.526006028860499963e+00
1.520872538841719246e+00
1.564632463054927758e+00
1.455391200357342152e+00
1.510737671289821726e+00
1.390988437900544383e+00
1.447307341364573396e+00
1.577440227312715271e+00
1.673325602207027085e+00
1.371592490440231016e+00
1.747467198606177607e+00
1.734146736330368643e+00
1.473472330128107188e+00
1.804685400109332871e+00
1.916839265137764370e+00
2.022080868782063945e+00
2.035258548919263610e+00
2.039013906938262011e+00
2.211321802391863489e+00
2.032042997895250114e+00
1.895237475959191009e+00
1.875482102220219049e+00
1.568517712948615195e+00
1.448885087281895023e+00
1.341488734775456493e+00
1.552151389708698259e+00
1.502222546685310967e+00
1.464968800358237067e+00
1.753668153882835146e+00
1.780334001137986455e+00
2.008365178943248175e+00
2.170073905470885300e+00
2.592801323962792281e+00
2.545025659680527408e+00
2.668472561209507710e+00
2.585154661102178952e+00
2.669145669925894637e+00
2.594132189991012361e+00
2.783154894728288919e+00
2.693298264833175359e+00
2.753358548608723311e+00
2.646686998481356579e+00
2.669897912573272691e+00
