1.507891492923917490e-07
4.053127059462683368e-01
5.375600659179801122e-01
6.542752498497522717e-01
5.273511733971746329e-01
5.736606323889656966e-01
6.357539590014615882e-01
6.701781643947930522e-01
5.832526974550888976e-01
6.987333848194665631e-01
6.232974262827217782e-01
5.503288433499023968e-01
5.439697829190618394e-01
5.249183441490505864e-01
6.071122144013335609e-01
5.372867833044834285e-01
6.670554169408983158e-01
5.601070326555536161e-01
7.585646786088120486e-01
7.353872588589031034e-01
7.377248975791995678e-01
7.194663992262558816e-01
6.480932966403185613e-01
5.959013490387391476e-01
6.678060927966767979e-01
7.410906443510448804e-01
7.758047266079258764e-01
8.113049674687078383e-01
8.235552149986329340e-01
8.608538174246753716e-01
8.888711963158320017e-01
1.017710671140952039e+00
1.321107720516023321e+00
1.075718947006268023e+00
1.101111073866913426e+00
9.875629776246052094e-01
9.956850868970612556e-01
1.212246117527795874e+00
1.156202724933498072e+00
1.314366147799026052e+00
1.381365076741232434e+00
1.403359132860125591e+00
1.295163753802996087e+00
1.381507073228199101e+00
1.429020384375581321e+00
1.411960195781544636e+00
1.408963194104222660e+00
1.476290589096680650e+00
1.310784412021296141e+00
1.324456530900690598e+00
1.448702890401907473e+00
1.400931059677688273e+00
1.319168025181870485e+00
1.332405188380893613e+00
1.392635597144309401e+00
1.347944216437336529e+00
1.353481773322748438e+00
1.288398040641704823e+00
1.461013351505703328e+00
1.506807616632986457e+00
1.585754109772254949e+00
1.571378979306592871e+00
1.530874334621671107e+00
1.484576772794526045e+00
1.328431373341763644e+00
1.275337294254667020e+00
1.285334749431614298e+00
1.398168002664332166e+00
1.384932735499487366e+00
1.539510740633613484e+00
1.398923086014711936e+00
1.199214264867059621e+00
1.452393643416887370e+00
1.212720995463499207e+00
1.215705394404693163e+00
1.172201341388403373e+00
1.283473202911697975e+00
1.346032749944413798e+00
1.423840509579645808e+00
1.481679646066839995e+00
1.323682603400724744e+00
1.384347390044416315e+00
1.413745466677751583e+00
1.558744303212536320e+00
1.539693584925434289e+00
1.539266061290699206e+00
1.564787842681645946e+00
1.379452704089682458e+00
1.685496286018688172e+00
1.541497367779767647e+00
1.570034796151632106e+00
1.533295395327187283e+00
1.495615960866182093e+00
1.458152053220315381e+00
1.427352531023691418e+00
1.264642497369846463e+00
1.235689090704534365e+00
1.224949149982913932e+00
1.117995571588732862e+00
1.204902242444455540e+00
