3.693564745147149106e-07
4.999496145342847142e-01
6.202504588401407393e-01
7.032606342165702573e-01
7.238234004249345377e-01
8.245881050200731810e-01
8.285876185716887221e-01
1.086805924512355581e+00
1.048072788571124514e+00
9.521036776021911674e-01
1.210530704840910854e+00
1.313778706792926521e+00
1.399206271451111094e+00
1.373739350306285578e+00
1.195751135310668012e+00
1.124326087078694192e+00
1.171039737546454296e+00
1.151639539641500898e+00
1.054761438080177083e+00
9.609784407269336137e-01
1.048903421196827113e+00
9.908215274184299926e-01
1.123498986488753904e+00
1.085332823053025919e+00
1.091651328387944098e+00
1.109691894761133835e+00
1.254308747967290749e+00
1.271703791187664967e+00
1.225399173687234722e+00
1.343009399481195354e+00
1.436357880021324140e+00
1.574312409826786219e+00
1.489926284889740105e+00
1.529480014027462254e+00
1.412069505832875160e+00
1.379799104888264072e+00
1.372781200406773650e+00
1.263712859870784744e+00
1.389072732402502952e+00
1.362517035948587196e+00
1.407384655664105200e+00
1.490868268029889698e+00
1.308959042763544023e+00
1.141660597764197593e+00
1.224611964588029345e+00
1.361538347882725875e+00
1.259998462225445870e+00
1.352991331754080706e+00
1.392006889223809329e+00
1.350387305874204857e+00
1.399776102073647222e+00
1.629123966534718804e+00
1.525522256438470947e+00
1.426812243717137330e+00
1.494914191155082062e+00
1.587878910517642295e+00
1.719474494764439143e+00
1.777800949531983976e+00
1.786142886260238427e+00
1.556045985469416415e+00
1.645868821396910375e+00
1.838992139346670163e+00
1.620605676510066262e+00
1.803673825633428374e+00
1.765859227924941655e+00
1.940307429227892788e+00
2.031337088336952590e+00
2.103189969378542745e+00
2.069210599991609723e+00
2.180327385360495640e+00
2.302476034545910544e+00
2.365969008277393648e+00
2.413956751405625933e+00
2.418610663642739134e+00
2.391910613807648911e+00
2.435265438734358856e+00
2.435518465475224659e+00
2.252413437959078557e+00
2.241191508787674369e+00
2.471825637079504645e+00
2.544317764969512563e+00
2.396373513072122208e+00
2.360190320553630539e+00
2.471619740052474867e+00
2.531950344993533886e+00
2.820366939479094892e+00
2.706339525569408266e+00
2.796074488677630310e+00
2.747903041160626447e+00
2.613529140527877104e+00
2.523394535559674967e+00
2.565198865563980135e+00
2.387426200231410167e+00
2.290388549588797673e+00
2.233496151040618383e+00
2.154298260444156732e+00
2.346292580353939172e+00
2.316636230000642005e+00
2.280403634832306015e+00
2.197922240160124829e+00
