6.031565971695669960e-07
6.136395617124875690e-01
6.868366761406825560e-01
8.546861749948215792e-01
8.448073862708697090e-01
8.893510795550876313e-01
1.048957262149001091e+00
1.065219424349869604e+00
1.073283845790869773e+00
1.073821352781102023e+00
1.317370857253585381e+00
1.399191333842534135e+00
1.300992468540103975e+00
1.315027576212732807e+00
1.460937352186898019e+00
1.386294358653607839e+00
1.522694347338192644e+00
1.636967275479934703e+00
1.731839190808921680e+00
1.440166190050214512e+00
1.500646635144720076e+00
1.340808861201753466e+00
1.550020008967291751e+00
1.690521433539896146e+00
1.636059954763258606e+00
1.487305559146709255e+00
1.441966010944113474e+00
1.498453818110635938e+00
1.620927812774847432e+00
1.669804793534021004e+00
1.782833880393740911e+00
1.766639303126952276e+00
1.698857710843830748e+00
1.451701819848207453e+00
1.706249129580782453e+00
1.885128759155024314e+00
1.808378605877020151e+00
2.080753692744663486e+00
2.186899803440886636e+00
1.923908433655523220e+00
1.858720218935156820e+00
1.686081201978684163e+00
1.738402491653598725e+00
1.675478210443115401e+00
1.674859295014541116e+00
1.693189008266741347e+00
1.600860543916269974e+00
1.688024430085475869e+00
1.564722486215443409e+00
1.610367409566077379e+00
1.650360700966852390e+00
1.848557433239695680e+00
1.757161369338839707e+00
1.895104860084435350e+00
1.761031640089589567e+00
1.774343939707518247e+00
1.484321926306300998e+00
1.503844832955195443e+00
1.556785025969016134e+00
1.768834693564467209e+00
1.828577162263558709e+00
1.706764272824895734e+00
2.119899575245103751e+00
2.270748468108855889e+00
2.379602933753599991e+00
2.306531892463222100e+00
2.283697922152078785e+00
2.221773669638262838e+00
2.138035891532718669e+00
2.166339586453847943e+00
2.341102058953810072e+00
2.322325562898496454e+00
2.591048520807646582e+00
2.405402554777781088e+00
2.486655778686741591e+00
2.620987367262691325e+00
2.789203853723582593e+00
2.845581362792139135e+00
2.981791911853098220e+00
3.060323660172502347e+00
3.319188874215133200e+00
3.178006390387956959e+00
3.173910789621306794e+00
3.497824448592325108e+00
3.418971589921900645e+00
3.220436977731250483e+00
3.254015643507715438e+00
3.392363384084325695e+00
3.377900000842807948e+00
3.243571367660441407e+00
3.468874536457917213e+00
3.770079774846256893e+00
3.847492234088842888e+00
3.821352403407886733e+00
3.971131116402214722e+00
3.819104122487096298e+00
3.703981785667004534e+00
4.006868420864954317e+00
3.842322741234239114e+00
3.824276526934822229e+00
