0.000000000000000000e+00
5.271615562654796694e-01
6.955572399322569321e-01
7.011338862873411903e-01
6.133223910460334771e-01
6.818270931389154299e-01
8.439298693986156952e-01
9.306052614556640235e-01
1.224577766367024312e+00
1.242174408160566124e+00
1.229101405557925020e+00
1.201393971738760502e+00
1.298878320257009777e+00
1.227660308440975401e+00
1.400350520068355920e+00
1.378030391944242705e+00
1.509439970277784981e+00
1.447400096876322095e+00
1.497963784343970817e+00
1.598859425037636450e+00
1.804499605071930191e+00
1.752878944946498319e+00
1.774384709883596756e+00
1.653457540134884107e+00
1.555577637666049728e+00
1.685003092824935100e+00
1.846178280082807932e+00
1.787426311201541829e+00
1.798542662176120910e+00
1.441875731222880486e+00
1.430810315424227319e+00
1.508580222086427725e+00
1.435030548891282676e+00
1.390087931694295120e+00
1.323361710879516817e+00
1.280281573934463069e+00
1.441952918471235190e+00
1.338429650562405149e+00
1.223322585672973917e+00
1.195751110035609521e+00
1.277980004224025246e+00
1.191591512029986921e+00
1.125162773802164118e+00
1.151944998104184714e+00
1.291538403695933424e+00
1.028896293086850600e+00
1.281995793771519176e+00
1.123281570507272731e+00
1.053655311575126818e+00
1.431599533016280512e+00
1.337234086471300820e+00
1.558920054609562733e+00
1.464101422521052243e+00
1.340164566016469827e+00
1.347699039871660620e+00
1.442500797900379883e+00
1.583641083400533445e+00
1.637117428699282007e+00
1.526232074441057573e+00
1.483625463266576405e+00
1.608304332105274348e+00
1.474964001753477083e+00
1.403320100732736497e+00
1.502856607061357375e+00
1.718063332064963866e+00
1.790899982761429143e+00
1.646021765177148488e+00
1.710949830617184420e+00
1.781753220493860868e+00
1.925391310264437550e+00
1.595354781898150831e+00
1.507101330789734295e+00
1.332357932182338001e+00
1.310805694885702533e+00
1.281122794871431880e+00
1.180103460552336170e+00
1.302056849357900559e+00
1.309880120827813466e+00
1.504160038176537872e+00
1.308164300270725056e+00
1.427534624488806081e+00
1.333088893126094465e+00
1.329632986745835410e+00
1.315853443325338157e+00
1.275458795082315300e+00
1.258368809192318416e+00
1.280074351040814351e+00
1.454810445061584412e+00
1.497286235545139732e+00
1.495368895106243601e+00
1.499868436377821634e+00
1.229874947433723609e+00
1.131825482973424224e+00
9.826539856036845544e-01
1.009445719490259741e+00
1.009203753894525324e+00
8.942950644228787604e-01
9.446494257386400806e-01
8.428110516545446185e-01
7.827886619937970414e-01
