1.507891492923917490e-07
5.813844887323008637e-01
5.099201419156660364e-01
6.319863767640825358e-01
5.546538735619094274e-01
5.259962636190945728e-01
6.358878739317668227e-01
6.688110967302085541e-01
6.893195788684772785e-01
6.318899265607232918e-01
1.078727080510377689e+00
1.055172463957339435e+00
1.018656622414592761e+00
8.814645900237771947e-01
9.592652840342610343e-01
9.442782996069883916e-01
1.138340960450965778e+00
1.178534008529585231e+00
1.003652966096970633e+00
1.121388055124351579e+00
1.037529604409012096e+00
9.632534173336138039e-01
1.014490542255380268e+00
1.254079373907686312e+00
1.062749928692560797e+00
1.245531022288017819e+00
1.184652775346591635e+00
9.775983930810293598e-01
9.193277499808032438e-01
1.034346626958645876e+00
9.295561254216718750e-01
9.678643702583972219e-01
9.608258518224445099e-01
9.313247685646643959e-01
1.048373371605968662e+00
1.096773191301082084e+00
1.191326105346376396e+00
1.179216632082389804e+00
9.879617161638620804e-01
1.115878399970058554e+00
1.014733521942380978e+00
1.040773976693238456e+00
9.619007167305879680e-01
9.887189642650279220e-01
1.174643682537058087e+00
1.107616569975321985e+00
1.145834622009603843e+00
9.908953811462993810e-01
9.478920357118157947e-01
9.538504064919726133e-01
1.056978449248048513e+00
1.070767061604529280e+00
1.171762648538765328e+00
1.284760922640091785e+00
1.328430171338886190e+00
1.275120815690245601e+00
1.354935163480759375e+00
1.493951852252738188e+00
1.438323865120092471e+00
1.582450851878700382e+00
1.420104757408430007e+00
1.355412831706136467e+00
1.321894439934307774e+00
1.433246831411495004e+00
1.373390035556048883e+00
1.276946182154934384e+00
1.105007796743116666e+00
1.174510274678475019e+00
1.128620787542529147e+00
9.821515161830461915e-01
1.323043427552840656e+00
1.249436140035079523e+00
1.367799714113822285e+00
1.697762665266680182e+00
1.572716854862843849e+00
1.567477210313773739e+00
1.438030787367900354e+00
1.312001644898807662e+00
1.281949013500021550e+00
1.388557491143027844e+00
1.404132043942902586e+00
1.189287111376599704e+00
1.252165534494054100e+00
1.239685724574544512e+00
1.027736072189020300e+00
1.134174274163275653e+00
1.017040695422848140e+00
9.945822989066068764e-01
9.931748805700284510e-01
9.313102147697911448e-01
7.963552063065330033e-01
8.179139610111575420e-01
8.663610611625705005e-01
7.619739600035756455e-01
7.888851401257693796e-01
7.963050911253151121e-01
8.654176088098124442e-01
8.165510222925951300e-01
9.131318081154771171e-01
9.827602851952006446e-01
