0.000000000000000000e+00
3.993846510167326502e-01
5.025213651389003333e-01
6.786033678579099782e-01
8.457769032619109062e-01
8.912142253067515396e-01
7.448809913996665699e-01
8.296941105461558275e-01
9.034815549443746541e-01
9.727472822512140960e-01
1.286824459923027408e+00
1.198127572935482776e+00
1.240713224915196200e+00
1.395227675677474855e+00
1.438081825660475710e+00
1.528599842961405386e+00
1.350944118092584745e+00
1.553636151807287202e+00
1.513432602880131261e+00
1.352076487110221548e+00
1.554859098917068749e+00
1.657919589132875293e+00
1.746665762105393815e+00
1.718881868072106744e+00
1.706063061140283832e+00
1.857891625848877570e+00
1.884281140197736182e+00
1.982778698780511828e+00
2.086131605366052799e+00
1.790938617242266995e+00
1.736568019831995269e+00
1.979588240856111847e+00
1.880106021324531751e+00
1.916650173216303710e+00
1.876065819231160114e+00
1.943048772064389418e+00
1.743594274761515406e+00
1.821195715429469120e+00
1.953343011971730769e+00
1.901330554438773079e+00
1.810064732341858162e+00
1.500434029074582565e+00
1.444501768671902830e+00
1.485336301308853857e+00
1.561805291553971076e+00
1.553161245215661124e+00
1.527821462878318437e+00
1.630750349411679068e+00
1.462214219734089493e+00
1.470863081654224747e+00
1.762990709250919386e+00
1.770150936677347575e+00
1.597634869517767564e+00
1.401434539046826799e+00
1.391841122176368906e+00
1.635406103851224202e+00
1.635350852763843843e+00
1.517921737976463570e+00
1.714281004627562721e+00
1.733920191242145359e+00
1.700573200930865614e+00
1.760123620316296655e+00
1.688892952423567184e+00
1.857258623415896537e+00
1.806070857300394961e+00
1.742170200479774778e+00
1.855629990976372268e+00
1.533705901545568073e+00
1.591128783291176907e+00
1.388041494766880657e+00
1.479892757515798296e+00
1.523084936834039116e+00
1.493758436935645584e+00
1.765365435671116590e+00
1.770235135866937037e+00
1.828148935777305750e+00
2.041372312509843745e+00
1.996116678155645641e+00
2.141173961353518340e+00
2.160086383669231669e+00
2.025423049008899135e+00
2.014069084092771078e+00
2.024339595265353342e+00
2.003725131437567697e+00
1.849497894064094039e+00
1.863846423897654647e+00
1.861863508843887294e+00
1.843947283103236634e+00
1.868737298328416729e+00
1.966716867095561705e+00
2.042935058284304883e+00
2.114688423328783706e+00
2.214116086415819584e+00
2.307190145331081688e+00
2.218801823154673336e+00
2.273394918131681486e+00
2.514992916462250871e+00
2.365130999308206139e+00
2.410131631762767679e+00
2.232097048546953566e+00
