0.000000000000000000e+00
4.567308947875829417e-01
4.668066199687577744e-01
6.978596349153299849e-01
6.871554767683086817e-01
7.600521150821757388e-01
7.913037572401208086e-01
6.512308648871115713e-01
7.102475890927586466e-01
6.859007559838814494e-01
7.279943068386869331e-01
6.863428098221566742e-01
6.694494899020921874e-01
7.954767212109926655e-01
7.949425526786569884e-01
7.457262256934180655e-01
8.365283363917237480e-01
9.181049840803034989e-01
8.283527008270094028e-01
1.020723551907672055e+00
1.118345103252875283e+00
1.080132489966663556e+00
1.182135645316360728e+00
1.167926613078713372e+00
1.086108483150905357e+00
1.157661861346134691e+00
1.233609361759370637e+00
1.236228682849192406e+00
1.467227451653310810e+00
1.164799774340056437e+00
1.357413275679085318e+00
1.150415139455066793e+00
1.070692754514654732e+00
1.172137232070985968e+00
1.231198735715083981e+00
1.114759259842043271e+00
1.447466210010361909e+00
1.401350091894294270e+00
1.376297897726758590e+00
1.485052256874476173e+00
1.520829932959939956e+00
1.622320072269447744e+00
1.598100803216675470e+00
1.599424748182613820e+00
1.521416772355532965e+00
1.691544772070965985e+00
1.746508650414236197e+00
1.657783367531644014e+00
1.824106876140288991e+00
1.789442173962130234e+00
1.819366010223183006e+00
1.825294831487049407e+00
1.968924531643885700e+00
1.984355549839235788e+00
1.993164434925881023e+00
2.075201716922722373e+00
1.963019713828366708e+00
1.795338019473681657e+00
1.809852991038464198e+00
1.774715417507636950e+00
1.741677456946197244e+00
1.860300716632028672e+00
1.840415592423746416e+00
1.935545998915245924e+00
1.744004641098032327e+00
1.675472715034763471e+00
1.715728797093429625e+00
1.751239899753983531e+00
1.830546290691900335e+00
1.949106235707267043e+00
1.739766707234037479e+00
1.724787275789792185e+00
1.777780410067887562e+00
1.767854220082371919e+00
1.668291517366468968e+00
1.571744099723615173e+00
1.584595307324166980e+00
1.650488488994803271e+00
1.418502426253129833e+00
1.395672211004264307e+00
1.254347698627274132e+00
1.373967206293592147e+00
1.565484708604427011e+00
1.698896427963986877e+00
1.718109287534560714e+00
1.663041155883088429e+00
1.504255331723435951e+00
1.465125577450669958e+00
1.420868625766828375e+00
1.489176408316560174e+00
1.722211952242818089e+00
1.658165627101583439e+00
1.540659253874534951e+00
1.430535525935044072e+00
1.503377153657654342e+00
1.418839737510404486e+00
1.558008539254719160e+00
1.498572094229453144e+00
1.469627181181527131e+00
1.503088556765476813e+00
