0.000000000000000000e+00
5.097581244858331306e-01
5.942802415087272694e-01
7.250037224906568101e-01
9.363649172348974536e-01
1.053488419957353095e+00
1.076902289773683963e+00
1.109407836334213027e+00
1.113059935518136312e+00
1.062145680078877996e+00
1.122992925730289082e+00
1.246172689975956649e+00
1.137490190295949333e+00
1.165979429428239733e+00
1.083415794833788359e+00
1.283035659652055571e+00
1.175712119728288929e+00
1.341470734399381026e+00
1.233496574261420120e+00
1.432776438214265147e+00
1.286788359664030379e+00
1.413475786555518310e+00
1.198400151715057316e+00
1.276788173103825086e+00
1.027602749268563764e+00
1.158708467009513798e+00
1.298487133100769908e+00
1.223231627421538015e+00
1.397057768275461020e+00
1.478594428717093567e+00
1.461862691711805828e+00
1.355945188837675675e+00
1.545234675789945555e+00
1.521195462479028260e+00
1.541358393833134555e+00
1.888729952262578227e+00
1.847652460883823400e+00
1.817716388813435779e+00
2.007119859356278457e+00
1.919856211377880761e+00
2.069665350338960152e+00
2.236847468055071619e+00
2.421051489777071186e+00
2.434602169761071355e+00
2.678475319014654410e+00
2.802321917175592869e+00
2.824923871705790290e+00
2.834557741780086459e+00
3.141692917592076917e+00
3.058991412781860042e+00
2.950319192079583264e+00
2.858702863734959188e+00
2.806499612043445335e+00
2.745757406535245249e+00
2.875127322499610560e+00
2.954172529295540084e+00
3.001804648207695880e+00
3.019452812549649590e+00
3.154656803934746456e+00
2.993926320695349030e+00
3.013658426993544470e+00
3.082738391516613330e+00
3.079915200265753938e+00
3.252543678979263664e+00
3.203007913893368919e+00
3.302573661420206808e+00
3.277420242049566834e+00
3.473170706122415741e+00
3.431921663415226753e+00
3.350718074706134697e+00
3.470065366191325218e+00
3.461247767282576770e+00
3.186597877346137864e+00
3.155063101755757771e+00
3.188264201332935421e+00
3.157948248025080229e+00
3.228548161926734661e+00
3.271922456642848864e+00
3.020851116512078161e+00
3.084441455622707995e+00
3.115450437451141585e+00
3.103478334643034131e+00
2.970027183509609703e+00
3.003127208561223949e+00
3.128554131688270790e+00
3.113759830016637142e+00
3.185964620366169786e+00
3.086823889433091939e+00
3.044777959950978552e+00
2.891261442527972125e+00
2.557072508664410382e+00
2.741081463572160093e+00
3.003890780164048202e+00
3.022135176607505525e+00
2.966163216326564545e+00
3.072743010566179933e+00
2.907119998662858418e+00
3.054803949422064235e+00
2.919101112088140049e+00
2.919340637627926505e+00
