1.507891492923917490e-07
4.259564626134883514e-01
4.759811985776860599e-01
5.135072103867200921e-01
6.211747391936698337e-01
5.745380586408649348e-01
4.563620542297482929e-01
4.699129672453029594e-01
5.177015129049367115e-01
5.483421425625490953e-01
6.473971651673601224e-01
8.053454358897327303e-01
8.194233177658997169e-01
7.453147460678820613e-01
8.877047709323881985e-01
8.458817273168862672e-01
8.765790717571506629e-01
9.780392326754533405e-01
1.009527648298313096e+00
9.852974403954662952e-01
1.183408820822567487e+00
1.328610504953454674e+00
1.381814051018892542e+00
1.365860273792020685e+00
1.377777506967857502e+00
1.415116212651152505e+00
1.264047022459261926e+00
1.223234286942681548e+00
1.195299862639476629e+00
1.376072249853130147e+00
1.449681369953146337e+00
1.399956344239604800e+00
1.582733929898691771e+00
1.426603834959395467e+00
1.416128088703879628e+00
1.445940662389037401e+00
1.410569502186705071e+00
1.511244312432929116e+00
1.493123657142727101e+00
1.357645004893762053e+00
1.120593375520464452e+00
1.113926864819069662e+00
1.109391121954716120e+00
1.367055780226136719e+00
1.351598525710439480e+00
1.409365397460069058e+00
1.541082754678198885e+00
1.559304989184814527e+00
1.540253435748761390e+00
1.490537205701130796e+00
1.408272461965792033e+00
1.413544094779217941e+00
1.437038109601662894e+00
1.382565249430138365e+00
1.356598859921310130e+00
1.398297664264438245e+00
1.260548958721962043e+00
1.298112385926698753e+00
1.314178153854779207e+00
1.538321861698368265e+00
1.485263701876472053e+00
1.622976018966961309e+00
1.571692635661212423e+00
1.703644533845065867e+00
1.749292149658623119e+00
1.684414326073768065e+00
1.636682342216487340e+00
1.584927290004216616e+00
1.621924959531501953e+00
1.454212358086190759e+00
1.533067157546605497e+00
1.524303285594889479e+00
1.313726905003894885e+00
1.324549659128640311e+00
1.338159520992326490e+00
1.343380388050050112e+00
1.521735656571481243e+00
1.316638279734053452e+00
1.515334805096892001e+00
1.477918116281671024e+00
1.436793023500981592e+00
1.320371087473163119e+00
1.257887040033746073e+00
1.401862549133248592e+00
1.304659607899756546e+00
1.603119838336130032e+00
1.723281998306989582e+00
1.643187491894910979e+00
1.494347710327133427e+00
1.503655977111834297e+00
1.601833236761261547e+00
1.772658444282544599e+00
1.830141502113684426e+00
2.039949297703577802e+00
1.798000704920425852e+00
1.884870031666621371e+00
1.901622268179885333e+00
1.795358701153185077e+00
1.823837637164646974e+00
1.756791400475766762e+00
