2.132480599880017890e-07
5.696627630083073157e-01
5.676020069252978306e-01
7.382226765456014750e-01
9.391024132184839779e-01
1.051795276394065448e+00
1.067520414878847301e+00
1.223748286331850510e+00
1.253443978800896197e+00
1.347981640559152483e+00
1.413479544372063357e+00
1.400481208393989041e+00
1.454896545988285883e+00
1.496741018470481466e+00
1.698314730196762490e+00
1.770508055559546268e+00
1.642304602217602438e+00
1.713926032551364553e+00
1.981008971445580302e+00
1.951594209818733994e+00
1.813561731509040431e+00
1.953325877483355955e+00
1.898352885903052512e+00
1.731987910237041017e+00
1.595098532682926784e+00
1.703925508176000525e+00
1.659529236599807778e+00
1.705619278832865460e+00
1.598789613156228029e+00
1.558469361250074403e+00
1.764801903378785397e+00
1.667374119620113504e+00
1.680023513785617206e+00
1.658170571551650374e+00
1.566912310092078764e+00
1.663442544388871625e+00
1.645302487003059699e+00
1.719044199359256897e+00
1.763748632799968519e+00
1.789044723900633294e+00
1.794751082981796975e+00
1.749059059566843821e+00
1.835767902890443004e+00
1.745635217380847592e+00
1.671672185161910962e+00
1.829737244892572168e+00
1.708483129121077804e+00
1.684004909631142466e+00
1.555525349905640953e+00
1.605942608591014897e+00
1.648618760218808932e+00
1.662042224728720541e+00
1.732759421491002927e+00
1.637988915211437080e+00
1.557259494678901124e+00
1.747076122817534660e+00
1.767291142648007352e+00
1.495127130583734365e+00
1.559416332169513808e+00
1.582036091049863646e+00
1.672517730844242489e+00
1.652710965211926508e+00
1.745984868963743830e+00
1.679187469489811679e+00
1.736974400071943148e+00
1.731877328029587160e+00
1.614305663593450957e+00
1.416862425458739194e+00
1.565054302005157716e+00
1.663432743939171177e+00
1.582082978095767700e+00
1.481658874091208222e+00
1.520243300053030877e+00
1.589036696603208787e+00
1.438134015684689349e+00
1.561692476826930021e+00
1.472406740570815442e+00
1.644343687825289502e+00
1.442790353896697519e+00
1.561380737192944235e+00
1.694593456649420959e+00
1.462598161677470587e+00
1.479220006631724926e+00
1.622626411074529651e+00
1.795440932321740624e+00
1.814863475799766812e+00
1.856703505887593808e+00
1.878452737499311187e+00
1.911024256828419032e+00
1.847995032857606246e+00
2.126300048909685714e+00
2.244830276073659814e+00
2.250161127473875311e+00
2.286659794288966818e+00
2.288679512396083915e+00
2.278882786946121453e+00
2.338863608404182504e+00
2.423632433461469393e+00
2.593483861285616587e+00
2.706364021879013482e+00
