7.688768146799612276e-07
4.515412213957478715e-01
5.833706687105548738e-01
8.750775703496731506e-01
1.179876515176315754e+00
1.246098380555118457e+00
1.438974614445450495e+00
1.467778411896058177e+00
1.553455116997576768e+00
1.597672012984960643e+00
1.588476455032548307e+00
1.728700245310397454e+00
1.741239166928053139e+00
1.820461826527996596e+00
1.530989770912715819e+00
1.650405491710837946e+00
1.566295222785624608e+00
1.468708453179526696e+00
1.533472681901109302e+00
1.508471001019972446e+00
1.558513066708024475e+00
1.444555849407199055e+00
1.618838449823198689e+00
1.624092648472944544e+00
1.867668393591197740e+00
1.978658957068766711e+00
2.078661567626705509e+00
1.922695188550219036e+00
2.024869481156211570e+00
1.978213447985779139e+00
1.765943673500034006e+00
1.584754308582569493e+00
1.608283162175346170e+00
1.690023156513069891e+00
1.526815163479949833e+00
1.634496153668057117e+00
1.756341892799531568e+00
1.883776337133362011e+00
1.833628080140903283e+00
1.736246661854551343e+00
1.690414403122120879e+00
1.878521408858103037e+00
1.783969087622538696e+00
1.826750525357192956e+00
1.753077498530870137e+00
1.784050618524684273e+00
1.883710533232634265e+00
1.949193029794763055e+00
1.869767112862896097e+00
2.085936761434874054e+00
2.096579042140550353e+00
2.126356511863588761e+00
2.069624812836598604e+00
2.146923115612173305e+00
2.248284634338008292e+00
2.272781503837324912e+00
2.377919479396277236e+00
2.152369035162993161e+00
1.997764199893515169e+00
1.991413129986462804e+00
2.080862046717444347e+00
2.250260297702891155e+00
2.310122303447191605e+00
2.163115944745984454e+00
2.068406837598301795e+00
2.157230387154716045e+00
2.103890643029790564e+00
1.917701026803275033e+00
1.666658202944303779e+00
1.677984654989188362e+00
1.875393101622429004e+00
1.938266695612365531e+00
1.775117370555231444e+00
1.709278179026733069e+00
1.933624347584184111e+00
1.899730982611371966e+00
2.148899105252129349e+00
1.994224675707778172e+00
1.840820582112294934e+00
2.066307148644491498e+00
1.852639544009829553e+00
1.809940820338092893e+00
1.876684596862332910e+00
1.874803805470019347e+00
2.009657567158610547e+00
2.027875148940137429e+00
2.010678283061281046e+00
2.029723082651803345e+00
2.326510275563129060e+00
2.331909544837206916e+00
2.410204425080574975e+00
2.546086007911160465e+00
2.358153755136985996e+00
2.325617065628806657e+00
2.331188632007676009e+00
2.344700310942255062e+00
2.165347414470606413e+00
2.051800223781894861e+00
2.017585679205313287e+00
1.997140595751182301e+00
