0.000000000000000000e+00
4.827511902769705543e-01
4.210447612216524083e-01
6.507802508201447900e-01
8.030570516845060292e-01
7.784653140913284641e-01
7.636823402331277544e-01
8.713249509528261383e-01
1.044506942164696417e+00
1.107685660137566419e+00
1.289156472744229065e+00
1.149101838898223482e+00
1.198727848117833172e+00
1.251954819495809224e+00
1.150131751320925932e+00
1.049117699942429649e+00
1.109205087175142435e+00
1.087466032629018198e+00
9.932616392418984752e-01
1.194917108574477638e+00
1.269032270598693835e+00
1.234775089579262630e+00
1.215158591941471578e+00
1.089820967455520373e+00
1.271173795770875969e+00
1.235593154462722776e+00
1.267568338293243224e+00
1.230701089070524112e+00
1.201454569598443767e+00
1.397601969887003026e+00
1.339144514775015171e+00
1.246246377863125199e+00
1.275824901687965474e+00
1.308467510575654913e+00
1.380675807319101445e+00
1.275109568509446234e+00
1.240016210433164678e+00
1.425688739460329924e+00
1.204143957223186456e+00
1.258143169821049900e+00
1.377243272346704517e+00
1.376376447895393262e+00
1.422293265689177355e+00
1.599240615485154171e+00
1.281034270595093894e+00
1.414463717438599000e+00
1.407443146144433221e+00
1.466441034392149678e+00
1.248414379499027449e+00
1.329040454105079538e+00
1.316842488356018359e+00
1.463525121281460617e+00
1.532113862788349934e+00
1.450652642848550666e+00
1.738180030520805941e+00
1.754832785393035666e+00
1.657934828344880485e+00
1.514867172188553379e+00
1.522050045078356506e+00
1.698939834771951540e+00
1.712519062456368868e+00
1.775845829621248040e+00
1.883788689345440748e+00
2.117064335223933114e+00
1.823725611291848736e+00
1.864804387806718422e+00
1.871607559730370296e+00
2.107192600092263390e+00
2.165105188569212302e+00
2.306081656257175538e+00
2.563805101552129262e+00
2.331282081988576227e+00
2.393557565917106444e+00
2.191382462447942547e+00
2.115849284320677093e+00
2.275276856802427528e+00
2.248784566355248149e+00
2.266493157017567928e+00
2.367650248848558014e+00
2.426026037491296972e+00
2.577869643235199959e+00
2.290502237933189633e+00
2.471622964191034555e+00
2.625171388497074432e+00
2.599672570164170970e+00
2.493548951144606729e+00
2.555702420280842713e+00
2.548254500471674788e+00
2.409067223996385732e+00
2.286770492279586620e+00
2.329905472945589029e+00
2.472478760767853778e+00
2.281105833999825361e+00
2.385159201452747180e+00
2.340060575012775868e+00
2.434799747570150608e+00
2.491763116747932827e+00
2.354035366956228614e+00
2.318025845899278181e+00
2.286225049254220210e+00
