3.015782985847834980e-07
4.919180907510647405e-01
4.609631383023680695e-01
6.824925542910532661e-01
7.592327144145889495e-01
7.699721966979108378e-01
1.109369242683161172e+00
1.035410520415703139e+00
8.130805257607015557e-01
1.037487811271345040e+00
1.043490617701080092e+00
1.191554450232990225e+00
1.006937503954720370e+00
9.655997657184520744e-01
8.883299293107383976e-01
7.171623061049691161e-01
7.626165753914588841e-01
7.271237709577980102e-01
7.807862419609821192e-01
7.557451200072129449e-01
8.688215747395505728e-01
9.662676205842538613e-01
8.349495500248526048e-01
1.154548524281105992e+00
1.237905978316139466e+00
1.186530823139665181e+00
1.281719076590578599e+00
1.312230345223141859e+00
1.242725437878947847e+00
1.118041394269685407e+00
1.151917011472569197e+00
1.257955883484366488e+00
1.150351344195078562e+00
1.119974188786432956e+00
1.131544383684290223e+00
1.103054589472753255e+00
1.458084725135805115e+00
1.391294973933939083e+00
1.511076451828974543e+00
1.653885550914781621e+00
1.499570679879911328e+00
1.560848433107362876e+00
1.669943498088682698e+00
1.373333583966473759e+00
1.281283460875527913e+00
1.281244126136992012e+00
1.237112304854701694e+00
1.307108279536967066e+00
1.495602271519634874e+00
1.748186404012273210e+00
1.691124446153505989e+00
1.921488034899964115e+00
1.778319867629384987e+00
1.794350038600122543e+00
1.842441181850447585e+00
1.708093965471896514e+00
1.736111003403182584e+00
1.895832214846007169e+00
1.891432470434904589e+00
1.837445438660078478e+00
1.785616770216331251e+00
1.614861593547882723e+00
1.660742964018695256e+00
1.805591576475364946e+00
1.931647182006467789e+00
1.795866129332836847e+00
1.688595901706646085e+00
1.750846117946209812e+00
1.748960475245830759e+00
1.928011638192907995e+00
1.951455609486035581e+00
1.705667173768993683e+00
1.489897439629267906e+00
1.621147559575829566e+00
1.677780812627331475e+00
1.816021334027616341e+00
1.797126194193890969e+00
1.651397157734148191e+00
1.739492397567330428e+00
1.832987418638417187e+00
1.739319967834445979e+00
1.839534920346754809e+00
1.874131051640659074e+00
1.954425053691225322e+00
2.004403463855784828e+00
2.036147147460476425e+00
2.184854015135469396e+00
2.223759320940653872e+00
2.097547031629078518e+00
1.956846654822485210e+00
1.973481275401073542e+00
1.971058486566618750e+00
2.115412864198005227e+00
1.971950489298830878e+00
2.007318829664748172e+00
2.020997731599446734e+00
1.986160886364795042e+00
1.957205662317628381e+00
2.005399335501422797e+00
1.857901756993849185e+00
