2.132480599880017890e-07
6.159607752651401480e-01
4.680636365788805597e-01
7.038294033702816588e-01
6.985519086852132187e-01
8.858122940984991533e-01
8.433402326202923405e-01
9.330530474331095725e-01
9.392438723394900268e-01
1.015493683432735494e+00
1.007746965890965463e+00
1.108909726186735556e+00
1.092940312825031235e+00
1.058816890351714557e+00
1.074630294102122186e+00
1.068661803380006159e+00
1.015911844576315559e+00
1.019453896092761935e+00
1.120875706049614395e+00
1.187459196194290856e+00
1.187493136957532336e+00
1.165210838178400321e+00
1.165703733971991118e+00
1.239422727162492466e+00
1.305855805208811837e+00
1.249936029429988160e+00
1.179797209276168823e+00
1.395549187561718307e+00
1.561941348368398597e+00
1.648033584036153743e+00
1.663980195396256079e+00
1.670166066118481618e+00
1.564590848230396292e+00
1.466917367922097704e+00
1.437530599570326695e+00
1.417897177863459701e+00
1.238329382606639051e+00
1.213949550699794599e+00
1.438192983156409088e+00
1.499078285414208622e+00
1.478037780073389929e+00
1.625246821606247671e+00
1.777997537871216505e+00
1.731297528547882436e+00
1.750265853714297215e+00
1.982254830766629450e+00
1.819703616508083988e+00
1.991547805972571306e+00
2.072852825657771625e+00
1.907020455859505859e+00
1.885915868952178220e+00
1.942653804926962158e+00
1.956504508323356983e+00
2.033383242597677665e+00
2.081230561613540253e+00
1.945751322222719182e+00
1.976328427484327133e+00
2.014534673327677439e+00
1.955354002519010370e+00
2.007521202460652354e+00
1.880302105097559240e+00
1.877877786500605772e+00
1.957187227172789479e+00
1.963645973496594310e+00
1.987908280172616449e+00
1.999506466430564844e+00
1.939552834991835395e+00
1.932221359476051337e+00
1.781372579888021335e+00
1.908104945317551371e+00
2.026192128056890862e+00
1.890612534271010725e+00
1.862618718265261375e+00
1.818023042980284609e+00
1.979843408454021736e+00
2.052245698969950460e+00
1.987612873585243856e+00
1.951655772872723738e+00
1.932705533696681632e+00
1.876622183997873394e+00
1.841443403823832092e+00
1.873932931090382503e+00
1.860886175080120664e+00
1.691077806083261414e+00
1.742392480212272332e+00
1.790395042300727768e+00
1.793580613526867928e+00
1.869517688584014348e+00
1.716778622946701693e+00
1.685334953435528860e+00
1.814596916506157509e+00
1.779326656927202377e+00
1.820732118251556564e+00
1.883400283316023049e+00
1.968540931445506459e+00
1.770509413466366810e+00
1.705751345007701092e+00
1.783872318010156555e+00
1.926993848804860354e+00
1.993829053402874640e+00
