9.295267433937991466e-07
4.979205632041820984e-01
6.926157117198242785e-01
7.095950271492404982e-01
6.420932045522871334e-01
7.545618205490627339e-01
7.569470914058952227e-01
9.143850788741120228e-01
1.019118950081557395e+00
9.478959871128984638e-01
1.005899375469365031e+00
9.595492132979127620e-01
1.053067118126450818e+00
9.738047645808269870e-01
6.364349221725588146e-01
8.121148172391664533e-01
8.869298039501957165e-01
9.492177386578091181e-01
9.276069106902090633e-01
1.265264123072570746e+00
1.254366164454326249e+00
1.142447428052230318e+00
1.278296797586925715e+00
1.250499873544218765e+00
1.129474281707207206e+00
1.116912274384481263e+00
1.283097249738281764e+00
1.467298854413715992e+00
1.545376360579870711e+00
1.399152677396024780e+00
1.421728812951448928e+00
1.287087846163454730e+00
1.431068850643848922e+00
1.451963463070273352e+00
1.659525301262703367e+00
1.346584371410543435e+00
1.477080685954161199e+00
1.626524453775056056e+00
1.451966928828899217e+00
1.438092819214595419e+00
1.382146967613256949e+00
1.390011771092710680e+00
1.588169838092698738e+00
1.410847649011208738e+00
1.544714725878939099e+00
1.518470481500804325e+00
1.435575907968547726e+00
1.395000783311890924e+00
1.385797812881353730e+00
1.662527680953227449e+00
1.934715976407041849e+00
2.084686993185326909e+00
2.115507723810562180e+00
2.116078190089631494e+00
1.994774591721911960e+00
1.946054050180843653e+00
2.258058877915764651e+00
2.239155730848822579e+00
1.906312621331706536e+00
2.093261499963296135e+00
1.987335744004811833e+00
2.037432500470142127e+00
2.109845128657889202e+00
1.984859421200353191e+00
1.912043129998191926e+00
1.845619303869914019e+00
1.867527010867194415e+00
2.070365043912634206e+00
2.124671947660935256e+00
2.087045389290417940e+00
1.994152065328296919e+00
1.920136163320917966e+00
1.991172740173149158e+00
2.275317111052244545e+00
2.252398963260797693e+00
1.953033975838196490e+00
1.958901442650308855e+00
1.794756706801892587e+00
1.911188246410596703e+00
1.908513505424455081e+00
1.951679586390094645e+00
1.736568212579528314e+00
1.796924974164768818e+00
1.959868272694800684e+00
1.935561586009910906e+00
1.963402210264370673e+00
2.120744415042111530e+00
2.215661016910009717e+00
2.116938406731914135e+00
2.145491591256698971e+00
2.249419039201315140e+00
2.081225728672506214e+00
1.870718959849740459e+00
1.917823543664643582e+00
2.205632770100280471e+00
2.179573235925515107e+00
2.071091733081381836e+00
2.087455091854124145e+00
2.270594855377979560e+00
2.302365651432914273e+00
