4.264961199760035779e-07
5.434620774307565849e-01
7.065277801640268418e-01
7.294882435815387423e-01
9.477775641463950240e-01
1.122345569065926529e+00
1.090660670451361502e+00
9.493697593360301834e-01
1.001081281588530603e+00
9.652326636611164856e-01
1.019095582607581152e+00
1.005164117169650151e+00
1.285166119361289550e+00
1.191184074445525320e+00
1.146655013916597632e+00
1.164834511308973530e+00
1.086887135354332568e+00
1.118173192042929420e+00
1.130597408647597613e+00
1.192749633751298832e+00
1.298764208435159828e+00
1.315477289781248116e+00
1.403037770946842677e+00
1.467492077032890974e+00
1.810785049810840208e+00
1.934271780326769719e+00
1.743179788757121873e+00
1.845229492020573181e+00
1.814057274672201459e+00
1.941648161569301534e+00
1.969522142727149649e+00
2.012579925675790360e+00
1.854527414610868341e+00
1.799710972273350640e+00
1.925819837228815778e+00
2.046147078390233354e+00
2.153842962627093183e+00
1.931545766846352263e+00
1.950168674371359101e+00
1.784936052418294894e+00
1.918432293727533544e+00
1.908565278291787237e+00
2.004483766064420358e+00
1.914528852776918866e+00
1.982162656217453467e+00
2.236270925000733545e+00
2.290229993570600531e+00
2.282662672237911750e+00
2.492666773086082976e+00
2.643024833223792225e+00
2.353354894468794978e+00
2.557052969956495225e+00
2.515685142814133357e+00
2.612054454880023080e+00
2.695006325305404626e+00
2.996227330276541423e+00
2.806094635933982229e+00
2.781692114858155040e+00
2.903438949895442267e+00
2.819962858172255782e+00
2.883467628687038431e+00
2.994975772451069940e+00
2.873661246045851492e+00
2.835784758470938804e+00
2.939880020782718262e+00
2.845722718308018262e+00
2.767912774594191383e+00
2.670686141211020992e+00
2.321676747626003845e+00
2.414341653889141348e+00
2.365151124488396484e+00
2.388575376582753318e+00
2.232730071624065005e+00
2.308925395248342838e+00
2.589419331621373388e+00
2.592276901736386474e+00
2.502742307895492235e+00
2.472157106238020763e+00
2.529565273739101006e+00
2.523166723757184648e+00
2.365486854970360486e+00
2.407946509478067654e+00
2.456119231362185129e+00
2.442969516642118144e+00
2.667562366943358576e+00
2.621032259247924490e+00
2.829187990476413006e+00
2.690256403298760812e+00
2.521638642289641741e+00
2.844498354116870242e+00
2.871839105305615369e+00
2.880922435975797224e+00
2.956343815301267774e+00
3.107059947474849260e+00
3.040880185761525301e+00
2.856305382654932945e+00
2.885478898835857287e+00
3.039659708603013488e+00
2.878762630557130553e+00
2.905123268272686410e+00
