0.000000000000000000e+00
3.016417630243203307e-01
4.540917080142840567e-01
6.010709673838110501e-01
7.532158429165171087e-01
7.361062645393354753e-01
6.313858213999407054e-01
7.763339828389146380e-01
6.985278241171186675e-01
7.896897387713983640e-01
7.268381536121487629e-01
6.799928891195236025e-01
7.540314696446904774e-01
7.156951402742709467e-01
7.138167228847038803e-01
7.770973620103097668e-01
6.989871413552821711e-01
9.229382020464880210e-01
6.284342236087900879e-01
7.917839415092061683e-01
8.319632657155155986e-01
8.940456792884370341e-01
1.011277500215157277e+00
1.238317668861094623e+00
1.242792662137490067e+00
1.397131743822519923e+00
1.488770033895124634e+00
1.260453300610612448e+00
1.359163562577345719e+00
1.357210455652797076e+00
1.398329453016069035e+00
1.306711650691036786e+00
1.405099343674497403e+00
1.242961564433885391e+00
1.550598055670492581e+00
1.668097155110388252e+00
1.751063572145601155e+00
1.538837653569075758e+00
1.517644311218267594e+00
1.548341819797155461e+00
1.465096951981856632e+00
1.340586951164495666e+00
1.314260528949728668e+00
1.240899660683646211e+00
1.207807322459702570e+00
1.238313986879533868e+00
1.429634206947619113e+00
1.365144029980279727e+00
1.321421425223419099e+00
1.298813762911973146e+00
1.511956699130949655e+00
1.675488911666827674e+00
1.404980799706602834e+00
1.283550932768844355e+00
1.440811362771271753e+00
1.308769440501322601e+00
1.371167701003635830e+00
1.425206173483528405e+00
1.469892556553009877e+00
1.506883912708255169e+00
1.516234017407924073e+00
1.492343672684159239e+00
1.363105162284849348e+00
1.427121683368566485e+00
1.217266700036754745e+00
1.246188578093153421e+00
1.187027116614059130e+00
1.290595938104780238e+00
1.446070827843241924e+00
1.439037213029230822e+00
1.185769031749017044e+00
1.235188802938037789e+00
1.294740014000702377e+00
1.108571795413208827e+00
1.234711393804916568e+00
1.232731301729166784e+00
1.056842827610760649e+00
1.225813691352137358e+00
1.303207635884571891e+00
1.337505314923270516e+00
1.355144427957196029e+00
1.509671011389063011e+00
1.586790840053950102e+00
1.570018380205935760e+00
1.757432611084926988e+00
1.651784603646131444e+00
1.763820428192269807e+00
1.958261038230915130e+00
1.938560129952578093e+00
1.908444408202075948e+00
2.036462782784626668e+00
1.985579315576280646e+00
2.165892598219770981e+00
2.033694677632907677e+00
1.978681800408655711e+00
1.923789395764738064e+00
1.800440584760790275e+00
1.831129584713419911e+00
1.792501466567420376e+00
1.725806850850791108e+00
