5.223489356090222115e-07
4.630314338200730018e-01
5.665315980850130773e-01
6.985724093669124501e-01
1.039635005634044873e+00
1.006404560802668158e+00
1.129504065305872773e+00
9.940576640100136085e-01
7.658846093997555560e-01
8.600653780236775514e-01
9.632942297050173242e-01
7.792546694086295300e-01
9.293069641072803089e-01
1.105225483033611455e+00
9.675648731510325673e-01
1.313058623776245160e+00
1.035025534104320633e+00
1.142384489566773187e+00
8.805261583331767117e-01
1.149312856886602452e+00
1.099594705450827270e+00
9.853319662903127218e-01
9.327973822976164398e-01
9.573382741378119176e-01
1.206354289084041964e+00
1.050789125987757977e+00
1.477333195079171269e+00
1.485945760351151224e+00
1.381502129291861003e+00
1.351315805040335549e+00
1.223354513013251488e+00
1.289371952400472310e+00
1.206526025698196003e+00
1.373205391964259503e+00
1.536697468223651164e+00
1.360644891789235089e+00
1.458961970239048167e+00
1.455911165184952116e+00
1.673822040958199864e+00
1.886657479231506951e+00
1.848168073813300172e+00
1.892033912123570527e+00
2.176211717518854449e+00
2.159763456742116450e+00
1.983238857441400160e+00
2.044088728580584213e+00
2.167358485749721453e+00
2.199475275244942463e+00
2.137562165307007600e+00
2.271306467929407269e+00
2.350143020969484464e+00
2.436704504286344442e+00
2.624690715894522519e+00
2.725087030952107803e+00
2.647621673355537109e+00
2.481874571791664152e+00
2.430084798288737247e+00
2.186670049935019566e+00
2.133808061179937710e+00
2.048433044752515197e+00
2.016866478848021949e+00
2.069802528484278703e+00
1.830488712704274157e+00
1.765172207420401929e+00
1.793245643345353635e+00
1.893602435148051155e+00
1.928070391723402111e+00
1.831838589017740659e+00
1.715269576798956974e+00
1.732105559051582588e+00
1.810453350968788122e+00
1.790483179137505099e+00
1.791267841526670068e+00
1.866156887867560954e+00
1.858521493028973515e+00
1.860916909165754918e+00
1.899284963533052872e+00
1.726584663950121445e+00
1.593826920666747249e+00
1.589876792891269375e+00
1.481211818030777616e+00
1.396024791525177111e+00
1.313805786561495381e+00
1.271372762217287011e+00
1.164899776541340026e+00
1.188564719900547573e+00
1.277463973430436939e+00
1.354114347233942750e+00
1.500422537748917984e+00
1.440605315669292841e+00
1.335885354717292861e+00
1.390205937797839519e+00
1.597035438821635234e+00
1.501570562240862827e+00
1.494055007642163924e+00
1.559571161477624202e+00
1.468143252276665756e+00
1.715819655645761665e+00
1.811071245217915626e+00
1.966990124496899028e+00
