2.132480599880017890e-07
5.488246565928054377e-01
5.503028067383199939e-01
5.483826195439250872e-01
8.095902614312550094e-01
1.058993529311552884e+00
1.443121656207087655e+00
1.140024163148761760e+00
1.154944466676437687e+00
1.333404128354054752e+00
1.513231175940866313e+00
1.751891945690752683e+00
1.541337885714110012e+00
1.543754385776047178e+00
1.593551939522094729e+00
1.533252138238692552e+00
1.643410336999892918e+00
1.908976693694939719e+00
2.052185216358253683e+00
1.723196332523275975e+00
1.773922038368470844e+00
1.845119641961918244e+00
2.014897792484688033e+00
2.168337663888267208e+00
2.138472133771484707e+00
2.175191264664734891e+00
2.181504006528577566e+00
2.167032238789814436e+00
2.339597695788473430e+00
2.752560055514041704e+00
2.932623368820336474e+00
2.804146443319876614e+00
2.745259217368844595e+00
2.817480095508377858e+00
2.868996292020177474e+00
2.640128046827900032e+00
2.596633487587448386e+00
2.856956395247773450e+00
2.914261147033097021e+00
2.988875969771497498e+00
2.884443340280133494e+00
3.051657999921457698e+00
2.859303038389732876e+00
2.629860386530145089e+00
2.732367112115124286e+00
2.625578312289884142e+00
2.506823485993858736e+00
2.386933791985356379e+00
2.429863106871242184e+00
2.513996261094054940e+00
2.525496378137836118e+00
2.398292545974714418e+00
2.593363653191878893e+00
2.727127725757121368e+00
2.616979561808610466e+00
2.727660130485458190e+00
2.647607286944477778e+00
2.705878611485676100e+00
2.742410343923894711e+00
2.542928166292644399e+00
2.690262839059242683e+00
2.676609355251632127e+00
2.629063403769002605e+00
2.403746285379996461e+00
2.193878105446388727e+00
2.110934728735923471e+00
2.207328524018914440e+00
2.209823438843171228e+00
2.082855820394649005e+00
2.117921106533291020e+00
1.917316218052555588e+00
1.993264421784794127e+00
1.724672332446896661e+00
1.626733350362516539e+00
1.784030567096847486e+00
1.581942287640365485e+00
1.708693722712030238e+00
2.017390668383082453e+00
1.906951655330843876e+00
2.091135659928939905e+00
2.181051066088597779e+00
2.219909110720386547e+00
2.194286077940914570e+00
2.077619901866587515e+00
2.163725546137505784e+00
2.107273439489964595e+00
2.188659891059242746e+00
2.238494181447566067e+00
2.308263332539428614e+00
2.381906372937308447e+00
2.792338271998108024e+00
2.690641954042156225e+00
2.584453540694835905e+00
2.611161729417722288e+00
2.754599849934677991e+00
2.752656152761069563e+00
2.700780193194987078e+00
2.952679285552102684e+00
2.882553280439439813e+00
2.904282688713124561e+00
