0.000000000000000000e+00
3.748737720223639935e-01
5.286768444451189763e-01
5.862753826277080638e-01
6.370044360043489728e-01
5.470871906766986426e-01
6.689042582221145228e-01
5.143961300693222771e-01
5.280460400701688650e-01
6.555537223927532242e-01
6.499181240702764928e-01
6.579725673192023949e-01
7.496495305245526319e-01
8.076113329488665560e-01
8.479559637839281239e-01
9.233870879462304782e-01
7.212071308026143379e-01
6.663090098043826792e-01
8.059616430338053528e-01
7.959912591979235730e-01
6.168578265488736667e-01
9.129899155593539373e-01
8.352617861963484991e-01
9.188822980075714852e-01
1.086245824822064776e+00
1.116223495982899827e+00
1.041412586537839857e+00
1.012933102014765385e+00
1.026027125117509042e+00
1.112570216796161526e+00
1.049515484367930407e+00
8.886841962486785595e-01
7.911976935655442578e-01
9.950681275664968739e-01
1.108207245449958966e+00
1.151651585296248337e+00
1.231983201967456365e+00
1.195641398110409703e+00
1.177686055990551761e+00
1.385730451331301794e+00
1.332991145266668287e+00
1.301493983037947277e+00
1.392032120595868561e+00
1.413260122572527644e+00
1.474855101083910824e+00
1.285245876084437189e+00
1.357827107448628778e+00
1.267601785306505358e+00
1.256857114611058535e+00
1.210748499146980128e+00
1.191183916957209599e+00
1.287895317798925632e+00
1.303143679611231676e+00
1.204770775145240114e+00
1.342226685275848208e+00
1.323495692460498363e+00
1.342374591056513244e+00
1.318472111234976873e+00
1.296458129633723200e+00
1.193629062996523826e+00
1.160176810511032164e+00
1.077152919252084340e+00
1.111814048890773732e+00
1.189090426259773015e+00
1.425089720805553961e+00
1.516928040992927551e+00
1.369828541348795836e+00
1.257093258812972625e+00
1.426951764150785840e+00
1.526566205648306918e+00
1.633557166273965633e+00
1.479600789779723202e+00
1.435679509391726727e+00
1.343175974283024043e+00
1.410654846456492084e+00
1.446713681148768638e+00
1.587789661824181131e+00
1.534193938642393062e+00
1.495661992796450956e+00
1.401823570741044245e+00
1.343294253154007745e+00
1.180933610199506711e+00
1.372668167859915744e+00
1.620713962815641951e+00
1.628922961460099073e+00
1.533189317584692901e+00
1.488002369704921390e+00
1.399339878213838650e+00
1.236687071482432509e+00
1.258296956840269987e+00
1.184566290664910149e+00
1.393336335256240899e+00
1.145661595484563700e+00
1.146400049523619513e+00
1.255296683576366812e+00
1.222043978779156159e+00
1.085912398668560153e+00
1.303057391958828415e+00
1.070321137894701735e+00
1.163393106858667814e+00
