4.264961199760035779e-07
5.503504885395611446e-01
6.568629886582588728e-01
8.912113370304778348e-01
8.784921804719302285e-01
8.840637646244623449e-01
1.081873485480437491e+00
1.119716750168965325e+00
1.084004319325328813e+00
1.347360430855153446e+00
1.468731118986043915e+00
1.599514950864113327e+00
1.761184809724214650e+00
1.727963574879759934e+00
1.596436074354199430e+00
1.477432437840328516e+00
1.452862825515819578e+00
1.529329772422386879e+00
1.370671726925353662e+00
1.269664040631247381e+00
1.344810060707628097e+00
1.379833257526911439e+00
1.403352945413536501e+00
1.280651509829032086e+00
1.408689553815463791e+00
1.430387461645022729e+00
1.436386880275878797e+00
1.258423029165295803e+00
1.305236036391146603e+00
1.280985536235929922e+00
1.298117905881831957e+00
1.119231008332807864e+00
1.177824762996261931e+00
1.108008360551921534e+00
1.355969265560156733e+00
1.117459188162903239e+00
1.124191415452609810e+00
1.065954961746532037e+00
1.031374505475103343e+00
9.729891027117191227e-01
1.070075347731726190e+00
9.414012502839851360e-01
9.495488961953371110e-01
9.648990053464698846e-01
1.080591199274131053e+00
1.114410492824502663e+00
1.170281588855441646e+00
1.229714342651591297e+00
1.110406207990214167e+00
1.051532987568046806e+00
1.152429170459466690e+00
1.345776191309480119e+00
1.281448004614445857e+00
1.283793443962694569e+00
1.357538251437314436e+00
1.060690042752972406e+00
1.113847000861689196e+00
1.258178529852433947e+00
1.218011925990951871e+00
1.082912449915274689e+00
1.092491728397350537e+00
1.101879187106583169e+00
9.519748009211390638e-01
1.045340157790528801e+00
1.135449260656535397e+00
1.313683696316577221e+00
1.160263845558981100e+00
1.298383501376681348e+00
1.317590818646886985e+00
1.336840603700890195e+00
1.544829131388021581e+00
1.610368964795240165e+00
1.534920771603170087e+00
1.340888654321484408e+00
1.515711804240860827e+00
1.632166637668083675e+00
1.681788256399403547e+00
1.826898315777717885e+00
1.780268215042724922e+00
1.839635432576518292e+00
1.932755055778332398e+00
1.833068774004519286e+00
1.616948467376107423e+00
1.627177762238554815e+00
1.734526190005423851e+00
1.883997659908568378e+00
1.883562004247878008e+00
1.965278354346654099e+00
1.709515158171017069e+00
1.610590623978030322e+00
1.680020277266077278e+00
1.629028118380132950e+00
1.846818203209506848e+00
1.787605625470458204e+00
1.813404067444189360e+00
1.885443801825348986e+00
1.626819184265235529e+00
1.899123870303683015e+00
1.959146603037968726e+00
1.810689966343801194e+00
