4.264961199760035779e-07
4.918404481738726242e-01
6.072326819066544701e-01
7.527223181356624826e-01
6.644908987371928033e-01
6.935541248461034591e-01
6.869788099010738502e-01
7.544736673288020556e-01
8.025442900932592272e-01
8.808601076254504170e-01
7.028905687919335676e-01
7.777017029052997188e-01
1.030426270343575812e+00
9.096326515422096248e-01
1.030293431915603630e+00
1.023923464880880596e+00
9.086793649552983299e-01
8.989023057999693256e-01
8.900857265314200406e-01
1.179183665469421216e+00
1.313543484944155182e+00
1.152398187375314409e+00
1.281231610958955880e+00
1.212178343904365851e+00
1.374975259022811480e+00
1.436898418484393591e+00
1.415646225225510646e+00
1.087590933560887985e+00
1.213369130615841174e+00
1.422380014283531002e+00
1.453521742084554313e+00
1.593805495889392132e+00
1.682877988008965486e+00
1.782109009872041794e+00
1.841653388666398827e+00
1.886290934119824403e+00
1.868108335566278644e+00
1.752853844187666210e+00
1.989746546655636106e+00
1.667849685650748093e+00
1.763378554920659758e+00
1.708181754145891240e+00
1.489593584960708483e+00
1.562159337943805681e+00
1.501195734280205585e+00
1.487896021027746762e+00
1.291812262418867041e+00
1.420570928495691332e+00
1.476161742826108680e+00
1.568917780155415498e+00
1.624211815512571544e+00
1.567148700805941708e+00
1.602200856807603602e+00
1.676777964790916897e+00
1.770757663207300547e+00
1.935059617682287403e+00
1.891584002081458493e+00
1.962273665004470979e+00
1.886767309309764329e+00
1.855778121037116923e+00
1.749712499337828797e+00
1.876910619395279589e+00
1.797801499783422408e+00
1.794654278399574476e+00
1.878404933897896312e+00
2.042840880380766055e+00
2.116915448370951580e+00
2.158423540272961905e+00
2.234242834500625108e+00
2.238230586860554983e+00
2.276633641007836495e+00
2.234461425768349940e+00
2.136410909114768053e+00
2.252812689407376556e+00
2.359338482294650152e+00
2.493856136865921336e+00
2.301017389896223175e+00
2.336992095109793333e+00
2.445717678454958133e+00
2.645144894571390903e+00
2.451761464628601228e+00
2.343876382968394179e+00
2.407255514197117474e+00
2.309953895530433510e+00
2.420691109651329054e+00
2.568267756271993996e+00
2.736521156170870217e+00
2.750222348732807909e+00
2.546549852502660638e+00
2.684824379364171065e+00
2.688348545647328169e+00
2.789995207330718152e+00
2.575393310165622118e+00
2.260758489891833367e+00
2.289889176527784009e+00
2.359635554587591333e+00
2.606155743912156986e+00
2.503796930227796924e+00
2.700294913656070772e+00
2.580441111923847064e+00
