2.132480599880017890e-07
5.356367502399579372e-01
8.953212603773463840e-01
6.857173461875468723e-01
7.310181773005787198e-01
8.875208330769417397e-01
7.024623959095127601e-01
8.117649872469214767e-01
9.274780404806260981e-01
1.005818041168261789e+00
9.177555898280266300e-01
9.418864550850314377e-01
8.520765539296719648e-01
8.671278163680266049e-01
9.495010924248712403e-01
7.043928544160469318e-01
8.978596301376304822e-01
1.003559219167993843e+00
9.770356494535394898e-01
9.429132118095244763e-01
9.634827541641920456e-01
1.186272973779670892e+00
9.853108952601413728e-01
1.045675061182371746e+00
1.100564909393153101e+00
1.150032551577351736e+00
1.097686298210420963e+00
1.184109537738308848e+00
1.163278282587902002e+00
1.125431952014463777e+00
1.136192474513460171e+00
1.116222981472314579e+00
1.223355456815628628e+00
1.209009261321354112e+00
1.056112260375166700e+00
1.045117946282200005e+00
1.075866879864881387e+00
9.688254894589015676e-01
9.704010362499100317e-01
1.200114736931879866e+00
1.234467762763548304e+00
1.373608885466667040e+00
1.541371861289383860e+00
1.418129021122954470e+00
1.480503245371930232e+00
1.477805299068262856e+00
1.522782535307835694e+00
1.373832206918306209e+00
1.514498124778050236e+00
1.524213695585237893e+00
1.524436612526667068e+00
1.661362838999576264e+00
1.608672192474383644e+00
1.444930934895994667e+00
1.594679514598664749e+00
1.893899647105324213e+00
1.945126240610507207e+00
1.881076475761055411e+00
2.002670142407743548e+00
1.722150189442880119e+00
2.030317816269614273e+00
2.232715471314163924e+00
2.324982477138982873e+00
2.456541270328625348e+00
2.185000951915002876e+00
2.080678673836044101e+00
2.321609120346158406e+00
2.148262559855063092e+00
2.350006556083154230e+00
2.291906287009609855e+00
2.443248684875874321e+00
2.673294011158696470e+00
2.563805447093883583e+00
2.606375632451912061e+00
2.530404190527059782e+00
2.581953727368128337e+00
2.530462970351246899e+00
2.745866218918973978e+00
2.783375142537468427e+00
2.836784750682255218e+00
2.677396683139490641e+00
2.724871000216874783e+00
2.571868421920420200e+00
2.619089696185354477e+00
2.627539994758887332e+00
2.248200293266831906e+00
2.036772639555756381e+00
2.329305239236465486e+00
2.174534176383370543e+00
2.202960146791947516e+00
2.114360382425962914e+00
2.241509423178161153e+00
2.097374282847766835e+00
2.142045347962509450e+00
2.212976664008857064e+00
1.958331292944737401e+00
2.038535892821732087e+00
2.115804289086848478e+00
2.180255843450316977e+00
2.143263977099044926e+00
