2.132480599880017890e-07
4.508851716171977664e-01
4.027111234257022554e-01
4.367663096303160963e-01
4.001471520661896708e-01
4.964165026433405847e-01
6.637204503329747762e-01
6.128599114617572230e-01
8.232817201294463372e-01
9.117378623060921061e-01
9.068439556647779343e-01
9.031605755856745299e-01
9.263392532667389379e-01
1.275574308583825145e+00
1.177320604448660601e+00
1.062044327389850773e+00
1.138334499575415659e+00
1.192092644644739519e+00
1.177947803088227330e+00
9.846098983101635449e-01
1.070214205437616695e+00
9.322461186140282852e-01
1.109456222878095311e+00
1.065939494540592669e+00
1.092532265338219011e+00
1.146031532119563767e+00
1.044881360074797483e+00
1.033056854494363686e+00
1.062862794003297973e+00
1.037311711787179069e+00
9.064232744560271060e-01
9.360018907402406496e-01
8.722910339065197416e-01
8.680507922700154699e-01
8.377778933897753744e-01
9.778556430092145701e-01
1.004867660097586102e+00
1.054197352531011767e+00
1.086173663143110035e+00
1.078383189482360560e+00
1.096120796381303331e+00
1.052411550471209267e+00
1.084454989364517674e+00
9.331202527907433986e-01
9.394782405297327221e-01
9.084568636844726486e-01
9.050624340711102001e-01
8.693537796071405532e-01
9.388255705944035245e-01
1.008827288202237327e+00
1.072010033797556883e+00
1.312995621413295622e+00
1.320829483340696164e+00
1.445041118133487013e+00
1.208102651177636488e+00
1.130645875265888112e+00
1.278430129148446559e+00
1.362426287787867452e+00
1.238177072914476096e+00
1.232909183904375761e+00
1.224093703166889258e+00
1.196528290642714154e+00
1.130779169672208040e+00
1.045607581749620874e+00
1.126976291770903638e+00
1.134019107467413967e+00
1.042346299353634542e+00
1.032265612070653926e+00
1.190012519062323859e+00
1.174857814100089382e+00
1.342641340480232426e+00
1.170836996944483177e+00
1.242258442073221891e+00
1.203891152044145096e+00
1.138155385584926016e+00
1.154630816811687888e+00
1.074682901903933896e+00
1.153458559352416257e+00
1.147570105358784565e+00
1.201167742650505188e+00
1.243585962027793812e+00
1.235637095846425559e+00
1.424277442706606722e+00
1.407021309937601217e+00
1.229026826383717630e+00
1.233548829680523706e+00
1.161862029316562239e+00
1.241268450054379358e+00
1.148579775866388486e+00
1.204913240062413404e+00
1.291651245779382950e+00
1.149814169196510916e+00
1.162497916934563058e+00
1.137736543946749501e+00
1.150107713399662668e+00
1.076888712649679558e+00
1.142558809595862757e+00
1.030074003877856637e+00
1.082489737863687296e+00
1.087076189878448673e+00
