2.132480599880017890e-07
4.506789373079382321e-01
6.884901964114211737e-01
6.398326288472712120e-01
5.163457761568911453e-01
6.226202468900818854e-01
6.271008952884722376e-01
7.506495396594188296e-01
6.463024667801132717e-01
7.350457337648853562e-01
7.500924062515806900e-01
7.399235858208242922e-01
8.899189763637102013e-01
1.106038379826252749e+00
1.036081395094879731e+00
1.246508402073854160e+00
1.168698207251611443e+00
1.301906798546282884e+00
1.258985476279490534e+00
1.366541731756287792e+00
1.308350590750859466e+00
1.588097111181292265e+00
1.574338474534879406e+00
1.494676129793234276e+00
1.642396081015199405e+00
1.714877101507340740e+00
1.845907718436187839e+00
1.669162709210312956e+00
1.858440279945194451e+00
1.855995300696128503e+00
1.857026830074752999e+00
1.886002298916144904e+00
2.042803786389868925e+00
2.163978782630604503e+00
2.143753138828642157e+00
2.217993376879532352e+00
2.174941509204027401e+00
2.115818300557211540e+00
2.063623374670361166e+00
2.029885757167348093e+00
1.811582960951931387e+00
2.022195179691868017e+00
2.081073196834927863e+00
2.098447701437526458e+00
2.072876474826154780e+00
1.975103410060145448e+00
2.086897398751746291e+00
2.122913386625037369e+00
2.200406286537393896e+00
2.217304441124363645e+00
2.021541128274786825e+00
2.048252352607924376e+00
1.912977721456228464e+00
1.946705960544574454e+00
1.883726402591072491e+00
1.829854810777461260e+00
1.662057893453698032e+00
1.604672026428006326e+00
1.818606928255499522e+00
1.724537345655011933e+00
1.928212007161339558e+00
1.713849363614083465e+00
1.681469473304918916e+00
1.793615162366704485e+00
1.765542740301903946e+00
1.717036512750411248e+00
1.882898849552066212e+00
1.935690534731826729e+00
2.066298072473221836e+00
2.030326665190300695e+00
2.043938118028842510e+00
1.830119026841271923e+00
1.813404388668502953e+00
1.827069296107597385e+00
1.816028180798141989e+00
1.746954402102097514e+00
1.783919169345225209e+00
1.660136798640553968e+00
1.778101529458681940e+00
1.608665386125706975e+00
1.649837423671959291e+00
1.879376847929306038e+00
1.830021464657373587e+00
1.905371013862223295e+00
1.799242918427783833e+00
1.633853013764196671e+00
1.699140476908938213e+00
1.753655916602688380e+00
1.735855617708998544e+00
1.814576766498037452e+00
1.948666420618095918e+00
1.763748277426179012e+00
1.779558496134673984e+00
1.681972665270549561e+00
1.778489867718209050e+00
1.739791586546207247e+00
1.848883214328477909e+00
1.927896349881150551e+00
1.788325606677583668e+00
1.908854497455040988e+00
