0.000000000000000000e+00
5.609202238435618826e-01
5.168661384663276737e-01
5.512195669136785714e-01
6.333513696156124473e-01
8.046261379415475812e-01
8.925364206097952113e-01
8.762390830527656549e-01
9.116771577866120690e-01
9.568144106294109719e-01
1.006410360403567461e+00
9.737005227454489376e-01
8.563662251251611401e-01
8.706441292385193043e-01
1.000608480839614067e+00
9.332977385515948132e-01
6.913317734875016329e-01
8.581227098522992147e-01
6.394227853240355142e-01
7.239005990354869802e-01
6.488161590001495505e-01
8.233541552111086625e-01
8.748394167449669023e-01
7.934542021860869765e-01
6.853434620099098096e-01
7.948855638118692557e-01
9.402506589419178384e-01
8.063286295901506140e-01
8.814639573400787631e-01
9.697299816067925793e-01
8.939897935285968655e-01
8.951971802347633567e-01
1.003471449818575278e+00
7.957646136573746087e-01
1.074361081747426949e+00
1.214812695825689959e+00
1.206845021555102315e+00
1.044538897524045495e+00
1.026394827461089454e+00
9.437761355678061514e-01
9.169259980575175106e-01
9.182156169998656470e-01
8.534299133357203804e-01
9.790944855934732294e-01
8.446548802647751986e-01
9.023893954227988345e-01
9.443852450608097859e-01
9.056362773252498721e-01
8.367257314598500750e-01
7.974685995769228430e-01
8.341597294649250038e-01
8.566880345205931668e-01
8.935436109261578608e-01
8.019729111494771079e-01
9.217799206789937250e-01
8.221135688512686279e-01
9.023266403112009115e-01
8.969945764994017301e-01
9.819575251022549800e-01
8.398900439489253023e-01
9.040676608914711698e-01
8.511284473783159443e-01
8.099358031707164507e-01
9.596030213786580498e-01
9.264256873497762612e-01
9.369544968311184219e-01
9.478104165510286006e-01
9.301570447790060703e-01
9.620535230610006705e-01
9.667100688733725189e-01
1.048012977255833755e+00
1.137756457684854894e+00
1.224088810742610667e+00
1.396923377886343909e+00
1.424998390207361521e+00
1.492525590839899774e+00
1.452694354620954531e+00
1.501259627697292931e+00
1.343323826582140779e+00
1.602459171782310898e+00
1.487965879368267297e+00
1.476729472182799041e+00
1.583672900124278193e+00
1.550608546174912838e+00
1.402744328549156094e+00
1.443846137879788438e+00
1.418227431405152172e+00
1.355786380355616272e+00
1.545785766757728164e+00
1.453958655393611910e+00
1.487392284351471305e+00
1.342923177410020541e+00
1.394636967847506792e+00
1.358023481102331731e+00
1.445063027836589464e+00
1.356510502298548859e+00
1.403145655134073744e+00
1.466785293986077043e+00
1.519351062463126789e+00
1.493278489255862596e+00
