1.507891492923917490e-07
3.811925835280398633e-01
4.608412230009870658e-01
7.021729537196935711e-01
4.386163803031909447e-01
5.268620555201024569e-01
5.441991521409010879e-01
7.951482950811321615e-01
1.083245644661911200e+00
1.174348630848900177e+00
1.052622654553443393e+00
1.080485115564323584e+00
1.324391790274542124e+00
9.944542188361470414e-01
1.143901755988579572e+00
1.232671857004579374e+00
1.224295430369394921e+00
1.262303312732519611e+00
1.258288536354991161e+00
1.071967659124125616e+00
1.267607757398132584e+00
1.207019860094585173e+00
1.243516688307942042e+00
1.395614080974556748e+00
1.414236819606552675e+00
1.342897272816904852e+00
1.406421648085481868e+00
1.388443064751798239e+00
1.380163366494546739e+00
1.381158442649461415e+00
1.463574104882903848e+00
1.611298662841200935e+00
1.501565648789991991e+00
1.552894742757234381e+00
1.635498010198143115e+00
1.630362941713844327e+00
1.727161602079235303e+00
1.901894804599850497e+00
1.824778176496322235e+00
1.764492136395878763e+00
1.918562540360173374e+00
1.827457621608372662e+00
1.776042621502804897e+00
1.603401466726363411e+00
1.807462210242400058e+00
1.820753591262674220e+00
1.956150882493812970e+00
1.984167526794331726e+00
1.819910224538925814e+00
1.901382984839856682e+00
1.920577421783164596e+00
1.827982036714454805e+00
2.155782959938937093e+00
2.011532251624288392e+00
2.107472095910908561e+00
2.184436554577152023e+00
2.257747108919602841e+00
2.099753092185344006e+00
1.997622308695898852e+00
2.057202221396488895e+00
2.195514683049485605e+00
2.155112814678449507e+00
2.092440700439024859e+00
2.256217015024647665e+00
2.288527660667714070e+00
2.424126458870791812e+00
2.242484938081331869e+00
2.165680063942837297e+00
2.375983248904350642e+00
2.234452302973464644e+00
2.065459776806045866e+00
2.259875070677300979e+00
2.181134873965203891e+00
2.221882807427556283e+00
2.386541547232504001e+00
2.325871979373282272e+00
2.364246378692596906e+00
2.603242191148034568e+00
2.587812325829707216e+00
2.476303783301701422e+00
2.591754453804201219e+00
2.447452919290300510e+00
2.598958587639317752e+00
2.706237167975760638e+00
2.550871634857239112e+00
2.633715817948242499e+00
2.608290626987590066e+00
2.584559048189287722e+00
2.453012156399116073e+00
2.674104489964042042e+00
2.597545860332418410e+00
2.682359140930417052e+00
2.803004535053221336e+00
2.766788455706151062e+00
2.477047865390918258e+00
2.678456304695028489e+00
2.704053200758616882e+00
2.641235130681933274e+00
2.880328889923715163e+00
2.977494912918846826e+00
