2.132480599880017890e-07
4.282878700907112313e-01
6.050685372579571730e-01
5.772514744683859833e-01
7.231617954378442015e-01
8.969441488410839769e-01
7.922086110745204524e-01
7.879944686797429876e-01
1.044527577480621305e+00
1.098623670573887878e+00
1.154806687118024922e+00
1.054995139013920280e+00
1.239874548212211991e+00
1.017118577852879069e+00
1.109943326622911064e+00
1.024696704323278418e+00
1.011650162338776138e+00
9.261731419646536123e-01
8.147058678997380898e-01
8.153327578963731614e-01
8.573814784689932633e-01
1.100096014963108271e+00
1.186378544753441844e+00
1.102208953996039575e+00
1.028386108385837661e+00
1.154442152631564467e+00
1.149824625835197622e+00
1.275754422431149004e+00
1.164461758152875559e+00
1.350738790281388546e+00
1.179771718694389682e+00
1.273495500466488961e+00
1.391373619765131631e+00
1.428526665992929878e+00
1.271234125048709807e+00
1.200565127890949046e+00
1.321803346471862595e+00
1.227879601319508129e+00
1.383611577355094768e+00
1.409995855022619482e+00
1.343614359617874454e+00
1.402870698871556465e+00
1.503497717289934865e+00
1.528683685381039492e+00
1.684454871772111062e+00
1.764785342820640146e+00
1.680022249832482828e+00
1.761897750473891522e+00
1.768209287534544094e+00
1.860408012689972468e+00
1.813614594404927116e+00
1.547366442221743243e+00
1.703107562149020149e+00
1.622562961106974511e+00
1.622668130165539457e+00
1.581036146891134919e+00
1.839359096851163722e+00
1.873753681937416538e+00
1.826627893703807848e+00
2.086117095507545205e+00
1.866297165164461980e+00
2.033203655432942014e+00
2.113077213162939394e+00
1.939426606051383839e+00
1.782045896227524739e+00
2.069997196126148520e+00
1.906760957493426112e+00
1.878924914373904409e+00
1.977658071106596083e+00
2.126142380668259779e+00
2.018451131462652537e+00
2.129890264682765100e+00
2.204584807339863950e+00
2.171300524990036340e+00
2.213318968489207617e+00
2.093143905213609823e+00
1.944057389991855178e+00
1.656376429730278543e+00
1.808244192441188281e+00
1.783241178282523265e+00
1.844899151033274176e+00
2.015999026836875707e+00
1.995782709696335866e+00
2.007804165557447007e+00
2.154829606621187832e+00
2.121111669050306237e+00
2.180383086749511090e+00
1.978648317258290046e+00
2.222821993781756156e+00
2.203403572630201257e+00
2.314815131727853359e+00
2.178909532933057669e+00
2.262006769280782148e+00
2.198734922759321808e+00
2.124223904508461214e+00
1.993879940838197529e+00
2.028490736404882533e+00
2.098121492383510756e+00
2.125328160919866871e+00
2.226011815797741988e+00
