1.507891492923917490e-07
4.582735146515814484e-01
5.566146153632968163e-01
4.328617229326300886e-01
4.933754017955883087e-01
4.394094345606525120e-01
5.110830572515360215e-01
5.414294095947651542e-01
4.251352068453052024e-01
5.329068931103766449e-01
5.843114437171968989e-01
6.953200194356122799e-01
7.271401063955833521e-01
7.385003730897573559e-01
6.076513259177636073e-01
8.171491666509000940e-01
8.269695962731213879e-01
9.064092976839689397e-01
8.753892925070058117e-01
8.189871616576969160e-01
8.811500580115312342e-01
8.403641372296515311e-01
7.678187680297597906e-01
6.397540404152054494e-01
7.487666842472825435e-01
8.274410893305342851e-01
9.426791523126557548e-01
1.043946685344508962e+00
1.189599735079415854e+00
1.082267082025433202e+00
1.158250029030175376e+00
1.227608354855827644e+00
1.169153937482449557e+00
1.177935642341940259e+00
1.246089614701880066e+00
1.116840491869276919e+00
1.413868178397586606e+00
1.338197019496587981e+00
1.421787503657167440e+00
1.503493342545404676e+00
1.533919042455356152e+00
1.554714302514302426e+00
1.429018078346139475e+00
1.326887374200040881e+00
1.582934312938216292e+00
1.797459419099294298e+00
1.650919042708178353e+00
1.661329837617561145e+00
1.613803841844803078e+00
1.532121555726304374e+00
1.587256799056026235e+00
1.784490337785261005e+00
1.630973820612634295e+00
1.564832817576043533e+00
1.360487866203170082e+00
1.305244559990490716e+00
1.481778263357625747e+00
1.462154708657978475e+00
1.493844679794176011e+00
1.611346966576280737e+00
1.712549826971791811e+00
1.665929557286632612e+00
1.567870341515152255e+00
1.497125303012825093e+00
1.520361797471122989e+00
1.662067580978234149e+00
1.518858505955801519e+00
1.505896757907803085e+00
1.581348089282675451e+00
1.420751643209700044e+00
1.377230591748126898e+00
1.470451822633339178e+00
1.404063551026902390e+00
1.247517352557695913e+00
1.223541624534590255e+00
1.559035551734830216e+00
1.376481150974546264e+00
1.504037640062137360e+00
1.568312570875643575e+00
1.650558113818856087e+00
1.612586708207364605e+00
1.624562239877236580e+00
1.487074649169152218e+00
1.432253926291414903e+00
1.295726273615812607e+00
1.514366248094417333e+00
1.455901704400514474e+00
1.344741976419535856e+00
1.359152778089455227e+00
1.259071958976143879e+00
1.329648744929258886e+00
1.297461835008726805e+00
1.287957411564982113e+00
1.416502840580685207e+00
1.428542445055591248e+00
1.502963838023194221e+00
1.342697679855017645e+00
1.549281501110290504e+00
1.452086554375296545e+00
1.406836302625729340e+00
