0.000000000000000000e+00
6.684870526968571536e-01
7.225794224628040441e-01
9.375039810555240161e-01
1.033459091388886364e+00
8.757694689166142243e-01
8.433060487763263113e-01
1.043369400405163683e+00
9.443060952573271161e-01
7.914511704243362145e-01
9.818377631424802798e-01
1.134604402159231418e+00
1.162602551150087482e+00
1.112287394153403941e+00
1.141362863488073920e+00
1.220146534388223403e+00
1.010880141187581849e+00
1.032522315622774078e+00
1.172781940626262509e+00
1.095748612941895406e+00
1.343609565596050048e+00
1.459472408656314668e+00
1.436906502553023435e+00
1.626420387385890676e+00
1.588019435495900744e+00
1.492210415432497772e+00
1.507606381479954516e+00
1.426192910731641783e+00
1.283436628744084596e+00
1.150786418740358252e+00
1.344553490174096311e+00
1.453007592382675739e+00
1.307790796510111653e+00
1.378479555431945780e+00
1.435895556879986046e+00
1.473966293818623097e+00
1.307180429043224734e+00
1.404258510743430666e+00
1.437786400483388460e+00
1.405208561980195059e+00
1.660640728274021205e+00
1.769174263292761617e+00
1.788762215251225030e+00
1.746873604580643224e+00
1.792807866396950889e+00
1.817106702477608859e+00
2.001349452588901290e+00
2.085254964537192723e+00
2.165794167605354481e+00
2.252914720201710352e+00
2.116789687396188224e+00
2.124448514252007314e+00
2.065662707298113077e+00
2.337758352094971404e+00
2.231631467367081179e+00
2.168182655665163328e+00
2.215447635149631278e+00
2.152414726847465154e+00
2.238485958386037034e+00
2.181452093394563807e+00
2.307671832896676101e+00
2.201488158915583249e+00
2.232384492780361995e+00
2.220829389351330008e+00
2.140962938616866040e+00
2.196565903213853144e+00
2.165694242287672822e+00
2.099042262609042808e+00
2.127005764958243894e+00
1.984104112564987199e+00
2.055490391798754590e+00
2.023073229772904380e+00
2.019902387622023898e+00
1.803418867857793151e+00
1.983840258707440851e+00
2.160540673424637070e+00
2.100092312629144864e+00
2.236774879106981029e+00
2.281180059639288160e+00
2.333912105276852778e+00
2.441444400552166716e+00
2.554152668520774494e+00
2.788043695230533192e+00
2.467841525401605729e+00
2.479019016757989746e+00
2.299533753896152000e+00
2.489182936989004169e+00
2.800092723459399746e+00
2.696580856136117532e+00
2.876520854361623858e+00
2.909356070691841545e+00
2.965312400046441255e+00
2.982913598906515862e+00
2.990562909104165445e+00
3.037851388456551671e+00
2.756937829960050657e+00
2.571403669063129893e+00
2.918079048391756913e+00
2.690668805663634089e+00
2.587021576836214809e+00
