1.507891492923917490e-07
5.603735224791609459e-01
5.100523725844362533e-01
5.935539947427262986e-01
4.548457247390019220e-01
4.568931399621901090e-01
5.247772915575621422e-01
7.014111885494335175e-01
6.795571324142510861e-01
6.546198644067005024e-01
6.389732539134246325e-01
5.622758924972716121e-01
5.413774658671756113e-01
5.554097557229898952e-01
6.584655004992573391e-01
8.013010186250392186e-01
6.613581919928454012e-01
6.759200888550884745e-01
5.167163577012658937e-01
7.231746730371794163e-01
8.042323189624280833e-01
8.219727401363621233e-01
9.191576217142912730e-01
9.320302578331026711e-01
9.535167164077494872e-01
9.394912312726918513e-01
9.808367435903418974e-01
9.697888440203191740e-01
9.588322238809300346e-01
8.471860894973402001e-01
9.031741983963841314e-01
8.538219134643798558e-01
7.385728707056197218e-01
8.339734208425706452e-01
7.316799652458777503e-01
7.183999352698072771e-01
5.289548598585009920e-01
7.916418277082714061e-01
7.687604602052234837e-01
8.094449219500234882e-01
9.326164760292324774e-01
8.652890794861336499e-01
8.834865808779012175e-01
9.913611668314636916e-01
9.281297956687838413e-01
1.096111208671031623e+00
1.178065700554893569e+00
1.190181865800994165e+00
1.321085899205166614e+00
1.358355843381019890e+00
1.572543028845973412e+00
1.479332947378306784e+00
1.557007064675177688e+00
1.453101485329326925e+00
1.443450580205940081e+00
1.575903963878282132e+00
1.381136520760909203e+00
1.251769387064085581e+00
1.431482643547805189e+00
1.362164188804775522e+00
1.368568564770859863e+00
1.243408735314478264e+00
1.191705071429915552e+00
1.303024862524274408e+00
1.158848429979250971e+00
1.240375278298040174e+00
1.113537695948888295e+00
1.280518957604022123e+00
1.101087350771766227e+00
1.045087384615403403e+00
1.392714378208264936e+00
1.302756738501476885e+00
1.169906577060964015e+00
1.198484701919712681e+00
1.086686203429094055e+00
1.162120597715703640e+00
1.355077093561673385e+00
1.473824294268151425e+00
1.556373105740240348e+00
1.396824521497453953e+00
1.371187497920041132e+00
1.165368825857663992e+00
1.241470317748787355e+00
1.314615212885173801e+00
1.269136138360539956e+00
1.305665684548125816e+00
1.206805739116425746e+00
1.480330521849187342e+00
1.414878107486444936e+00
1.494920812353670136e+00
1.365835550243591490e+00
1.519389931029517360e+00
1.303327303971110851e+00
1.389891320308626499e+00
1.349795583082406658e+00
1.457900809401259323e+00
1.317314251686343196e+00
1.463545439510113955e+00
1.500639317200725298e+00
1.552787218792554658e+00
