4.264961199760035779e-07
3.840715380559515668e-01
6.930912662033803517e-01
6.366965126737893499e-01
6.376863761824219656e-01
8.557380547714872332e-01
8.021815980400646140e-01
9.484944140859135064e-01
1.124328721200645864e+00
1.231572123196843505e+00
1.243115007008794626e+00
1.136482573140251473e+00
1.260415770726486917e+00
1.130298674214942345e+00
1.065605252394400404e+00
1.361995766336416169e+00
1.102526198342717922e+00
1.235349209339734022e+00
1.442903541147979141e+00
1.436507128090383389e+00
1.274825500160665870e+00
1.505812372492080220e+00
1.560023588866544131e+00
1.819075292150281964e+00
1.919979939697838089e+00
1.811685781341843438e+00
1.609489491566093777e+00
1.871904189493001525e+00
2.085003175095479389e+00
1.967372185626604875e+00
2.088915323011308445e+00
2.089173399055172631e+00
2.102562745489613860e+00
2.191080457356833211e+00
2.125775531233689453e+00
2.220358105065134424e+00
2.059989861905187958e+00
2.028381013859069437e+00
2.116090422155162187e+00
2.050478411908913223e+00
2.080321124989708448e+00
2.014033453539737728e+00
1.860206068077679298e+00
1.868217181036552432e+00
1.787151852750872294e+00
1.822319556957687992e+00
1.895847505580250170e+00
2.177703349573050229e+00
2.036029069467858221e+00
2.310616046769175647e+00
2.361824802742749529e+00
2.522560920698731834e+00
2.581810272444229781e+00
2.515341185218903597e+00
2.742128227771497784e+00
2.445695074806889746e+00
2.439393273894113978e+00
2.495498659115491513e+00
2.471326891819502602e+00
2.510146912021987919e+00
2.688855531505867980e+00
2.530753504635257389e+00
2.438103182372588495e+00
2.379363147718228433e+00
2.497093422107958371e+00
2.432962539612256503e+00
2.404921937290395384e+00
2.429456968941106965e+00
2.246415047824239952e+00
2.265371858937163640e+00
2.494220774679885011e+00
2.647562523960525382e+00
2.427521628951474941e+00
2.363247989713985753e+00
2.487510054776017387e+00
2.475385851019200167e+00
2.286620099701370812e+00
2.313584293314534523e+00
2.338011049584806322e+00
2.185588130937035523e+00
2.258947381428249468e+00
2.099156050127644502e+00
2.415882172877294565e+00
2.363346928156462745e+00
2.619347945161925040e+00
2.553643539253920292e+00
2.584782863476600578e+00
2.674210073177675007e+00
2.537839722221002958e+00
2.510058069189735619e+00
2.514697164497891269e+00
2.448195734418770808e+00
2.574434624343976186e+00
2.566831439930129743e+00
2.497411582010516717e+00
2.377895825020266418e+00
2.376640451489966832e+00
2.400284926494386628e+00
2.303015801561099529e+00
2.415910180072079250e+00
