1.507891492923917490e-07
3.597059666703182335e-01
5.834722911690860547e-01
6.541477322918195503e-01
7.210922443613683175e-01
8.529403702835960388e-01
8.105458937059051294e-01
9.204574938796115102e-01
9.767456292769581827e-01
9.967071875645263646e-01
9.619356722739716981e-01
1.056952782576884742e+00
1.257136768859016263e+00
1.205042507595865953e+00
1.268488581429769502e+00
1.109330487842131285e+00
1.152562986586560534e+00
1.303547606058995223e+00
1.195070002911599039e+00
1.258000508565332742e+00
1.347266071646501917e+00
1.325645475674009921e+00
1.381218814860953659e+00
1.397407079143933473e+00
1.499942496615543686e+00
1.525899738013916762e+00
1.485362512875697316e+00
1.480698623773285538e+00
1.407637904687210062e+00
1.439129309739167972e+00
1.580297791365474547e+00
1.398386107295557457e+00
1.362757340615008861e+00
1.472932836740886486e+00
1.445951914268238658e+00
1.271534561793027818e+00
1.503709880080989603e+00
1.463065983292954675e+00
1.396855754623551160e+00
1.287989296156086150e+00
1.440747605203265058e+00
1.439370201133517213e+00
1.355988606164626686e+00
1.312386757087719902e+00
1.499189812332347715e+00
1.658811887816763475e+00
1.519748754049734085e+00
1.606048049667180511e+00
1.566144169526183516e+00
1.574471884743255945e+00
1.651507361463719237e+00
1.825815123612338331e+00
1.727463910110221157e+00
1.669392891338193685e+00
1.762664647998287260e+00
1.939014061667841959e+00
1.951608803010307813e+00
2.263644597748835974e+00
2.408739659490667595e+00
2.606108351020984593e+00
2.625688727844505355e+00
2.416425376742141751e+00
2.460118681779127403e+00
2.347031342617264649e+00
2.281538843198565925e+00
2.352309219708703658e+00
2.339113819394204263e+00
2.331205030077277751e+00
2.338258341626967773e+00
2.216496681018673254e+00
2.181825283718759056e+00
2.022577032585082701e+00
2.110802826296176438e+00
1.939153175205262203e+00
2.003512808483808083e+00
2.007395749586506906e+00
2.165797794230432949e+00
2.129736969582393780e+00
2.051515810233397907e+00
2.064750238632722112e+00
1.960791545065726282e+00
2.165286897589606685e+00
2.022035693920445798e+00
2.054739095496060042e+00
1.975439239482552622e+00
1.997479354262616580e+00
1.910863093432742410e+00
1.988212658868029115e+00
2.208334719518248335e+00
1.993891260305022728e+00
2.037528351397734472e+00
1.736600337785777270e+00
1.705231292937926746e+00
1.768873076673106226e+00
2.015944179487196397e+00
1.958219599543631340e+00
2.001261302425082267e+00
2.002376681328496666e+00
2.170753290012799042e+00
2.070248338096840168e+00
