2.132480599880017890e-07
4.780655107545287996e-01
5.586312858729763908e-01
6.198100198738843991e-01
5.476017223609485063e-01
6.605202713838955741e-01
7.210137350296494940e-01
9.623434332997277130e-01
9.195777213105053027e-01
1.106935380567267702e+00
1.211500542960583848e+00
1.370944722048104136e+00
1.204514553475181993e+00
1.455916467204683373e+00
1.428085305477788669e+00
1.431683011887133317e+00
1.490164619130951218e+00
1.511357230444944966e+00
1.321364237428375388e+00
1.384878451507070451e+00
1.415727100844960118e+00
1.504148259176212754e+00
1.585873462265357414e+00
1.452327532510184760e+00
1.499085896071023605e+00
1.397599084261989644e+00
1.501815024415724231e+00
1.594128423832139152e+00
1.291296043778811464e+00
1.341267211873635068e+00
1.388391655202547037e+00
1.179459039249169061e+00
1.364606975847632686e+00
1.355083701960456910e+00
1.518527366287198088e+00
1.556382566801480793e+00
1.506260778180399829e+00
1.633465338609635831e+00
1.455909842047109715e+00
1.405393972875022657e+00
1.519582456191444830e+00
1.352274629869169242e+00
1.360470954109690433e+00
1.133088999240716932e+00
1.230740006790013608e+00
1.159237177735408020e+00
1.028503740928664145e+00
1.308682226920271363e+00
1.429119489133122256e+00
1.388475152141500635e+00
1.604763331684222472e+00
1.607185891679295153e+00
1.732683188643522332e+00
1.774057347449230271e+00
1.747326418985049923e+00
1.903422079031893421e+00
2.237443274679533189e+00
2.352784383254670875e+00
2.317429243786674142e+00
2.394849496329248595e+00
2.600429200176328060e+00
2.803891539386501819e+00
2.851423384508388725e+00
2.790949065507325688e+00
2.603346131206851322e+00
2.537096088318697706e+00
2.358136645110754159e+00
2.661915726070697819e+00
2.836989603285128947e+00
2.783916028576020274e+00
2.679625037704537416e+00
2.566748476669115764e+00
2.699671343345821040e+00
2.678825561043196135e+00
2.567574283653355494e+00
2.797249405464205640e+00
2.569235400214759935e+00
2.624833428264016444e+00
2.633584960141264197e+00
2.569839875399239304e+00
2.614097626991972678e+00
2.629936938539056968e+00
2.654645432745044609e+00
2.758241820825199309e+00
2.468983175121693741e+00
2.376206247966475615e+00
2.465789175729539373e+00
2.295309423479428901e+00
2.310933166126997840e+00
2.532234695479076869e+00
2.448791626546237055e+00
2.438913521723916844e+00
2.374218046483615119e+00
2.328550921396489226e+00
2.080857553744456023e+00
2.197690126090064755e+00
2.149959851466794802e+00
2.450437549655662295e+00
2.693508040111348034e+00
2.786064889601092887e+00
