7.979011788693194987e-07
3.910095968001625621e-01
6.931913523232062779e-01
7.314455077898626145e-01
6.715396708174907747e-01
8.361826142088762959e-01
8.716704968409457743e-01
9.927064715133239181e-01
8.471959596838464224e-01
1.051272514541788938e+00
9.824844630372270293e-01
1.136410243977773016e+00
8.420818160205264524e-01
8.636374127451956761e-01
1.028340686475926136e+00
1.125761322432293765e+00
9.939942590081334295e-01
8.540880989953735236e-01
9.967407594723717290e-01
1.179721999649797626e+00
1.445444832088728537e+00
1.350946061133521559e+00
1.267903399870869974e+00
1.083832194400012217e+00
1.260907719055565090e+00
1.499784454535592282e+00
1.524680252646228862e+00
1.761386921931788363e+00
1.697791908710173381e+00
1.789574204410643299e+00
1.716753471650383611e+00
1.907475955473363571e+00
2.040719623941712246e+00
1.924312357831716946e+00
1.786138722838405579e+00
1.729434427421995935e+00
1.566239589802796983e+00
1.501264322483406577e+00
1.446729083194475685e+00
1.625546917846773187e+00
1.679468149107497199e+00
1.664903229462795453e+00
1.529047662192778212e+00
1.524319742424177893e+00
1.650169527974423067e+00
1.859136779025417185e+00
1.754709840253256603e+00
1.878811865793406533e+00
1.759297145879085589e+00
1.714751793100068644e+00
1.853024128591846509e+00
1.692983934310327676e+00
1.874143086768647271e+00
1.739609072385144062e+00
1.530494643598404148e+00
1.708814209824956354e+00
1.770457063250979513e+00
1.642080874605962082e+00
1.656743040341485784e+00
1.789328652972154154e+00
1.704477213156107673e+00
1.666490931465672398e+00
1.845964206229442128e+00
1.932166558517962596e+00
1.826922239626490585e+00
1.942533846467122682e+00
1.648112717699772078e+00
1.741744582975721656e+00
1.742768499020733053e+00
1.608378472006173343e+00
1.682895320108893422e+00
1.677524465261308162e+00
1.900848030627478424e+00
1.824870782814462800e+00
1.945551774805584833e+00
1.979199067602757767e+00
1.980495159515943460e+00
2.147782606019208451e+00
2.341691189971103260e+00
2.465013944264233814e+00
2.526346586409895068e+00
2.485207614118387198e+00
2.516534463046975034e+00
2.568441876399059076e+00
2.393059236297688575e+00
2.584391098074416249e+00
2.393474022999773521e+00
2.275008322725545540e+00
2.306694848688358501e+00
2.281707755097922785e+00
2.222542061975775862e+00
2.238310239168486149e+00
2.563713438648226983e+00
2.523921250868133459e+00
2.394314560666108260e+00
2.263663320599804685e+00
2.029294778905115226e+00
2.252095946369145008e+00
2.449116386163754822e+00
2.289850213330177020e+00
