1.507891492923917490e-07
4.792916537428447143e-01
6.613674454574990369e-01
6.182762367176264373e-01
7.542093123101306640e-01
5.554210854219263638e-01
5.936255422201769383e-01
7.526569253330730458e-01
8.242899504895665475e-01
8.993561163799158598e-01
9.769054134399920430e-01
1.198152262807763213e+00
1.100730594471223567e+00
1.257624001142689574e+00
1.070160718081263340e+00
1.015417195300527764e+00
9.968546549398683565e-01
9.064777496245375321e-01
9.865368133941543327e-01
8.267309160883127284e-01
8.161003304540894732e-01
8.997152898174719526e-01
8.632543366512442917e-01
9.520052913022298835e-01
8.852890118234112427e-01
1.004726657009464397e+00
9.917152728924122362e-01
1.035102463877771273e+00
1.304999810792978110e+00
1.224347314203778625e+00
1.100513666328450268e+00
1.199663118270132278e+00
1.219017225617973210e+00
1.291091668870358422e+00
1.348045689650732681e+00
1.264658920603755288e+00
1.273765755579678194e+00
1.313429311172568781e+00
1.342805738737909094e+00
1.277099330134818134e+00
1.347681086892538183e+00
1.177309967785000522e+00
1.348527255524310409e+00
1.393060662593346377e+00
1.363534600205764002e+00
1.333500756858913450e+00
1.312585130941307687e+00
1.274885011917834099e+00
1.293510647864253071e+00
1.271038367460677332e+00
1.243110735647361187e+00
1.202434617888045176e+00
1.124500125725287569e+00
1.041460071667303033e+00
1.244425868738291197e+00
1.150729780847843164e+00
1.140590488312898110e+00
1.118077509863435903e+00
1.052190161104876287e+00
1.115989867403744507e+00
1.177175903536619384e+00
1.118818761556696462e+00
1.156763103112891100e+00
1.167334432130394228e+00
1.135948316647166889e+00
1.179442251937119712e+00
1.084891586284298048e+00
1.044352159338069796e+00
1.090198614966061630e+00
1.174476674463642123e+00
1.177882932228266011e+00
1.118790371188092658e+00
1.211630443676566138e+00
1.159060004478742689e+00
1.259400605915848903e+00
1.171700880149529445e+00
1.348280086043130765e+00
1.208129234815402908e+00
1.386474693682871129e+00
1.261136447182457543e+00
1.243343731820071296e+00
1.252143252491291658e+00
1.414475761327531389e+00
1.285389214239615940e+00
1.340190400588954889e+00
1.396804611319839573e+00
1.286639737511879211e+00
1.137799609333862261e+00
1.175192669147953728e+00
1.173294781506332152e+00
1.196531512781219275e+00
1.060285481767457405e+00
1.159049653583196893e+00
1.214676705234400078e+00
1.184489503362613938e+00
1.282312345340024917e+00
1.148722804741878267e+00
1.199893124247968679e+00
1.134468533447382965e+00
1.176467820428732436e+00
