1.507891492923917490e-07
5.525214302121260745e-01
5.044465914857314548e-01
7.341915726264260922e-01
6.316059802495871400e-01
6.728395734777699033e-01
7.890652436663480040e-01
8.890859859489376182e-01
1.007862713312782432e+00
1.110353942987600595e+00
1.118806329020073376e+00
1.051833969353626275e+00
1.103157223561798128e+00
1.129309723030464063e+00
1.024773141205632232e+00
1.181690301492623885e+00
8.310153252015489711e-01
9.393751823199932849e-01
9.716500053984282737e-01
9.825741316587721652e-01
9.830983197792140249e-01
8.475723013457263644e-01
8.885151662731541888e-01
9.060376171629881403e-01
1.029146752053951452e+00
9.448374930284816342e-01
9.039629243761415633e-01
8.203296176777258308e-01
8.605280218982336304e-01
8.984530168842689291e-01
9.050419689755121455e-01
7.707288243768194436e-01
1.024393410150773009e+00
1.049780460731595033e+00
1.001162228271321286e+00
1.026024365411846384e+00
6.335454814535514956e-01
8.591051901361939080e-01
1.278896475035176783e+00
1.394916238060459168e+00
1.556714779655249403e+00
1.376601026171566433e+00
1.197213162736056935e+00
1.036810345393966770e+00
1.180929051190399592e+00
1.308653427388725587e+00
1.363394926235053095e+00
1.736009001526185314e+00
1.863061705363526332e+00
1.673999886552452798e+00
1.643525869236815762e+00
1.828433923936228833e+00
1.917811441526829919e+00
1.789465171975368696e+00
1.701902903778068188e+00
1.715433784086731750e+00
1.834930569012903634e+00
1.823828246808450126e+00
1.970354888171078622e+00
2.008038240801691909e+00
1.766781558098697413e+00
1.737546598517428764e+00
1.847114125243869420e+00
1.885113410241676002e+00
1.934209950362826058e+00
1.904705564484117764e+00
2.037762572522462623e+00
1.984397630517063638e+00
2.066575547806428492e+00
2.133188144343782344e+00
2.136321919009519288e+00
2.025080977276903393e+00
2.372051686309508245e+00
2.241924777895540455e+00
2.218118725084981868e+00
2.381976747807361239e+00
2.097865732052128784e+00
2.446899349073759833e+00
2.295154643139222905e+00
2.075331673309334768e+00
2.340059767765579668e+00
2.319469632622723321e+00
2.658447796300247745e+00
2.615331709452168862e+00
2.417597994624050894e+00
2.752484846076348912e+00
2.794273687219840152e+00
2.717517053439049590e+00
2.767702008373828182e+00
2.704379124891123087e+00
2.513401399286212090e+00
2.567785573105907826e+00
2.614919508031632311e+00
2.685877900488454983e+00
2.449078626802058345e+00
2.722907450297760157e+00
2.590920315085653236e+00
2.677241083842575531e+00
2.613629978831009115e+00
2.700318218812094440e+00
