2.132480599880017890e-07
3.609735529424842326e-01
3.686932012105101353e-01
6.658800141697456265e-01
7.783549095265224205e-01
6.535993269019823027e-01
7.837630009533516073e-01
6.977257015438607102e-01
6.661829328178447973e-01
7.260317590292110213e-01
7.399072037429168525e-01
9.055453612956050335e-01
7.892986923517483211e-01
8.630086683307589546e-01
8.352429297310871581e-01
9.756014441018883154e-01
1.006265482644574494e+00
9.503489715033817120e-01
8.160844495784638220e-01
8.087350456726183356e-01
9.559021344293201494e-01
9.203486982313411335e-01
9.002281169529270377e-01
8.460058498370097713e-01
9.601332180299503305e-01
8.848894296449315577e-01
1.086156470707287269e+00
1.108617973725230632e+00
1.249818350216712615e+00
1.276995636175294768e+00
1.352095324393238762e+00
1.398212426741189507e+00
1.376207474640923412e+00
1.351815007106149658e+00
1.451809664328688410e+00
1.531133249629974546e+00
1.526747665008235444e+00
1.573649451972147117e+00
1.569377380860491611e+00
1.543186282977798918e+00
1.569776480879109704e+00
1.509945737553704426e+00
1.660202247969015721e+00
1.681144989252139066e+00
1.659766902259558918e+00
1.482224955400654798e+00
1.380772079266249452e+00
1.441509496382095579e+00
1.296031789936510581e+00
1.270301427524555882e+00
1.461212544665596580e+00
1.538122195611516085e+00
1.558912566140535416e+00
1.608190903308102548e+00
1.621154793774039593e+00
1.767850927030037989e+00
1.774131726729701208e+00
1.580576649687949642e+00
1.583490658868162315e+00
1.536171360696335864e+00
1.478441407245363326e+00
1.597829414486527044e+00
1.755143519953672238e+00
1.621317853472512338e+00
1.849318817534512105e+00
1.687163176255226382e+00
1.760294166499702273e+00
1.635562696792248749e+00
1.711082071433080998e+00
1.532135541617767771e+00
1.635267811530814130e+00
1.425215606824034920e+00
1.585442607363535039e+00
1.718976425328752500e+00
1.727755109870499295e+00
1.722814972202205475e+00
1.799224653428867393e+00
1.772159375252890801e+00
1.744101671807986476e+00
1.597741664705620179e+00
1.589724655230906114e+00
1.677172587626549527e+00
1.723925196112790603e+00
1.791465158582758121e+00
1.831658017975990038e+00
1.708066384376403457e+00
1.717187660496499069e+00
1.945509147946431705e+00
1.758439275852369699e+00
1.857619375644052662e+00
1.890092443899596075e+00
1.897737790661590429e+00
1.770346271553575157e+00
1.994550763794048720e+00
1.937986778977209834e+00
2.157481075667226911e+00
2.156886427134444340e+00
2.215004274074445334e+00
2.199504969767654305e+00
2.073871432468503695e+00
