2.132480599880017890e-07
4.439677052468279927e-01
5.787876407485289532e-01
5.149873079124661635e-01
6.146116619720198848e-01
6.677222177493962185e-01
8.097646290693475413e-01
8.276085622618389870e-01
8.474831526626784850e-01
8.083499516734685697e-01
6.121326204894338430e-01
6.771978728130410019e-01
5.348521598075847150e-01
6.593096649082524907e-01
7.152507775137598722e-01
9.750038051941745110e-01
9.084493889906590791e-01
1.189001598765521139e+00
1.297837817188332465e+00
1.244606350606865641e+00
1.351295296398873580e+00
1.192329308359949103e+00
1.198547920381846543e+00
1.183606133594559573e+00
1.019213648696599472e+00
9.270532860182549850e-01
1.030888868232729072e+00
8.797208563750221755e-01
1.044909416591564666e+00
1.063524895902369538e+00
1.230110801433978107e+00
1.345482785016912430e+00
1.079993856544715136e+00
1.353519355107860811e+00
1.189048148597593224e+00
1.166511414747891884e+00
9.743079345383751644e-01
9.714707736520131753e-01
1.285060122351975975e+00
1.253619031852176935e+00
1.188928276569319875e+00
1.271985066435866951e+00
1.275342746096293389e+00
1.268048919796455065e+00
1.165040675376179502e+00
1.141067816700243487e+00
1.245652183795965762e+00
1.323327507938547143e+00
1.187510448779897310e+00
1.233646821825789219e+00
1.325748237814071695e+00
1.378262504970776625e+00
1.512669151874470153e+00
1.469700879406387717e+00
1.252741524552139829e+00
1.150732181080722949e+00
9.933330419757580021e-01
1.043050154179570033e+00
1.114187915890911151e+00
1.156907743443947645e+00
1.228212121308710270e+00
1.178797392838158098e+00
1.217103753733085325e+00
1.198687972113253508e+00
1.153531163670501014e+00
1.134620107112471743e+00
1.167296885639584447e+00
1.186853480747375178e+00
1.318687102878806083e+00
1.223851861940895347e+00
1.208005933602356530e+00
1.116795615967417721e+00
1.122131538236898152e+00
1.275697036513947724e+00
1.269960163093407868e+00
1.369917574764079493e+00
1.413390136761044857e+00
1.310865034722907607e+00
1.353386010647334103e+00
1.321548252581678629e+00
1.304235366112729722e+00
1.311963004235867425e+00
1.496746749873144822e+00
1.505502797378223789e+00
1.364340565389948079e+00
1.439714027050823519e+00
1.575114823628253946e+00
1.625879545033727336e+00
1.606894027952840309e+00
1.744993396210565484e+00
1.636179461185369277e+00
1.821537519853194009e+00
1.610286442566807752e+00
1.672841407260134083e+00
1.815836448356315636e+00
1.569995704897586108e+00
1.615446224769745420e+00
1.577783878171019616e+00
1.531276951532666297e+00
1.511759552272947893e+00
