1.507891492923917490e-07
4.542032969492824090e-01
6.442140769200849215e-01
6.184770335387984597e-01
5.724214711433044389e-01
5.469358160475887853e-01
7.289610683338030306e-01
7.824452455783916793e-01
5.781313169190100965e-01
5.607557494529712416e-01
7.098873863766911319e-01
6.426924090215769825e-01
5.029266970029516726e-01
6.109615619906831885e-01
7.560717120471512898e-01
7.666841816968799073e-01
7.741733998078731416e-01
6.632797502862065597e-01
7.827879775988575428e-01
8.790690828324371209e-01
8.090189207542343164e-01
7.855861125516937493e-01
8.236182942494961745e-01
1.011104434568982802e+00
1.002277528308099575e+00
8.437349311769257731e-01
9.418970130660384577e-01
8.009480400992977644e-01
5.888843169115068887e-01
6.666339735362100116e-01
6.180194200114199621e-01
7.800477161273441373e-01
7.050934706782991945e-01
8.251613521809748608e-01
7.924329359849873189e-01
9.349866842939718037e-01
9.554993610932559500e-01
8.162278749611954209e-01
7.707494954227576134e-01
6.905187055168657828e-01
5.604704368388649938e-01
5.948431836225970271e-01
5.798684869682196874e-01
6.378438265161937570e-01
6.307320081049405669e-01
7.147151381606244858e-01
7.536094859894001408e-01
7.707918555547329520e-01
7.183428379373755224e-01
7.315646954520479417e-01
5.570767316970735017e-01
6.522297777777568140e-01
6.215397735225887121e-01
7.488779882038817393e-01
6.934505035257023664e-01
9.175948605107747680e-01
8.591161853918176661e-01
9.460330652421549136e-01
8.140455960820704995e-01
1.039753877240366053e+00
1.038368716559604055e+00
1.003869997311486184e+00
9.304807012188900384e-01
1.009921538670713881e+00
9.775989018445777612e-01
8.801494715507381938e-01
9.873811296758510103e-01
8.391701537091857954e-01
8.530515128947062653e-01
8.449885511272754446e-01
7.429634562990132807e-01
7.205384011885307416e-01
8.718644781314799364e-01
9.626590918047763790e-01
1.017207034489938655e+00
8.594763763272433854e-01
8.949670612045103057e-01
1.085818302592408191e+00
1.080376793665680513e+00
9.181505079615022158e-01
9.043017757452784799e-01
9.506496965609591010e-01
8.840395712107276260e-01
9.753682624116232214e-01
1.008132984587863490e+00
9.082003569165095769e-01
9.666768169403465727e-01
1.139518862684654188e+00
1.143181998048036219e+00
1.264744328918679939e+00
1.365402719773977314e+00
1.139663026477639951e+00
1.150713828238940639e+00
1.252861322051308512e+00
1.413329878723481592e+00
1.316750327466841064e+00
1.249369543499807111e+00
9.710128570651285207e-01
1.054076466643956822e+00
9.955092678689944075e-01
