0.000000000000000000e+00
3.233987256006676803e-01
4.823461799717270737e-01
5.139066305534737422e-01
4.913765790184204674e-01
6.615328724890321421e-01
6.661287952614053376e-01
6.075199185482624831e-01
5.875648124930339389e-01
6.799577018133711181e-01
5.572360621922153312e-01
7.497795669825753073e-01
6.446819928433464852e-01
9.061413434491386587e-01
1.023916046046445150e+00
1.130581288864857203e+00
1.090967010099690437e+00
9.541674243142845846e-01
9.246849676877532120e-01
9.066838176824293383e-01
9.410427702217997181e-01
1.069985055405511254e+00
1.225398717677088856e+00
1.102249030859814960e+00
1.334666569067991082e+00
1.335535481232540844e+00
1.394905056902321805e+00
1.250646441920184815e+00
1.207403803437199663e+00
1.257309481602814749e+00
1.227559125536139772e+00
1.128577500387246246e+00
1.026684135404613230e+00
9.405181421913973994e-01
1.032517712562474044e+00
1.058112887311285499e+00
1.199285236974567015e+00
1.168517653320362060e+00
1.202024267280562553e+00
1.397364095327956912e+00
1.273051544523914780e+00
1.300134046324844750e+00
1.078026386453629470e+00
1.104831460559121847e+00
1.141269004030075918e+00
1.126312178545523013e+00
1.170546646365848931e+00
1.376540509742937513e+00
1.504924123645836165e+00
1.300288098475796517e+00
1.366498939346553421e+00
1.552329212046563489e+00
1.411992440746344224e+00
1.523020177764737859e+00
1.407258898203147757e+00
1.175567521218693345e+00
1.302079178810428228e+00
1.238228588346051984e+00
1.632775625275884046e+00
1.528218455815379517e+00
1.589131892591984840e+00
1.792573652873105328e+00
1.492656414424944789e+00
1.368358367381171004e+00
1.275470238442931725e+00
1.480158265720226352e+00
1.542776860174543963e+00
1.445227554053080343e+00
1.322822176896611523e+00
1.340063304424723656e+00
1.236704381046756396e+00
1.215958899524556713e+00
1.199165605750014851e+00
1.297513699929371489e+00
1.270515807733309410e+00
1.198345008148828716e+00
1.330944798098200543e+00
1.388294834413944301e+00
1.500185538856522616e+00
1.446677316233003774e+00
1.426034606656987336e+00
1.318079706850115329e+00
1.197369173392163422e+00
1.319285040349911897e+00
1.261982401395473685e+00
1.238288747344052032e+00
1.323914206058593113e+00
1.407063470242647885e+00
1.563575034364712346e+00
1.420886271626867092e+00
1.352780197738662649e+00
1.247410293490874622e+00
1.392505229319149773e+00
1.482207476320322126e+00
1.546214539571448165e+00
1.649652465789604339e+00
1.452109734422972753e+00
1.433505833910877936e+00
1.496262810845857105e+00
1.472079003071222303e+00
