1.507891492923917490e-07
4.615259233808761685e-01
6.871252440315971377e-01
7.484710593072072538e-01
6.554028556795518101e-01
7.561046102444525241e-01
8.917551571089195050e-01
8.553591259950704684e-01
1.023469616772165303e+00
1.312150712099413141e+00
1.463905533859765740e+00
1.390833583914901750e+00
1.362029427503192336e+00
1.265822378431922024e+00
1.359830335286785319e+00
1.388781945137772977e+00
1.429985269392539005e+00
1.281613982687544340e+00
1.179336548941565033e+00
1.384149504347452098e+00
1.511218920987640768e+00
1.543516153054492079e+00
1.808577657007497841e+00
1.801863727162636541e+00
1.952221123334845432e+00
1.875654023631734946e+00
1.755192469724499382e+00
1.809934265011409638e+00
1.823223380298809371e+00
1.996119754215664122e+00
2.223368742984971558e+00
2.300221106185937892e+00
2.589066217384167423e+00
2.500589096238380105e+00
2.854977906257807785e+00
2.881331738125932240e+00
2.979928602792375703e+00
2.899007291435158784e+00
2.940529850461830019e+00
2.916924651295211834e+00
3.109682184588998588e+00
3.088444619373425404e+00
2.973286695264322432e+00
2.906751034695266522e+00
3.006509982196940101e+00
3.147552715191496819e+00
2.938278670902771950e+00
2.955725179945372094e+00
2.865984113615416273e+00
2.885515224864482420e+00
2.898228820493499391e+00
2.736564992073230229e+00
3.005203529151196928e+00
2.936147155884304194e+00
2.990523187337492672e+00
2.942931560950852177e+00
3.015625914602975133e+00
3.010381702894249223e+00
3.088351765553677630e+00
3.048077439821162749e+00
3.146449139270864670e+00
3.181290654051564637e+00
3.072865788863167857e+00
3.084318171725649815e+00
3.014957541839514032e+00
3.051269288712265215e+00
2.854345969756045598e+00
2.913414992064692566e+00
2.940105534531257891e+00
2.922746480007203385e+00
2.929681910251802357e+00
2.937725183454598099e+00
2.963222920073500966e+00
3.172689126583194685e+00
3.013591676190161106e+00
2.719921785596034258e+00
2.854282700666911587e+00
3.003354416901761414e+00
2.952501169936108116e+00
2.964647151332390873e+00
3.003158059020230031e+00
2.826031170682317573e+00
2.739980553353443149e+00
2.707328209530170060e+00
2.814166100759733613e+00
3.026637549019738138e+00
2.767149174764833575e+00
3.050752992164942778e+00
3.116334596854593908e+00
2.974134337667345473e+00
2.837145560399744859e+00
2.649401455179324127e+00
2.654232204956366026e+00
2.794422565735758646e+00
2.722299635003156304e+00
2.793349266916414386e+00
2.742950758738631478e+00
2.803678684144225830e+00
2.856123946011774883e+00
2.754649876712298884e+00
