3.015782985847834980e-07
4.371316833237192112e-01
4.847618578261105315e-01
6.804782566130416210e-01
6.006430356133548587e-01
7.009690924326038575e-01
8.256059348183345525e-01
6.768713160943903295e-01
5.644439447082537642e-01
6.073547153082240468e-01
7.360306498695979860e-01
7.509953678702255830e-01
6.769464130086375597e-01
6.111225351904776559e-01
6.008151739852858331e-01
6.765819858822795796e-01
5.291822938814660926e-01
6.234801177808945161e-01
7.834807244549163441e-01
8.154177750543742942e-01
8.410648772856623712e-01
8.084924810983185051e-01
6.885451547417489326e-01
7.740938220298372308e-01
7.856493351530293712e-01
9.303437650275701021e-01
1.050714623590198071e+00
1.194295825731751748e+00
1.086737333477771461e+00
1.158802138061470588e+00
1.224280431102889866e+00
7.879168900107207385e-01
9.998125899762881907e-01
1.004673655874302574e+00
8.539906309706329912e-01
8.510315105826652404e-01
8.803420427493227063e-01
1.023616431990687747e+00
1.013422131591221520e+00
1.086738456308605105e+00
1.148761561712177359e+00
1.091996897796812860e+00
1.146879196157971625e+00
1.187359955679580636e+00
9.955078435798024872e-01
1.075981882345856455e+00
1.144229547826565385e+00
1.094192668081114039e+00
1.124266753673441199e+00
1.285249010561642757e+00
1.331353688555412029e+00
1.357977799027155097e+00
1.329578111092331261e+00
1.292791300348000938e+00
1.175571381370685620e+00
1.233871686782285426e+00
1.270407926177627989e+00
1.258713362693311799e+00
1.524495192226341445e+00
1.509805179241976658e+00
1.513812421570479350e+00
1.610099371298692628e+00
1.575460321088873128e+00
1.690991075203931437e+00
1.772589719058332847e+00
1.735867134563155112e+00
1.687759263400966381e+00
1.566357647787034901e+00
1.814386794817870019e+00
1.754630904750589915e+00
1.820735253147300892e+00
1.462956218506335837e+00
1.660686631386462775e+00
1.657352826034399262e+00
1.661779430330606822e+00
1.654004736022494315e+00
1.832725426759989285e+00
1.914201145379847313e+00
1.819911937755836595e+00
1.783128491766071688e+00
1.747384745199701772e+00
1.652486699332758047e+00
1.942870525775483692e+00
2.040378468475951390e+00
2.044375220629766510e+00
2.083940071430744556e+00
1.909463223094829187e+00
1.888610390545719442e+00
2.019810901312121931e+00
2.065337077134416610e+00
1.894461707442923970e+00
1.992713552113305031e+00
2.141763926381033301e+00
2.246883805862910144e+00
2.366292327326731115e+00
2.493060348677723415e+00
2.310179436013553467e+00
2.592605674381368797e+00
2.666337435951320778e+00
2.435633047401754681e+00
