0.000000000000000000e+00
5.911848721310399846e-01
6.193832304485127338e-01
6.617707890824624517e-01
7.525065539038108264e-01
7.633555940377639848e-01
8.478456926735670196e-01
8.661901913787332097e-01
1.126601457681070118e+00
1.146833595298345942e+00
1.312428293405101254e+00
1.461543441043511748e+00
1.374507378763788923e+00
1.224587273962851830e+00
1.189055086183929966e+00
9.692207924149226494e-01
1.351200649262615183e+00
1.364099494617012853e+00
1.418670268446163618e+00
1.312254249272010176e+00
1.338845555193834302e+00
1.334698962696348357e+00
1.417115129370884796e+00
1.414361686847700916e+00
1.551442801719572717e+00
1.755289319545580762e+00
1.699725005332605177e+00
1.635886348967709569e+00
1.451593562024179107e+00
1.481049440534243367e+00
1.578353635593260806e+00
1.787598417091869285e+00
1.857562994839449644e+00
1.974363756985765717e+00
2.131928824719180771e+00
1.933147942053881740e+00
2.051824736656261639e+00
1.848475757118601459e+00
1.927980590548358020e+00
2.017657461306526123e+00
2.180336130984904752e+00
2.357737264964889334e+00
2.485283459050920740e+00
2.646167116717967449e+00
2.788200572234031061e+00
2.454300099076874631e+00
2.421672496311922274e+00
2.506061464580808362e+00
2.566944917688985139e+00
2.657238904384340739e+00
2.806871115205418210e+00
2.536611891807674102e+00
2.318216366737352097e+00
2.318010224342485159e+00
2.240788171468182544e+00
2.272776028441458873e+00
2.289979993106621148e+00
2.496884154503620223e+00
2.636098055695285325e+00
2.744541489436636006e+00
2.693069635972340947e+00
2.681950722594143244e+00
2.857076892967038706e+00
2.727467717726767216e+00
2.755326606735947870e+00
2.987952500874148765e+00
2.919189032190112165e+00
3.079788734606581091e+00
2.954312931822594468e+00
2.980219234193909106e+00
2.901426396287324128e+00
2.692758297453401894e+00
2.822720927002307256e+00
2.880490819182627060e+00
2.878385520744137338e+00
2.913047414946045244e+00
2.872869252559351327e+00
3.030964333219349438e+00
2.949463453406449887e+00
3.016450795646541394e+00
3.041309252728879198e+00
2.883862676513318402e+00
2.950633676908826608e+00
2.994331735999740562e+00
2.871398437493983380e+00
2.894323888181273396e+00
2.876640501972231867e+00
2.913055472469023410e+00
2.804208571892147894e+00
2.732320416185082479e+00
2.661619879695699797e+00
2.566927878224722015e+00
2.471519306941760696e+00
2.492940364768273742e+00
2.561194267885801956e+00
2.221867134607233396e+00
2.353726124846310164e+00
2.731032722233301069e+00
2.749364692011038613e+00
2.411104606827523256e+00
