0.000000000000000000e+00
4.110220809916477758e-01
5.186315210207301796e-01
7.246788274962716603e-01
8.106230022324503182e-01
9.931728041964468234e-01
9.562998127612074573e-01
9.960748859053843995e-01
1.163501042704227384e+00
1.205623885019966313e+00
1.387834723945817084e+00
1.434151263118681241e+00
1.399464312158668733e+00
1.638713592105418781e+00
1.881635065032063459e+00
1.855677726429167729e+00
1.719433366418891884e+00
1.964927895450327089e+00
1.844956761705594861e+00
1.790523000795614106e+00
1.994041480112040743e+00
1.836588507325179531e+00
1.807545359620220005e+00
2.012397740676472591e+00
2.079068053857638709e+00
2.037696431292375543e+00
2.146069957997640554e+00
2.264401174152632201e+00
2.337511291975353345e+00
2.231666935086231707e+00
2.212186902508844533e+00
1.955178747781412874e+00
1.723021866483270381e+00
1.660694319520009676e+00
1.560522919901831562e+00
1.942871735457292415e+00
1.933568400004779697e+00
1.645681614241016222e+00
1.856097469669652167e+00
2.008341404739459879e+00
2.111872136025700897e+00
2.138456136565995980e+00
1.809429462364381846e+00
1.956765066735493219e+00
1.867931705489717764e+00
2.151606547875451803e+00
2.275179480305137947e+00
2.046218516791678432e+00
2.171856261608806626e+00
2.507913863387990716e+00
2.443760480335324115e+00
2.318941134207630927e+00
2.333999774351457113e+00
2.187121717072693539e+00
1.962543826068167130e+00
2.024690620550053666e+00
1.907602674030109302e+00
2.117042164699186824e+00
2.268261216977736083e+00
1.961503393957163333e+00
1.756046510262341709e+00
1.842943755871398803e+00
1.919749313905201760e+00
2.083261433284927744e+00
1.791123291971257636e+00
1.859828911656284278e+00
1.716840568986171878e+00
1.676853665403691407e+00
1.600656274127401524e+00
1.572387006218858962e+00
1.739069974285153197e+00
1.855228887160222495e+00
1.948885397954228216e+00
1.948793250274773126e+00
2.056533729698959423e+00
2.172276482937807174e+00
2.256660307091005624e+00
2.288415398514141774e+00
2.093735187429053290e+00
2.022458478049010466e+00
2.267919167120125756e+00
2.342886412432297671e+00
2.296107154273191675e+00
2.436099824926936108e+00
2.360288910844963617e+00
2.378832294327591690e+00
2.379877372791995072e+00
2.318376943912684673e+00
2.625122220381082006e+00
2.709017557679667121e+00
2.650296833389823803e+00
2.604893532181023819e+00
2.821483660225065915e+00
2.689878828223430940e+00
2.746860833798831614e+00
2.636919014400823880e+00
2.583215680532742198e+00
2.632594027650686730e+00
2.800820268618398057e+00
2.709235268639341943e+00
