1.507891492923917490e-07
4.274452592442490317e-01
6.147561242738847076e-01
6.788764801126738746e-01
9.002441987620231068e-01
9.177643299497333373e-01
9.602328429345513561e-01
8.782403097230107036e-01
8.461849000263592657e-01
7.909204505442630762e-01
7.584264919711948272e-01
1.096682817648781283e+00
9.930531580386544599e-01
8.267725365055493825e-01
9.276185720363755438e-01
8.036923798505813954e-01
1.006692262945889427e+00
1.089333000419099529e+00
1.033183390934762080e+00
1.212492299116685546e+00
1.346986990901339665e+00
1.388196173307334025e+00
1.380559402777859823e+00
1.499009043101150906e+00
1.503534048335064099e+00
1.568436920103491561e+00
1.625256036175698915e+00
1.670531204718277651e+00
1.641958643267029894e+00
1.746130461117192612e+00
1.809001669958396841e+00
1.665609183034727936e+00
1.673525901955010609e+00
1.860078909428704241e+00
1.691229166571701859e+00
1.678161432305490974e+00
1.724756689938178988e+00
1.614930010173230901e+00
1.680461465253011877e+00
1.629865018466135629e+00
1.715519416414568177e+00
1.728899512536713701e+00
1.857213317852161927e+00
1.842226451114262087e+00
1.748021969965607436e+00
1.853602236767100342e+00
1.940613947619445501e+00
1.891201600605932676e+00
1.909843474949384445e+00
1.893167197820688985e+00
1.602422386652450514e+00
1.892471734514853621e+00
1.833170597035400640e+00
2.102131129206958438e+00
1.911504423931057017e+00
2.052655778972086509e+00
2.114286184968753091e+00
2.083931983646575059e+00
2.033229031020965749e+00
2.042043234058499301e+00
1.956948620103177161e+00
2.241432261940034643e+00
2.129287601180888778e+00
2.157765027027906068e+00
2.080032399558705780e+00
1.847122341804728674e+00
1.763548832177108228e+00
1.831414048614543377e+00
1.821860384117181431e+00
1.991635370998878773e+00
2.018890557682705200e+00
2.206372011438580749e+00
2.278315698989208382e+00
2.053427756248801472e+00
1.969772136621668723e+00
2.156449018329894329e+00
2.133883330236391096e+00
2.086390757407047047e+00
2.286038318366157007e+00
2.433020263314177534e+00
2.273118124753401137e+00
2.413119453823296290e+00
2.349692555855258380e+00
2.363704578474866924e+00
2.498254446662176331e+00
2.468458194228863256e+00
2.395559057384541113e+00
2.251770610659308947e+00
2.147557167990919336e+00
2.102227542801315074e+00
2.261471475889027527e+00
2.171774601661212500e+00
2.229211938793596914e+00
2.200196969678323455e+00
2.250965450566507986e+00
2.408543121989748403e+00
2.397409738602941598e+00
2.426555941409076489e+00
2.450994628882831261e+00
2.336633878067374326e+00
