5.642013342952361972e-07
4.111934595956675542e-01
7.429387641316470559e-01
6.343786905522348363e-01
7.774213729406607154e-01
8.868841934419812167e-01
8.111085874103550752e-01
7.520992461477349345e-01
9.086021573498405113e-01
8.735325177217814208e-01
1.031427558984668647e+00
1.062919027258451443e+00
9.761900640086815795e-01
1.215846030029772207e+00
1.083587083593399836e+00
1.146640113427013219e+00
1.169728007186100482e+00
1.303901853363084617e+00
1.330328208594462991e+00
1.509766233226033538e+00
1.496379370823783583e+00
1.325842433263392239e+00
1.207264979799469007e+00
1.317754194869392048e+00
1.469348282989447751e+00
1.570947086253266400e+00
1.726880519333214403e+00
1.661446455078938511e+00
1.690563620909547815e+00
1.685530833370563863e+00
1.618299519062230241e+00
1.702623595570188275e+00
1.792848330007451141e+00
1.709892246202392441e+00
1.524911561014343109e+00
1.510197177857134587e+00
1.441721125089046263e+00
1.516182593269604917e+00
1.567095969071415906e+00
1.652519631467909811e+00
1.668600745423975962e+00
1.745357699099107984e+00
2.007708959996730602e+00
2.109871622632297772e+00
2.120111963843848368e+00
2.144326091707530413e+00
2.227537302072146286e+00
2.039400978419251942e+00
2.243369787918300773e+00
2.058628817247866838e+00
2.082305582683943168e+00
2.130638439333703893e+00
2.203160318811564267e+00
2.201351347817713133e+00
2.414438777755802068e+00
2.472891488580380770e+00
2.386770420959670513e+00
2.454667888858163671e+00
2.363677716512591065e+00
2.451291069881067930e+00
2.540782755559752637e+00
2.689922430911784623e+00
2.495346578049136621e+00
2.512987662708769498e+00
2.469069109464290701e+00
2.633939159853712297e+00
2.674105643352548078e+00
2.682337913172780475e+00
2.827501389659249575e+00
2.886598740793347329e+00
2.926699810164358428e+00
2.828420774429267759e+00
2.809945188107206615e+00
2.578446252313547848e+00
2.535674347649188753e+00
2.427755785296334068e+00
2.374471191824163441e+00
2.313315545669656803e+00
2.233504001051169752e+00
2.243388724765006170e+00
2.259287665492293762e+00
2.468345876280737983e+00
2.413705028797527241e+00
2.712637715547675743e+00
2.659683570922286133e+00
2.480323226105573653e+00
2.481573745582360768e+00
2.586630570672497687e+00
2.581694867344367150e+00
2.383383227977436292e+00
2.510675557958318205e+00
2.400790635184657962e+00
2.478159028448388757e+00
2.639320323984040595e+00
2.486498289083009627e+00
2.276352841808550576e+00
2.271828310014225139e+00
2.558042534165722692e+00
2.471373222708186823e+00
2.629403672296352745e+00
