4.264961199760035779e-07
5.442977887382486335e-01
6.762316720905841017e-01
9.453368568642643854e-01
9.197191470263474944e-01
1.192452626006570204e+00
1.055283954523703605e+00
1.055778366057580131e+00
9.586542848664626471e-01
9.206925307652189527e-01
1.001136546298998731e+00
9.015027984524566218e-01
9.108312342485512803e-01
1.019663772364634013e+00
1.056360405931367819e+00
1.056811163571878653e+00
1.105989272724628991e+00
9.134576768227636867e-01
1.047542078261328280e+00
1.029369372922908310e+00
9.395347966695747344e-01
9.633600709579538401e-01
1.044428986122367897e+00
1.359242351296833018e+00
1.298160497585542306e+00
1.359530787457642331e+00
1.294295794554986889e+00
1.300589729754789259e+00
1.291202612474969369e+00
1.464336214262735636e+00
1.378299301350713657e+00
1.196536394674882153e+00
9.685187431170373396e-01
9.698366368416988514e-01
1.085109856698505348e+00
1.036336711269720379e+00
9.437156788438045840e-01
1.080297819367619594e+00
8.901040322048816567e-01
8.897363243149811751e-01
7.929768681099738092e-01
8.740153821081451113e-01
1.111945142818452581e+00
1.277138776825237354e+00
1.163471039827878695e+00
1.189180027467727552e+00
1.406956864993468947e+00
1.603526088069799904e+00
1.431233043759754242e+00
1.487659919763449468e+00
1.521603872634647470e+00
1.664916971918509292e+00
1.619482863690258290e+00
1.545749537779964600e+00
1.845570096986357100e+00
1.934270326305157051e+00
2.137484577078603287e+00
2.258337410520979915e+00
2.098138335019464673e+00
2.114656057437858561e+00
2.089803143002331165e+00
2.069551042602125523e+00
2.033071136388659994e+00
1.989826534248504197e+00
2.080915761127501540e+00
2.213838301009592335e+00
2.173947706266007973e+00
2.008098316333644107e+00
2.172360553979829412e+00
1.909138968525378566e+00
2.039820834111859327e+00
1.822510668747464591e+00
2.008404386638516836e+00
2.028236314576974841e+00
2.224801329989610554e+00
2.342527505049496472e+00
2.257824935847792869e+00
2.454837866674341118e+00
2.569810591738904915e+00
2.540767122367651787e+00
2.579383150359094934e+00
2.498557623076171463e+00
2.338406549080416674e+00
2.422296174579580352e+00
2.227618613986412921e+00
2.150986626704395999e+00
2.022724911037972362e+00
1.782541760986243728e+00
1.788838014982504276e+00
1.918510458299669041e+00
1.939037703163124071e+00
2.108074719831916077e+00
2.072317000787312846e+00
2.072733023686523790e+00
2.050313687135660423e+00
2.044388473195155598e+00
2.140965822648534633e+00
2.133429179592723823e+00
2.199962708829662716e+00
2.332861879996140697e+00
