1.507891492923917490e-07
4.449906485188681038e-01
5.829240696703434921e-01
4.985690661461044670e-01
5.819555745363549359e-01
5.868280412721426087e-01
5.504353032822059122e-01
5.432056097473351164e-01
5.799547094366058753e-01
6.125351461851196166e-01
8.941171261793122715e-01
9.587443322305716498e-01
7.159686848328692399e-01
7.307114167754494849e-01
6.180208518803070872e-01
8.214761797901316553e-01
7.592501609454359590e-01
8.384009338409823542e-01
7.053179015530456342e-01
9.766419060657377527e-01
1.094311801511652193e+00
1.112409822656573510e+00
1.022229766559754838e+00
1.081956617590697389e+00
1.032085003544036317e+00
1.057626353034113453e+00
1.037332336121077114e+00
1.044071416932089269e+00
1.047442834811350254e+00
1.016539562588602452e+00
9.600106418067345659e-01
1.032049081606297491e+00
1.151344930392481203e+00
1.190491942451225027e+00
1.322651205174968370e+00
1.290409609331248486e+00
1.461038780935616677e+00
1.343209106611279235e+00
1.291781674246960110e+00
1.474307325447815842e+00
1.531578267601181764e+00
1.422309068544513000e+00
1.301423746354473110e+00
1.220559863157560043e+00
1.252669920726773523e+00
1.344706620051445034e+00
1.321911898035109667e+00
1.402831016691399979e+00
1.479162138402124516e+00
1.509597282432810550e+00
1.649165335886696226e+00
1.504393223760273735e+00
1.453568704109667653e+00
1.311923894315104810e+00
1.368923723110297530e+00
1.510410516269913295e+00
1.653813986624621979e+00
1.605001615659505276e+00
1.496263180914540358e+00
1.389693810741699842e+00
1.577985488833202998e+00
1.561489774523753038e+00
1.274835021967789750e+00
1.318526492423139240e+00
1.317368778230639803e+00
1.544660901280884957e+00
1.610790262330113798e+00
1.579021529509957000e+00
1.644413336697068795e+00
1.716826189993868601e+00
1.631279194079806372e+00
1.544123488716646175e+00
1.656759731050514217e+00
1.398245303127441108e+00
1.382983536893532817e+00
1.125992840177978183e+00
1.355692234507634764e+00
1.353383601956313909e+00
1.336301912624840327e+00
1.365391540735380049e+00
1.112778372660864212e+00
9.738957073896251648e-01
1.143043980065397092e+00
1.004274919746659611e+00
9.980431280709015640e-01
1.044923029382299529e+00
9.654249435350186204e-01
1.231572478490943867e+00
1.094202911361211283e+00
1.071497276568907475e+00
1.116551526092869562e+00
1.120810414516579590e+00
1.065053759827084612e+00
1.268450424581628155e+00
1.281411573048301111e+00
1.158958405833828698e+00
1.284563627152333076e+00
1.157586165178788429e+00
1.165839671780368514e+00
1.027063548122141734e+00
