1.507891492923917490e-07
4.456775982205960496e-01
6.257741279495918629e-01
6.826671239283464976e-01
7.118106755896913551e-01
1.002628396486513473e+00
8.980618636776517283e-01
8.218131483847256336e-01
9.886323023160499268e-01
8.794898670635649118e-01
1.037367209480505759e+00
1.008768948005987598e+00
9.627998237837690487e-01
1.106950798702117877e+00
9.504939126445524078e-01
9.904029102111592264e-01
8.467616756614063656e-01
9.389623467454459860e-01
1.088678976896252371e+00
1.186362728289260593e+00
1.285932505508817991e+00
1.235146493111666466e+00
1.319034615004462063e+00
1.251787487368102303e+00
1.310382104850120966e+00
1.455451321632993178e+00
1.378146196479894892e+00
1.496744701916103537e+00
1.446941386219911641e+00
1.657989530157362168e+00
1.525392370643114948e+00
1.441171565173828384e+00
1.657629454860220175e+00
1.390728126157876332e+00
1.415889591939704539e+00
1.549436627922420762e+00
1.601217201539036905e+00
1.583869958229669805e+00
1.363051607272349530e+00
1.517709351228837544e+00
1.551773778006988680e+00
1.550514928596217201e+00
1.675543837206697750e+00
1.710174545507515242e+00
1.553703508526567800e+00
1.537985198575794188e+00
1.587942102521351373e+00
1.479409781800821833e+00
1.447461477317883327e+00
1.575498355775749593e+00
1.629116589027758133e+00
1.633503239627474901e+00
1.660729154426560328e+00
1.750197128641231670e+00
1.718633746094884840e+00
1.793038406017039899e+00
2.014678218987860259e+00
1.825099207935906964e+00
1.748432832983513263e+00
1.646232256719974307e+00
1.493357030677052499e+00
1.361361065975539741e+00
1.272322947152236816e+00
1.260083063912403878e+00
1.435992804238787945e+00
1.345021511983400142e+00
1.258873128492126847e+00
1.251152068477774160e+00
1.257314259768183007e+00
1.293895441434013582e+00
1.429941299835052249e+00
1.402365365692587851e+00
1.293445558188215605e+00
1.334887071559025085e+00
1.405974244739975676e+00
1.259206476287895615e+00
1.199332323276782741e+00
1.357377033464201022e+00
1.472989728556122868e+00
1.528867432331454612e+00
1.490498693649972450e+00
1.468396611677429631e+00
1.394617832541684255e+00
1.448629032638071079e+00
1.481561327834377773e+00
1.677464877267224930e+00
1.570543560284255680e+00
1.703695271533254063e+00
1.953157346045160114e+00
1.777832173856889852e+00
1.763368816530911598e+00
1.686223721917602836e+00
1.656390796181643532e+00
1.914346099415095148e+00
2.046113925650987042e+00
2.038361880948960980e+00
2.023810899287131537e+00
1.801638561843385666e+00
1.824362559240682025e+00
1.862622879035274570e+00
