0.000000000000000000e+00
4.315184808390934434e-01
4.813411837722342823e-01
5.680981478552179498e-01
5.165254091450178775e-01
6.068259648254169525e-01
7.260331653813584252e-01
8.068671058136780427e-01
1.018816255319217934e+00
1.172302573447542740e+00
1.243791754738437838e+00
1.205335163135477616e+00
1.257991674662426229e+00
1.147135303152580388e+00
1.114345479662214089e+00
8.775916522004547637e-01
1.051739308431439701e+00
1.021962730253021423e+00
1.058747187162086600e+00
8.710866083988212383e-01
8.941757964104765088e-01
1.018621706249072112e+00
1.195093001124725607e+00
1.304033618996899069e+00
9.919133654871654660e-01
1.056744852733191520e+00
1.033572771997183004e+00
1.012058082800536107e+00
1.043422664726556537e+00
1.180430922548090233e+00
1.168353711692676322e+00
1.170089523575025714e+00
1.191879889487919675e+00
1.296806835127369828e+00
1.410844733124877903e+00
1.390330440938378098e+00
1.380258110647567538e+00
1.712504940298777312e+00
1.777265388123944856e+00
1.640527089233811520e+00
1.675573038698401129e+00
1.699676871755355867e+00
1.855079006789340790e+00
1.954224385765678695e+00
1.984490583444523226e+00
2.002091035557526766e+00
2.013487069570992105e+00
2.030402122235428486e+00
2.106551542849073755e+00
1.992143596326277244e+00
2.133539700834576891e+00
2.150356424916763043e+00
2.268749512618034814e+00
2.261712386000688024e+00
2.055356354465535329e+00
1.915572021811676073e+00
1.945286998973761339e+00
2.065112719361168470e+00
1.961162085142389655e+00
2.000055849485316006e+00
2.018764297030816834e+00
2.032944093796051011e+00
1.890676950968948278e+00
1.819830243861835672e+00
1.759956481723848221e+00
1.604103742078815786e+00
1.610981080329664028e+00
1.671218894107942665e+00
1.817833931773650713e+00
1.705258052212722752e+00
1.703814597542483433e+00
1.701709761253754394e+00
1.628153051837835319e+00
1.612074632668828889e+00
1.595798679498112049e+00
1.483439926358352645e+00
1.514608848893389093e+00
1.497646157395496225e+00
1.454056560671026066e+00
1.345298108379157975e+00
1.424296058738304671e+00
1.347706854679747712e+00
1.563290914189396030e+00
1.471744142884456430e+00
1.558377975808068028e+00
1.544973942089804098e+00
1.477363079893531772e+00
1.486154607712953934e+00
1.399170177628831002e+00
1.471484918262161656e+00
1.580321281504668107e+00
1.577007497458807084e+00
1.434470975323852926e+00
1.492227932878095187e+00
1.397726621977326111e+00
1.488458994715236683e+00
1.478799503176217112e+00
1.423419059504900108e+00
1.379387150175860555e+00
1.498059922857095216e+00
