1.507891492923917490e-07
4.405400375975642158e-01
4.445170882379834154e-01
5.037689018489849291e-01
5.884185330479938525e-01
6.185876698299564991e-01
6.023932687163839894e-01
5.980721288119353884e-01
7.460924392142240791e-01
8.535130406393053315e-01
9.327938598852003604e-01
7.490700030411138188e-01
9.208867920007889341e-01
8.675311380073882361e-01
9.445082538513963621e-01
1.012648198669275468e+00
9.654010235578289745e-01
1.069183585885888688e+00
1.165163322962653014e+00
1.217532561254599743e+00
1.198097859989590175e+00
1.117676933909415693e+00
1.217421989018070860e+00
1.388281686133676196e+00
1.326823347656666874e+00
1.220133912006247323e+00
1.208931900162664830e+00
1.318160534227134306e+00
1.314312820330508558e+00
1.342839535790022021e+00
1.347203019933001400e+00
1.321520412522567023e+00
1.408107016098094855e+00
1.478140807389867861e+00
1.372056038481261897e+00
1.499536448419573675e+00
1.492758142862340431e+00
1.336382784367219134e+00
1.369682912427709676e+00
1.408355476205885415e+00
1.323287347120984059e+00
1.318087861510181646e+00
1.372345376389001004e+00
1.581976684381164011e+00
1.557709826912298645e+00
1.298651064044901160e+00
1.457369379451506797e+00
1.477608768796953687e+00
1.546759494221586095e+00
1.544261827318817115e+00
1.467917422670963257e+00
1.545042186520332317e+00
1.660962059508305000e+00
1.741947565166496625e+00
1.607873272585297331e+00
1.687235981165045473e+00
1.679030533937562852e+00
1.611775404207089535e+00
1.551312952672260215e+00
1.615797884884797586e+00
1.841116212037253730e+00
1.683212314461268955e+00
1.832202622256093871e+00
1.794707289559943408e+00
1.847371991614682463e+00
1.861312549868302968e+00
1.853538420704481382e+00
1.953584847511307787e+00
2.090843223198755485e+00
2.016273272714751652e+00
1.956684950501868414e+00
2.074382433255536284e+00
2.001170158487517448e+00
2.059520472663655344e+00
2.085612457708880374e+00
1.971230798792663386e+00
2.052067008016591032e+00
2.020218341402566953e+00
2.279334413098121459e+00
2.090703256216796646e+00
2.107723075346337627e+00
1.942055300138361140e+00
2.117932280183423277e+00
2.109829750867897591e+00
2.127198964100335932e+00
1.906661836336951632e+00
1.902168723776197723e+00
1.883952434869116788e+00
2.071290158178907159e+00
2.084222890464856981e+00
1.938346726172143430e+00
1.783154145161091275e+00
1.827482178583051731e+00
1.713077349289437112e+00
1.516347938522970118e+00
1.713201351999128041e+00
1.632954832838103165e+00
1.569819555252252474e+00
1.684536246533506310e+00
1.555243433349877913e+00
