7.387129490294298213e-07
5.197926377684110033e-01
5.616124995129162523e-01
6.210757562038061730e-01
6.954010546866050690e-01
7.098750382655780733e-01
6.915997071315646005e-01
7.381109035635941007e-01
8.855046827341893634e-01
8.695075193761758747e-01
9.224243692684209739e-01
1.055472588468270523e+00
1.372395601318413094e+00
1.074296917333538159e+00
1.079178746311004522e+00
1.188373614225653796e+00
1.242673521926786595e+00
1.322840207715059169e+00
1.250057539533059536e+00
9.952335675211023691e-01
1.050941211876373016e+00
1.056419863447155105e+00
1.057882144259838286e+00
1.190736779394316436e+00
1.273340624669289101e+00
1.325566940310281883e+00
1.232160694404515144e+00
1.291498329706073589e+00
1.508358196167642440e+00
1.380231011853984668e+00
1.521941141997487534e+00
1.499811742733839770e+00
1.404497964422283030e+00
1.274576688887069764e+00
1.273342512362130252e+00
1.244183367378260519e+00
1.364051917656614155e+00
1.195596239636195213e+00
1.307094223047295500e+00
1.394143068437626365e+00
1.253439790183289437e+00
1.384490588904745190e+00
1.306064515894944433e+00
1.303319466561793316e+00
1.391200332222118030e+00
1.414637915430027260e+00
1.636528272182135479e+00
1.642875093744437409e+00
1.613018658002388195e+00
1.629751931012868083e+00
1.681409712590202332e+00
1.561492777931278830e+00
1.620833785282738360e+00
1.587070824252020174e+00
1.593264004940106782e+00
1.579343153311976389e+00
1.446080144992642147e+00
1.535783573984883965e+00
1.435339560609338649e+00
1.690812287890549381e+00
1.499193854576193807e+00
1.444437541446613071e+00
1.497010525921744550e+00
1.598702232744042995e+00
1.692210963872334162e+00
1.605892586819390067e+00
1.392648484799797304e+00
1.387038217769159143e+00
1.512915639902501441e+00
1.560366041005152304e+00
1.438496820148484234e+00
1.592703881377259822e+00
1.438468997044736630e+00
1.533878952564210252e+00
1.485203234185359600e+00
1.330045876285808726e+00
1.182131238707676335e+00
1.393119255719668326e+00
1.498169594636969082e+00
1.775312585151421096e+00
1.816845213815942550e+00
1.738957343457728788e+00
1.763930208882118489e+00
2.021200840650623665e+00
2.027213967105095715e+00
2.111557381376708786e+00
2.179974014650881031e+00
2.315774660488282066e+00
2.188347794707602212e+00
2.104462502149866854e+00
2.041160456857936012e+00
1.921946059037574983e+00
1.783157904996404808e+00
1.862673999836624406e+00
1.745868490471997436e+00
1.575628835752313828e+00
1.557816982638382086e+00
1.468756655848101333e+00
1.346105297134182255e+00
1.381636403345400055e+00
