4.264961199760035779e-07
5.465184086971626165e-01
5.541652101410173836e-01
6.368147527588451373e-01
6.479390861439601190e-01
7.101435935836533098e-01
8.366642962183262755e-01
1.000961479648456720e+00
9.458025298446213203e-01
8.926357875546551135e-01
1.057450971332126288e+00
1.160931393025940395e+00
1.153498765928293812e+00
1.194726610140524947e+00
1.374850141352178090e+00
1.490855955019552814e+00
1.596055772649350279e+00
1.575014526211305999e+00
1.790014612081607615e+00
1.609301105834405332e+00
1.625960523490514564e+00
1.744335096267993768e+00
1.844002637425244062e+00
1.843006569883065771e+00
1.757513440287024054e+00
1.889429860267016759e+00
1.767466466216783827e+00
1.688136727207584897e+00
1.684828075986796181e+00
1.740014006631815491e+00
1.507187200787743819e+00
1.507497116329729048e+00
1.564370597105297467e+00
1.649566017040303922e+00
1.520892895078761464e+00
1.522116540921762962e+00
1.727339303582130725e+00
1.898659144059014370e+00
1.772030210328683353e+00
1.948633087423576216e+00
1.706285784282301154e+00
1.745191727273893045e+00
1.909248952440300018e+00
2.063305617542535053e+00
2.064219329246904877e+00
2.060234284839765007e+00
2.129351144316726785e+00
2.078274200077193878e+00
2.160127712783426635e+00
2.197927053122311403e+00
2.176572429216760529e+00
2.382899761487286217e+00
2.278480698839705720e+00
2.217655476750183485e+00
2.440445896035825069e+00
2.542550536083681756e+00
2.460297330207613431e+00
2.406037102180705212e+00
2.356609074884001842e+00
2.344354970307954478e+00
2.236664394562609015e+00
2.035406016894061310e+00
2.351724656811530423e+00
2.025074498559028324e+00
1.910216115241751389e+00
1.801672798699502032e+00
1.831427825340694149e+00
1.853921257348121632e+00
1.916976130803791367e+00
1.701874389032257628e+00
1.715497191277220335e+00
1.820560324803863983e+00
1.833871237051343028e+00
1.863339604229322877e+00
2.027083116621072989e+00
2.198624683252468515e+00
2.114589365379233588e+00
2.268110228794772532e+00
2.234365557237492528e+00
2.353575637222023342e+00
2.526749435918762554e+00
2.762571767648160481e+00
2.999083359042483021e+00
3.179614015881056854e+00
3.125897707052692098e+00
2.874123193618752126e+00
2.777349220951670361e+00
2.714924714429638897e+00
2.701328715996789587e+00
2.634748157128514734e+00
2.762659344817672835e+00
2.920578352528286459e+00
2.809462476903147099e+00
2.881456313863746566e+00
2.966218998641512616e+00
2.789067386539190174e+00
2.759010879192751897e+00
2.912843023873358916e+00
3.054353923716497832e+00
3.026243046790463076e+00
