2.611744678045111057e-07
4.679193758201920517e-01
5.308002049966699110e-01
5.102594140218978946e-01
7.016165451794510455e-01
9.113472891776048801e-01
7.818970694508718955e-01
1.043817212389078541e+00
1.214349390056039812e+00
1.029992747601647496e+00
1.110362518325848757e+00
1.205665931032261051e+00
9.714715484697585834e-01
1.124443086776327538e+00
1.169436245290181198e+00
1.310743936667244203e+00
1.294324189382418444e+00
1.335810396367188346e+00
1.625885149467627189e+00
1.505915715460090842e+00
1.510425243395001615e+00
1.420944449524504716e+00
1.438974299907312737e+00
1.588195437955113309e+00
1.614501662824235240e+00
1.689240684990902297e+00
1.605378034640550622e+00
1.648137191945146629e+00
1.615315256375323916e+00
1.673670973300090292e+00
1.688419540331800972e+00
1.817570538208315822e+00
1.842346566119889673e+00
1.846646015971769916e+00
1.876151219122979219e+00
1.977093677659940152e+00
1.956238758201747086e+00
1.914363273967471635e+00
1.937048031650740576e+00
1.739426624486916317e+00
1.893583672515428029e+00
1.978128903855156606e+00
1.840468046208036723e+00
1.795463613183363671e+00
1.885721830781690755e+00
1.968727970629608581e+00
2.118754791595321763e+00
2.314797496177539493e+00
2.440360604272612921e+00
2.485153630010045411e+00
2.438179651443062479e+00
2.509461916235144585e+00
2.422084427917300609e+00
2.470974704411715628e+00
2.493582879306878386e+00
2.633323299597617684e+00
2.638999762078694467e+00
2.613897768120880372e+00
2.641127063950476472e+00
2.707064472155034984e+00
2.889236423555007871e+00
2.734389578300394863e+00
2.608335601298485074e+00
2.722363648582895923e+00
2.678781531526582604e+00
2.654452097320487702e+00
2.836219916072635794e+00
2.754974710300992946e+00
2.782197393697831700e+00
2.752867312620601581e+00
2.816570297822976521e+00
2.881670200054625042e+00
2.777738770324503115e+00
2.773398457304739217e+00
2.657796775145680357e+00
2.732898677791798292e+00
2.765805546277045668e+00
3.022915149292033643e+00
2.948767197240607096e+00
2.626815156353688341e+00
2.892697800301384792e+00
2.734553074900305969e+00
2.726341216096083819e+00
2.622714923905405726e+00
2.798358889332307697e+00
2.732194135429633519e+00
2.691816161034165766e+00
2.462858936924454234e+00
2.465766914573815249e+00
2.604869420614271736e+00
2.664438368784436850e+00
2.630386558990474022e+00
2.563050580039134108e+00
2.670482958695439724e+00
2.549753313114692777e+00
2.357954238258137103e+00
2.417776777960402246e+00
2.516966046714636196e+00
2.131428997200360165e+00
2.095600113019974842e+00
