2.132480599880017890e-07
4.177032128822366630e-01
5.651987422211044443e-01
6.801657384292946196e-01
7.787537663813298705e-01
8.064523756092745188e-01
9.591037932762463969e-01
1.021709209808960184e+00
7.705257633035837994e-01
1.005159605437095927e+00
1.118222792185442849e+00
1.201410988518196055e+00
1.337031852970654855e+00
1.405461981782519576e+00
1.359852438996105528e+00
1.358795537650082430e+00
1.351681800215857487e+00
1.258267448645256081e+00
1.380480425442134118e+00
1.364547962484729204e+00
1.440376968872710828e+00
1.577544096615267399e+00
1.352973271801396260e+00
1.303447809748915942e+00
1.556941157349066573e+00
1.697677731408923307e+00
1.699280220953641729e+00
1.665409898019514445e+00
1.706163538354919851e+00
1.626380734067983669e+00
1.744169298457161066e+00
1.717691501286152445e+00
1.737835867638908738e+00
1.628073100151537167e+00
1.565360313651562807e+00
1.501928198873394127e+00
1.471924506701053792e+00
1.577410543478979799e+00
1.817375449922586039e+00
1.829045909138015569e+00
1.871068139496014027e+00
1.611476216520698390e+00
1.786756084456892824e+00
1.669618759099318339e+00
1.640635060197727979e+00
1.672358585299945410e+00
1.578104328880974405e+00
1.603295894979311020e+00
1.696052072864568494e+00
1.573705401527162095e+00
1.633480187499582792e+00
1.738970997354367443e+00
1.635531080159629669e+00
1.534981732322497683e+00
1.744878181516057447e+00
1.788164024167979038e+00
1.696754688363383723e+00
1.756875566664586996e+00
1.799436601868076302e+00
1.683315652118494210e+00
1.734397918155325513e+00
1.809170003834468687e+00
1.744024492738023069e+00
1.871429310119229195e+00
1.856381227827492930e+00
1.901038378903378234e+00
1.854229953587449131e+00
1.847345443169159163e+00
1.931159147864475401e+00
1.973111068278123881e+00
1.938742523474575652e+00
2.058732643785525784e+00
2.051894190076292812e+00
2.012371837569531863e+00
1.986823327146526763e+00
2.187071260730413247e+00
2.065483002322350714e+00
2.011758421577860556e+00
2.026218072905941359e+00
1.936880895653808166e+00
2.028332393138100542e+00
2.000645473480417103e+00
1.964203039363169312e+00
1.926131654769931201e+00
1.914343876416561896e+00
1.942144338703389650e+00
2.162322897811453259e+00
2.282028966251498314e+00
2.288404022239983959e+00
2.517811554994290546e+00
2.445565199205951501e+00
2.704274863432592824e+00
2.876781804392460895e+00
2.685894080383586680e+00
2.442872532914034167e+00
2.622628627809772794e+00
2.693312525590681350e+00
2.782968130792113470e+00
2.794391925837417912e+00
2.736914905716502311e+00
