1.507891492923917490e-07
4.026500136044998124e-01
4.382469820192347876e-01
5.279293013999722950e-01
3.708066671891022681e-01
4.828953633692462111e-01
7.088415069786634382e-01
7.419452259257859339e-01
9.301927652390710177e-01
9.540909034396160004e-01
9.245532734251605822e-01
7.883935547436726754e-01
7.055255727853924075e-01
8.361484109983448043e-01
9.403269904209498042e-01
9.645601141742458084e-01
9.848433761583684776e-01
1.077684045733802609e+00
9.514093221152041258e-01
9.032934483288588279e-01
7.973686319476014361e-01
8.203008526573842829e-01
8.395914396446534367e-01
8.259905787649640674e-01
9.556425056390283057e-01
1.023609568056318420e+00
8.744150644409415252e-01
1.001428700880402367e+00
8.771957467773400241e-01
8.931508642877248327e-01
1.014128703081639715e+00
1.054453540751520313e+00
9.982630816415579700e-01
9.902206145688979833e-01
9.739324596464579153e-01
9.709185085924043612e-01
1.030820978749401373e+00
9.609762807391325490e-01
1.093682138141310656e+00
9.612381927094498790e-01
1.128642442513929200e+00
1.348066274097846629e+00
1.250851145732444714e+00
1.354353054006705248e+00
1.269984910916890142e+00
1.344762256177769233e+00
1.167577660240718185e+00
1.370435171024872778e+00
1.425477855128912674e+00
1.313039592228984587e+00
1.197166619556916611e+00
1.302000518681970753e+00
1.262062076180566983e+00
1.411823089151270860e+00
1.431891752583032584e+00
1.541234348056187864e+00
1.371152620118880394e+00
1.602645983286147491e+00
1.612101110364238421e+00
1.590964488243851171e+00
1.679297916397417545e+00
1.637746534419692868e+00
1.444212952030761166e+00
1.389788685276634572e+00
1.436435855418217722e+00
1.525319950797361157e+00
1.534783286320889673e+00
1.558864679184498225e+00
1.616934990860732668e+00
1.669000100610268822e+00
1.598376785358051499e+00
1.435979217528023044e+00
1.516241404318005914e+00
1.501440982298447802e+00
1.481148100918119770e+00
1.568306471005875169e+00
1.624353083139757681e+00
1.376080055762387344e+00
1.234208117603267318e+00
1.149305251249376880e+00
1.272222852298799278e+00
1.037159009926442277e+00
1.203433997717254789e+00
1.142330790206732782e+00
1.164056932027782931e+00
1.119639018877415682e+00
1.103309201623629887e+00
1.084153136789011596e+00
1.251095170550030389e+00
1.151881046205566195e+00
1.101585442658143510e+00
1.154949335187668957e+00
1.322839030178564412e+00
1.246595406703730369e+00
1.339313685120465891e+00
1.517367025395625513e+00
1.462361660180447220e+00
1.550041834080537972e+00
1.583334771068129587e+00
1.504616682154344964e+00
