1.507891492923917490e-07
4.414906634295369114e-01
4.214049722413926169e-01
6.071741470193794399e-01
8.357495594899874147e-01
9.476343491621092019e-01
9.803994669691521446e-01
1.005205733941654911e+00
1.465933193876287843e+00
1.242413435736443139e+00
1.217368222799986688e+00
1.054132863956912969e+00
1.024514816668147699e+00
1.010548365197330378e+00
1.059205475844522848e+00
1.205872121243453332e+00
1.355594145200217371e+00
1.286516913665273432e+00
1.219463336737224735e+00
1.253255586894012508e+00
1.363669781070067977e+00
1.441055025142930823e+00
1.264020432344800327e+00
1.446963451658104249e+00
1.610948860831652674e+00
1.523109945158830136e+00
1.700743045072352633e+00
1.667547451519848067e+00
1.639175740252139635e+00
1.737935387091744666e+00
1.679972317068145538e+00
1.748714827473106359e+00
1.995045628180941666e+00
1.988321937464174738e+00
2.097419060811337665e+00
1.930428348150870610e+00
1.816139377110165709e+00
1.877559328197945243e+00
1.821490559071531568e+00
1.908823284833240042e+00
1.995025368297346668e+00
1.779592722743697175e+00
1.670307709643090055e+00
1.633414045910221102e+00
1.503481072741504443e+00
1.302883335348375526e+00
1.509150609235347718e+00
1.208359502743806768e+00
1.459755627128762168e+00
1.461702998149902122e+00
1.414389155779508522e+00
1.483338302447588575e+00
1.331339574883959820e+00
1.344783232812575946e+00
1.354777926832297696e+00
1.279145162023031856e+00
1.260222771491707361e+00
1.449236107481758129e+00
1.375821103661274192e+00
1.495304518636012325e+00
1.663804646032205792e+00
1.433851817975289933e+00
1.404917030972670400e+00
1.433109388363556391e+00
1.370655171154512963e+00
1.350298935027866909e+00
1.456777804903018669e+00
1.462923356942017694e+00
1.329535279600313258e+00
1.195713425384160811e+00
1.266664616152775702e+00
1.341811700551579500e+00
1.323302477285065226e+00
1.609343520016726092e+00
1.537656790655276717e+00
1.597259904203788494e+00
1.687948767758348456e+00
1.674750150748745670e+00
1.614163387224942126e+00
1.751241218779051811e+00
1.906273283939671215e+00
1.876487679362759176e+00
1.740186711073948178e+00
1.850315668026396132e+00
1.758849401777546895e+00
2.025964783416573933e+00
2.115329111041683419e+00
2.092271980840813672e+00
2.080411330420687488e+00
2.160681524033880585e+00
2.146601373054934925e+00
2.254318506633862906e+00
2.547358359183422127e+00
2.519536008117049697e+00
2.462867538742694595e+00
2.435704983641139521e+00
2.383082896357461067e+00
2.505860013544759735e+00
2.448611620227869157e+00
2.422104781278318075e+00
