1.507891492923917490e-07
3.731575530019033415e-01
2.949089247994763907e-01
4.575756182995030508e-01
3.927085159305674922e-01
5.194838577438275484e-01
5.031750738502986930e-01
5.949531436702207854e-01
6.562040304228138332e-01
6.486663494043275469e-01
7.602748033472513933e-01
8.972370695271293384e-01
9.489659588959115100e-01
9.541667325311009584e-01
1.225136082642646507e+00
1.091028728540637927e+00
1.060451020782955833e+00
1.146538197437015238e+00
1.107753533936701729e+00
1.286595365204157293e+00
1.169311597835140271e+00
8.616507588178771160e-01
1.010139216432627052e+00
1.058038423469405132e+00
1.154941893485130988e+00
1.287475536315789926e+00
1.225434334433476380e+00
1.232054127551089673e+00
1.203479732193985852e+00
1.340174075603707271e+00
1.337520816106723132e+00
1.384015262964602977e+00
1.389645469392793764e+00
1.367550339467746401e+00
1.543936584153338343e+00
1.501061365517159629e+00
1.436027318047880419e+00
1.699657771049867039e+00
1.693857282269438436e+00
1.928767952366643224e+00
1.904422781638463569e+00
2.032607087018547087e+00
2.120073003656180788e+00
2.033917512733794730e+00
2.149208778065973657e+00
2.276532235471834920e+00
2.164482861867077279e+00
2.314344835249800170e+00
2.455897637173946269e+00
2.350476896175701658e+00
2.260317437224791615e+00
2.514092293292606417e+00
2.428070548622551339e+00
2.516447797768091910e+00
2.438806211049034278e+00
2.567138225082184810e+00
2.630799112511664983e+00
2.783248957209117691e+00
2.669472237686226990e+00
2.789253159113056935e+00
2.839629723011508400e+00
2.829388155789598347e+00
2.847499346856489755e+00
2.883175607778064808e+00
2.831049452652607989e+00
2.915486129777231650e+00
2.800545407267381659e+00
2.927338334556293997e+00
2.831569753085816377e+00
3.108844473539921882e+00
3.311911721577277312e+00
3.277026414220616246e+00
3.314371965225112238e+00
3.259714634596949434e+00
3.617603750361565229e+00
3.733236377016073693e+00
3.655739891552859167e+00
3.713809826056515551e+00
3.650476752922222179e+00
3.641898447209887646e+00
3.664052701707340987e+00
3.525829435560080771e+00
3.567106498261725100e+00
3.709443709067543615e+00
3.703047679695294914e+00
3.821300731475008927e+00
3.703728568584931047e+00
3.821555026185631920e+00
3.768478702119279600e+00
3.623769841949667114e+00
3.819006703050257912e+00
3.694333272714351413e+00
3.548722816951083825e+00
3.573646348989254040e+00
3.523015194681029527e+00
3.666909333159701134e+00
3.727343258716443231e+00
3.576655612956421315e+00
3.416262383200905806e+00
3.718029866147920970e+00
