0.000000000000000000e+00
5.612550242962901503e-01
6.649809798158335949e-01
6.403185320717613704e-01
5.575819020621042288e-01
8.202855653324543361e-01
9.214375516252084619e-01
1.176176491334335106e+00
9.693306024767310847e-01
9.323388005769405185e-01
9.998406794719415513e-01
1.083050366504182849e+00
1.021646915439009984e+00
9.730213038856674324e-01
9.790625221076829643e-01
9.353499626654885324e-01
8.952696229538744666e-01
9.490964305446278892e-01
8.732165153013273784e-01
1.009602172773696349e+00
1.184126146025005433e+00
1.145892235999237396e+00
1.235975311127068821e+00
1.300284387555455723e+00
1.280421905069798694e+00
1.348857309162554197e+00
1.367323637814592319e+00
1.396108938522185428e+00
1.278815600590974766e+00
1.226583573716037545e+00
1.309537800100732952e+00
1.437452703208947025e+00
1.324090352945570093e+00
1.515164718691008217e+00
1.514540686142513026e+00
1.564473280584556036e+00
1.483892078033886452e+00
1.433866069119498432e+00
1.487281559579259893e+00
1.620865072432478016e+00
1.567753713220893186e+00
1.527936300144111303e+00
1.532339471834832434e+00
1.424627455765401063e+00
1.632210286194709203e+00
1.673990927549619423e+00
1.723271957033622570e+00
1.627299796412958299e+00
1.798802160985810250e+00
1.833258382230154693e+00
2.013534344621014327e+00
1.975911474183815741e+00
2.158296503737050731e+00
2.260820882672989196e+00
1.884013946604866652e+00
1.856992610984909087e+00
1.928015727920621147e+00
2.051655974352458056e+00
2.036322401397711701e+00
1.824363474657667350e+00
1.964008423369793199e+00
2.034308295974755154e+00
1.995779130259577760e+00
1.912261035176281654e+00
1.907988586282115095e+00
1.913131411066735232e+00
1.956930268336736223e+00
1.943669312153830653e+00
1.893166531329563584e+00
1.968452884669730896e+00
2.025634763214651191e+00
1.993359157251689551e+00
2.231809976170942456e+00
2.128447399216169877e+00
2.070801361387802242e+00
2.020383770195576467e+00
2.121791827810970865e+00
1.952988619472987741e+00
2.089323864329305280e+00
2.263650477886057111e+00
2.319198340871789110e+00
2.355048298766324155e+00
2.437631692003300987e+00
2.427465390092554021e+00
2.119882594355440464e+00
2.210848475490236442e+00
2.369849143691322269e+00
2.236121616703922399e+00
2.277579894244838865e+00
2.168895356934247953e+00
2.182794686925273897e+00
2.154568728485305229e+00
2.087623901305066365e+00
2.091426474259017620e+00
2.101445915724877267e+00
2.033409669293591904e+00
2.227468878404748942e+00
2.364686122872756258e+00
2.301571884598311524e+00
2.262207419219532945e+00
