1.507891492923917490e-07
3.809384691749602148e-01
4.986629221279748059e-01
7.843264635261588680e-01
7.100628177663372842e-01
7.761690147553489405e-01
8.287838118391904763e-01
1.000758487947734476e+00
1.055998550419804172e+00
1.197030562446787183e+00
8.756787659182998507e-01
9.965860094115684964e-01
1.033843244004893025e+00
9.137314536699333578e-01
9.306319756705321300e-01
9.384708429066275226e-01
7.451115050830348085e-01
9.407826098284102212e-01
1.183411188488075139e+00
9.194175440539237298e-01
9.860436997201618148e-01
9.478153580234796038e-01
1.128612612494278578e+00
9.771900019986400343e-01
1.068756843170943993e+00
1.167956280807050717e+00
1.175020840874609673e+00
1.308430635731350211e+00
1.297494347233131506e+00
1.274465529790961060e+00
1.229597102393679142e+00
1.345026222378710834e+00
1.564801748794425018e+00
1.587745720850443520e+00
1.715776068451968506e+00
1.608770979895042030e+00
1.468528661999985552e+00
1.472151697557103622e+00
1.338268005607500699e+00
1.385462615620066451e+00
1.285063570377847020e+00
1.171135245166309513e+00
1.092493854568164169e+00
1.147972197026616570e+00
1.283386064637796808e+00
1.365440581963518252e+00
1.132133660530501018e+00
1.411961892103628324e+00
1.206278952314203456e+00
1.269006347118964539e+00
1.254353762767172809e+00
1.186129877131209431e+00
1.156774955186794962e+00
1.322262620785706888e+00
1.264980463388630794e+00
1.278489490240650728e+00
1.275669267652236316e+00
1.365032392326116950e+00
1.234049242468888696e+00
1.494993342347206378e+00
1.544575038306771120e+00
1.498435730818789891e+00
1.363035524032802703e+00
1.515817356729005194e+00
1.685273995556153093e+00
1.654120558815579178e+00
1.704942744234759333e+00
1.796984411856549668e+00
1.873717133265611512e+00
1.787477197035594489e+00
1.949035609563993576e+00
2.058563388835633834e+00
1.987662910292660401e+00
1.807488499853644903e+00
1.844957627934059374e+00
1.881871873057806344e+00
1.800828935843556966e+00
1.722547264465467576e+00
1.740944638633941999e+00
1.791732510439287385e+00
1.767621454556345562e+00
1.914722775572230917e+00
1.878228290656311028e+00
2.036713601982714561e+00
2.049967117063710376e+00
2.163875943679116176e+00
2.098485010498373882e+00
2.222264814700374735e+00
2.311212975744786569e+00
2.350600412364918679e+00
2.221478017162397567e+00
2.319251763325932636e+00
2.309728109506008487e+00
2.290962039858447152e+00
2.165550958841012896e+00
2.199917198134528462e+00
2.329318854346472456e+00
2.231585466567438836e+00
2.235385485393210914e+00
2.212607133728351716e+00
