0.000000000000000000e+00
5.138263584795795813e-01
7.574675081056090331e-01
7.937693475674300059e-01
6.788663209857250802e-01
8.616834084635063284e-01
7.787709222049982172e-01
7.629494912858653111e-01
8.212037894804433691e-01
8.637723139514510429e-01
1.061761892650176842e+00
1.029244761455067936e+00
9.662789266549346445e-01
7.457792001984145935e-01
9.623565373577601667e-01
7.911416386295246905e-01
1.030390816531467690e+00
1.048108792418971147e+00
1.044569832194829573e+00
1.021207908076169790e+00
9.142975759648499512e-01
1.126073099668476463e+00
1.086069603523428295e+00
9.750461348321711741e-01
1.076712722591573135e+00
1.117512222643170183e+00
1.068443751611507286e+00
1.033751865403647940e+00
1.115358862837651177e+00
1.079986755008430777e+00
8.019068643436714217e-01
9.276206481823764394e-01
9.926548777066513951e-01
1.085296077119243252e+00
8.963203211042554130e-01
9.932927122396505437e-01
1.085821226343740786e+00
1.189522172340384154e+00
1.233041740784732054e+00
1.238342946981418002e+00
8.831752747573750062e-01
8.981453557789594866e-01
9.295741602674806314e-01
1.144575484261731058e+00
1.048379137900892211e+00
9.489672203488923596e-01
1.045596007587448195e+00
8.720413355439433634e-01
8.198054988222137629e-01
8.315080718188289088e-01
8.394839704275856018e-01
8.490893876193625900e-01
8.292874824878040396e-01
1.212340576100638945e+00
1.199173614574921221e+00
1.295361580250067979e+00
1.173680407426009875e+00
1.217744191670976139e+00
1.087430963734285383e+00
1.036425821624324728e+00
1.010925751101959147e+00
1.170778741051478722e+00
1.124146591375676296e+00
1.176102260797158294e+00
1.241494798438737668e+00
1.609780396131576419e+00
1.522641359408092976e+00
1.408129431591955916e+00
1.432807671591588061e+00
1.517847325033631956e+00
1.442849902244170091e+00
1.135107535415519342e+00
1.182099290544029069e+00
1.222078730119700252e+00
1.109647232653787174e+00
9.480406366293986364e-01
1.119285019267988179e+00
1.043901205722143510e+00
1.136418054710716996e+00
1.256063438729252191e+00
1.150175860774405479e+00
1.080508715123830621e+00
1.200579729739434720e+00
1.163674367731915016e+00
1.138909874438338354e+00
1.072145787610363055e+00
1.104376720319055982e+00
1.222316492879792715e+00
1.220414395303546229e+00
1.226466479927831310e+00
1.491090671953736013e+00
1.143603987601877980e+00
1.496280038402486134e+00
1.244209057895775183e+00
1.358000103856354945e+00
1.252811256668791229e+00
1.339026402475797850e+00
1.439600153215907063e+00
1.488273097569462688e+00
1.216847209664182472e+00
