0.000000000000000000e+00
4.635041650222015974e-01
4.268275908589352352e-01
4.245385703911893072e-01
4.202432275426818964e-01
4.509711860197011535e-01
5.000986123924847648e-01
5.387274385088303141e-01
6.676031264892979822e-01
6.795030014844348765e-01
8.244723004443378356e-01
7.490311574584551657e-01
7.680228777777150517e-01
6.688201607194840248e-01
6.258050407287569783e-01
7.385810540635464605e-01
7.176695451131410719e-01
6.673199726008326449e-01
8.356998784327853702e-01
9.127911572397493511e-01
9.106010730920892637e-01
1.070346642244280222e+00
9.156026399266735671e-01
9.284439349309335787e-01
1.030125556280732546e+00
1.173411795161432902e+00
1.114185357557339273e+00
1.186857444269982631e+00
1.349768225055205662e+00
1.301843591324441496e+00
1.338809552331828856e+00
1.246628336430731121e+00
1.157396969667806141e+00
1.313354667266186437e+00
1.160617279530517632e+00
1.058526553040887608e+00
1.042270981955145004e+00
1.033412476307627781e+00
9.551012120131424643e-01
1.030609705038216362e+00
9.863557479982700826e-01
1.097940639137972019e+00
1.213956015482650530e+00
1.311174181889129819e+00
1.183404088900884332e+00
1.307318424292908121e+00
1.267280413148957230e+00
1.306155669943920739e+00
1.480810358127188753e+00
1.401194597129904018e+00
1.379394985736388302e+00
1.363646276033906757e+00
1.230314960364974342e+00
1.250642173054499873e+00
1.350645123519117474e+00
1.283262902182489507e+00
1.188121883188510086e+00
1.150595778080745868e+00
1.136024227276800858e+00
1.171980533186854689e+00
1.488220429762848296e+00
1.459581142438749257e+00
1.348345021664910659e+00
1.454889565483135083e+00
1.385885974580429947e+00
1.485966783574069749e+00
1.482566085555582669e+00
1.667363946550341813e+00
1.535421286923672302e+00
1.826997330764509098e+00
1.719369881220484064e+00
1.524007618449876533e+00
1.522830067008818622e+00
1.728867905882904177e+00
1.593436053687549148e+00
1.793345031937971790e+00
1.674548858774731697e+00
1.758823229593946769e+00
1.527548997587051760e+00
1.632410777810871627e+00
1.684117806204475265e+00
1.703074278592736857e+00
1.706049833777647740e+00
1.985850251454683413e+00
1.970369482272577688e+00
1.804586673779293493e+00
1.869902362125773099e+00
1.692326670340682515e+00
1.890152208782760468e+00
1.807999159329211292e+00
1.706244037483794385e+00
1.671758148294200996e+00
1.647420199731183255e+00
1.714509209149259750e+00
1.785830035223169521e+00
2.053583280604788897e+00
1.807972413244955279e+00
1.858479144078532652e+00
1.876440476915169020e+00
1.797936377610941827e+00
