0.000000000000000000e+00
4.344010979841538833e-01
5.856165738239866858e-01
8.830093997699660635e-01
7.754268822806459349e-01
9.088260436238695394e-01
1.064225486538424637e+00
1.006306965963698508e+00
1.096785965213001646e+00
1.332455696685315161e+00
1.369581243141828386e+00
1.155115006371640440e+00
1.237227516632296798e+00
1.096487654177261684e+00
1.291709027727289794e+00
1.320129182719345762e+00
1.327159500089652333e+00
1.239108955432897341e+00
1.343670318134090103e+00
1.337371761239068091e+00
1.185632967731144349e+00
1.436514176924450714e+00
1.338862976290076556e+00
1.468605524512333727e+00
1.418563679008998157e+00
1.318298065312524026e+00
1.149370732136878015e+00
1.149084653800446221e+00
1.223239201265498455e+00
1.365803784909799257e+00
1.489727841426567778e+00
1.491408233749734746e+00
1.693507601626762504e+00
1.588201554455294318e+00
1.464424026271289980e+00
1.447730190627839475e+00
1.494032300176015626e+00
1.505352575144705662e+00
1.377536046415172244e+00
1.380362654180232518e+00
1.324917041701177522e+00
1.393671460334805712e+00
1.490316234346774182e+00
1.421552157290019158e+00
1.572463569906259906e+00
1.652713755922304850e+00
1.667971117907039780e+00
1.601177976915810763e+00
1.722611405789229222e+00
1.932425272984612308e+00
1.765621192977778753e+00
1.738003243945426934e+00
1.688720027870341145e+00
1.674929656576557901e+00
1.683222787639199636e+00
1.733895616145280760e+00
1.818237067192900014e+00
1.729114348542202695e+00
1.592390665047265230e+00
1.451455439243915180e+00
1.551669785490449982e+00
1.706996429557158912e+00
1.843945413187797699e+00
1.918238859699176180e+00
1.920018916174706547e+00
1.930232654699095773e+00
1.972035629633125398e+00
1.910078484721554393e+00
1.812377404996356356e+00
1.800766243025682556e+00
1.862008627589511356e+00
1.869112708184236249e+00
1.952160439171798156e+00
1.835728994629733046e+00
1.935378398865435834e+00
1.797875733197184189e+00
1.833422483622980881e+00
1.895018582370965321e+00
2.004393304282305888e+00
1.992645865847630926e+00
2.149152101791643066e+00
2.134500432455043839e+00
2.263490629675556587e+00
2.123190548595665472e+00
2.051311749921780780e+00
2.131621893568016013e+00
2.153890445228682005e+00
1.934264679965849609e+00
1.840865926319847912e+00
1.790002042625266965e+00
1.771040649601742567e+00
1.922211344338068395e+00
1.923287697624261883e+00
1.802580178454667115e+00
1.736676201759745020e+00
1.774936301112444159e+00
1.827185076756874027e+00
2.021478008734945764e+00
2.064852742299180033e+00
2.083181670446603739e+00
