4.264961199760035779e-07
3.385237938307176786e-01
5.503580718762858259e-01
5.880189280005653218e-01
6.884252769191575583e-01
7.981528863142942631e-01
1.012782138532448695e+00
9.155699367848300074e-01
9.539676939104024811e-01
1.157585873450921010e+00
1.153190847211039705e+00
1.279509955941577681e+00
1.430261965161257587e+00
1.637413172510308934e+00
1.625303831521364151e+00
1.480028946627450326e+00
1.490958408290242065e+00
1.879738561263320173e+00
1.865594941265005247e+00
1.751592089833517996e+00
1.613501085647988553e+00
1.514743509516557562e+00
1.536198812563188465e+00
1.804098420458286611e+00
1.734767878778730177e+00
1.787202689145197976e+00
1.828678209870578941e+00
1.785458820456783169e+00
1.818693852684457379e+00
2.033015920475431670e+00
1.927470299387981756e+00
1.924152334589203983e+00
2.154071922694968055e+00
2.196056331240066051e+00
2.040577681755868511e+00
2.087388681722799344e+00
2.101281240942263207e+00
2.321365270032239803e+00
2.314885317811754994e+00
2.357778414437963210e+00
2.175909797135782586e+00
2.209709293466011637e+00
2.226420296086402129e+00
2.185075080874417708e+00
2.203234049383572479e+00
2.205440970071041562e+00
2.210310470188919130e+00
2.334256767873241323e+00
1.984026193196989807e+00
2.156740533963146689e+00
2.244558321902532683e+00
2.060319848748332294e+00
2.055783398490107050e+00
2.130502003912148279e+00
2.171604618080123839e+00
1.823526931117057437e+00
1.991307544493475801e+00
1.947941847447885122e+00
2.086000382224983074e+00
1.976780992560943417e+00
1.988735476949280212e+00
1.901195802732400519e+00
1.905928336336667028e+00
1.879811643980387803e+00
1.805032891788610705e+00
1.945211239485408194e+00
1.706546343043947811e+00
1.745041141812682550e+00
1.637436930098350452e+00
1.632197879209867031e+00
1.588975988116462235e+00
1.653943361885740204e+00
1.489707375337242734e+00
1.691807401532251065e+00
1.573161928798878728e+00
1.705789229690060749e+00
1.845817826141541218e+00
1.860606633030780221e+00
1.794565751262721554e+00
1.748603963736142797e+00
1.949626623221561328e+00
1.839276466792637121e+00
1.935009493102628264e+00
2.018611443934765770e+00
2.054921457391758022e+00
1.858253674038166325e+00
1.819598249640456356e+00
1.789005499561304946e+00
1.973429010839482522e+00
1.954959448539519640e+00
2.021263480257952327e+00
1.941829957277018570e+00
2.070545228350085587e+00
1.965632601768777965e+00
1.994127993204988236e+00
1.847489389064765675e+00
1.899983510637688111e+00
2.040858706999479022e+00
1.886045144431991227e+00
1.944132073963029006e+00
