1.507891492923917490e-07
5.528269562323135933e-01
5.552238829138695930e-01
5.279410828042072623e-01
6.706553693212100598e-01
6.379027731583297722e-01
7.538434979966086580e-01
6.298304852877839588e-01
6.208060490182599755e-01
6.436911365322167677e-01
6.902273781690922982e-01
7.086504622683217347e-01
8.590223940086229026e-01
8.754022122130666883e-01
8.458043107709344310e-01
7.602219529453281277e-01
7.702270096573520242e-01
9.174365249135799649e-01
8.295324642643487900e-01
9.608002146830069146e-01
1.131649939031401209e+00
1.019970643099827212e+00
1.005036876585316152e+00
8.323616258455350803e-01
8.454496410984977395e-01
8.484473419002609429e-01
9.554591282977575872e-01
8.973545979261429162e-01
8.203354548820550596e-01
7.669574864200080500e-01
7.237395192121192089e-01
7.565990914393628808e-01
6.480779309470204863e-01
5.477806538956818683e-01
6.187188523182262090e-01
7.909367480862070643e-01
5.452467535372482743e-01
6.056456504602629742e-01
5.796824077174962397e-01
7.776342939387529407e-01
5.918457685504725507e-01
5.509924823277568828e-01
5.547617968257306797e-01
6.786577932130455348e-01
5.276868000516629076e-01
6.483159279187576951e-01
6.372184538197821491e-01
4.727602492720607841e-01
5.234863866783181496e-01
5.273158625830016710e-01
5.514372145063454189e-01
6.197023509600495528e-01
8.433063255111927781e-01
6.820503967948994273e-01
8.669258660098163594e-01
9.141960675832803140e-01
8.674850133162785859e-01
9.906297049728928217e-01
1.000662303650908136e+00
9.948286143202115239e-01
1.014288998734219405e+00
1.065586957845361393e+00
1.061702056506565128e+00
9.534375884056007777e-01
1.031158775484717127e+00
9.168131839709535713e-01
1.148880565322912384e+00
1.291961997649581528e+00
1.199511933823969700e+00
1.422587241415302461e+00
1.493788250377707127e+00
1.440495995623400027e+00
1.161871040715701797e+00
1.208797440848940807e+00
1.357028803440062159e+00
1.231186464024544680e+00
1.310202733428917465e+00
1.306561960314570614e+00
1.358825100183780776e+00
1.299787879672260393e+00
1.300739936643757977e+00
1.459191567609912532e+00
1.454785621875823276e+00
1.591132212999550655e+00
1.656275642167520656e+00
1.381995615767033003e+00
1.806465388409056461e+00
1.688730728737091624e+00
1.877235179610873939e+00
1.928840254951525113e+00
2.041508726449673183e+00
1.954457085778842140e+00
1.999298884131066600e+00
1.868219226099592678e+00
1.958198529318480929e+00
1.923242051971183253e+00
1.777922488586560767e+00
1.881651504755096127e+00
1.918280436503378539e+00
1.943635791181415495e+00
