1.507891492923917490e-07
5.801308743435522608e-01
5.909448377750924353e-01
6.132144134636992039e-01
8.583258657721516416e-01
7.311677957603129885e-01
6.994200024096255408e-01
6.202829092847759185e-01
6.896980824965135426e-01
7.390936263703412612e-01
7.796758614029173362e-01
9.265469279792035717e-01
9.345576606590414448e-01
9.713333098565919421e-01
1.168762694251009204e+00
1.178502079370350453e+00
1.150738764423488547e+00
9.880330338014801095e-01
9.270103021091968820e-01
1.461236282109967366e+00
1.465821027709966140e+00
1.695151092812122728e+00
1.741189922185506278e+00
1.755786988816536498e+00
1.832539711082561640e+00
1.985701431768649217e+00
1.917607751924999659e+00
1.873978227163853871e+00
1.887817076058690757e+00
1.846476621508591709e+00
2.094898990829432428e+00
2.136544769386083065e+00
2.026737931002556170e+00
2.071052181268906889e+00
1.969318324944429488e+00
1.882193906233724734e+00
1.961099941860350748e+00
2.151162073828075894e+00
2.183594903384579844e+00
1.994165651441840881e+00
2.034147108543675309e+00
2.027476155260754087e+00
2.223836332850233966e+00
2.089532906582602934e+00
2.007062539279725666e+00
1.972007621365708063e+00
1.818312006807627501e+00
1.903073166206081579e+00
1.525558964034145371e+00
1.643821753110088491e+00
2.045400214391125626e+00
1.872064600783329924e+00
1.820987417416725762e+00
1.842246978861472151e+00
1.719137555335692236e+00
1.745180156864355236e+00
1.660445952376726986e+00
1.785026449098982670e+00
1.663809961955247108e+00
1.768265718146985188e+00
1.697283505888669053e+00
1.854909804481853941e+00
1.699546833370026988e+00
1.859908963677161520e+00
1.937567563805814297e+00
1.738820113136331669e+00
1.884369544183782663e+00
1.958245540632344683e+00
1.900769361815347613e+00
1.898446797137534725e+00
2.000940182766696385e+00
2.049582058953032249e+00
2.064294818024942746e+00
2.086067629335331741e+00
1.947547124325001322e+00
2.095314040237225228e+00
1.992326890966348962e+00
1.894657829409186256e+00
1.946729372055051810e+00
2.048442067766132357e+00
1.998492488186716765e+00
2.019689371478383233e+00
1.927741087032752265e+00
1.763475070068070805e+00
1.909582459227286977e+00
1.937001681519766594e+00
1.822024781841663055e+00
1.815604158595322204e+00
1.982778337466542196e+00
2.135411230450398268e+00
2.030477996095250148e+00
1.850923199902257732e+00
2.111886005649279863e+00
1.866721072012804905e+00
1.964131826570840955e+00
2.014064797526818218e+00
2.087785088962206714e+00
2.169881464417859007e+00
2.021773339071066378e+00
2.151894508324020183e+00
