0.000000000000000000e+00
4.259312035440711575e-01
5.738398565305702359e-01
5.241593288615122859e-01
5.588296306952493797e-01
6.423508238823021355e-01
5.324883799517939886e-01
6.084006496727869528e-01
6.661715537653201125e-01
6.954500891502513049e-01
6.635095907824006822e-01
7.501922895826408366e-01
7.536954863344759170e-01
7.822264313499028843e-01
7.621848261353233456e-01
7.653857925579801158e-01
9.049470209849351798e-01
9.475364664877466980e-01
8.331994748320832311e-01
8.502007236796925715e-01
9.581347587528642462e-01
9.615665847320535864e-01
7.995116232751880991e-01
7.579989640812033747e-01
8.350819583720103800e-01
8.656475746490855938e-01
9.475000066960034273e-01
8.828525711296625333e-01
6.071727697369028176e-01
7.941561636196348140e-01
8.506122539339584510e-01
8.180033648625586462e-01
1.071310528517179561e+00
9.571601742958839587e-01
9.435267971335810078e-01
8.644959086483109401e-01
9.097665169176952782e-01
8.778149120262721539e-01
9.014911825816075419e-01
9.730094323972816595e-01
7.629229408959830039e-01
8.935005211718012319e-01
8.324810264083493117e-01
9.191320557253637169e-01
8.676180239735054034e-01
8.677989208052585557e-01
9.379047368568040888e-01
1.232542172558517057e+00
1.201203982657217839e+00
1.218177393733582914e+00
1.274916872290705161e+00
1.139219255017598131e+00
1.337366905234272929e+00
1.385264136269617197e+00
1.309922349213662462e+00
1.298705519635366290e+00
1.301837399560263675e+00
1.298739242744517242e+00
1.286255164215646563e+00
1.187981213442005135e+00
1.263362029120104646e+00
1.124201620143729485e+00
1.126248487298501022e+00
1.177781086057852589e+00
1.157239073133453200e+00
1.391269964377576773e+00
1.520344015095880907e+00
1.379271843629155336e+00
1.454688921252508038e+00
1.384119254518359377e+00
1.405516391817969168e+00
1.445780199034237823e+00
1.457686630382556414e+00
1.539557110960195985e+00
1.450654838234393562e+00
1.365756989196586835e+00
1.447559231701153193e+00
1.329438048655771976e+00
1.367860013964309340e+00
1.400445853652826589e+00
1.421821384693594092e+00
1.156398337613818272e+00
1.111728683790980776e+00
1.183845314998035025e+00
1.124553341969707576e+00
1.123568561906900909e+00
1.317615894488613160e+00
1.355309794258249934e+00
1.356597919177642719e+00
1.301163515084688305e+00
1.251531228165250642e+00
1.408475318605029170e+00
1.465567600140405213e+00
1.455097480348055194e+00
1.544414372257837842e+00
1.393670802476334680e+00
1.571979664932781517e+00
1.543522446492191502e+00
1.730593884897015933e+00
1.740690814949997778e+00
