2.132480599880017890e-07
4.740650392416249082e-01
6.993200728072216377e-01
1.026412129635660975e+00
1.104424133707171185e+00
1.049635081278182280e+00
1.217412356816641283e+00
1.344922140460892201e+00
1.474354261771485763e+00
1.556428156695103038e+00
1.436852757436537953e+00
1.457637162184086010e+00
1.288356248594758169e+00
1.423352816056812742e+00
1.334261607171607800e+00
1.233204269413084697e+00
1.436535128417895768e+00
1.514019296078056964e+00
1.754028195899466347e+00
1.848693690393929501e+00
1.925330199351103388e+00
1.929261087891743554e+00
2.053171878839693321e+00
2.002795317095912520e+00
1.975350403170224922e+00
1.978884736885191842e+00
2.049714454368473326e+00
1.964064238412609686e+00
2.083366900620070350e+00
2.198888595585993588e+00
2.212799310392760788e+00
2.452667031050024704e+00
2.058808540977969503e+00
2.009090645571575795e+00
2.115832312639573054e+00
2.093106686117306658e+00
2.107779869807444140e+00
2.211864753977860865e+00
2.326206928544770847e+00
2.392375369169665422e+00
2.515428255955667325e+00
2.364364567442251097e+00
2.439765009304013077e+00
2.503729716951674789e+00
2.565984716155111478e+00
2.814583486092145481e+00
2.635932850718988085e+00
2.634995995790828438e+00
2.587582959584297626e+00
2.622713755444245454e+00
2.721802904384586164e+00
2.760863851202856711e+00
2.956437005202670054e+00
3.059544179313848478e+00
3.197782963474290252e+00
2.828302812212373674e+00
3.112341318412240820e+00
2.975752249885335488e+00
3.011622002453398395e+00
3.374772400524546523e+00
3.395605057970533913e+00
3.234574565072143137e+00
3.354597125266992830e+00
3.318049372836564537e+00
3.069873344482351829e+00
3.014160430530460122e+00
3.049203090927580906e+00
3.162309500080391356e+00
3.125346770885811587e+00
2.874603277245229016e+00
2.927736743914971296e+00
2.824960917696929474e+00
2.467290615470582260e+00
2.373224614274951350e+00
2.508015370312680847e+00
2.326587776359554827e+00
2.065478660585011284e+00
2.187309012725020096e+00
2.258410949860964578e+00
2.318970294943180299e+00
2.290787658820061079e+00
2.441193814987109967e+00
2.655327687288814076e+00
2.615365793675516581e+00
2.585064127142743029e+00
2.304425632273228164e+00
2.386222187060289546e+00
2.565021764876806554e+00
2.362619672682095828e+00
2.329415501089965979e+00
2.430032307637021383e+00
2.321845668713512278e+00
2.264833797387554082e+00
2.152017402330395957e+00
2.191824640957843684e+00
2.180930013873080053e+00
2.246328338129724322e+00
2.263035671815673222e+00
2.283141871772921938e+00
2.491921310603779638e+00
