7.387129490294298213e-07
4.745396151167060594e-01
8.383651422031853651e-01
7.951058516101795481e-01
8.494422274639368275e-01
7.859517289037628585e-01
7.902676522309735052e-01
9.132816797145248966e-01
9.160961992300166168e-01
9.887944631469581802e-01
1.101975380286952744e+00
9.785666227687948027e-01
1.074025721476300932e+00
7.930065092233905544e-01
9.037829751258380506e-01
1.010969983245142867e+00
9.954377768117455005e-01
9.083357433009693338e-01
1.139060268010938737e+00
1.316697912077223975e+00
1.054158883950546910e+00
1.152690703860030030e+00
1.100056689361251339e+00
1.255128253571793584e+00
1.300463156999462244e+00
1.282950114221862670e+00
1.516460617995751159e+00
1.426721959845310694e+00
1.476908340860517699e+00
1.587575464730391239e+00
1.614633966442144963e+00
1.722477182535273821e+00
1.695837546829901621e+00
1.598934880003295866e+00
1.616870577517895313e+00
1.652695878766426096e+00
1.434777661160956175e+00
1.382979208964209894e+00
1.514037069633182631e+00
1.514563973241115136e+00
1.768890549468822071e+00
1.750496740546134466e+00
1.796786978829511439e+00
1.524371424640414974e+00
1.819054944280678487e+00
1.648262022612079214e+00
1.591493009454698404e+00
1.606265786856814204e+00
1.450842074261054382e+00
1.435102170425973434e+00
1.620272915892890797e+00
1.377558399990624904e+00
1.509092573054790609e+00
1.567821322834352715e+00
1.502871386305957291e+00
1.477394012957050418e+00
1.478087529123877975e+00
1.472719946630335786e+00
1.489311620443185991e+00
1.515914101646330892e+00
1.578930130104822860e+00
1.585033540365533566e+00
1.630516870975333488e+00
1.741265188445444645e+00
1.766623630584922333e+00
1.917037218186475211e+00
2.119152821688877975e+00
2.002476300287833411e+00
2.258400029310093871e+00
2.145553883542533846e+00
2.196336863847804022e+00
2.486015109961924097e+00
2.527657827515327416e+00
2.375741627734732742e+00
2.444413620735752968e+00
2.659340785184387990e+00
2.645933357408912112e+00
2.601603212852021230e+00
2.683742294414500851e+00
2.644635952188761685e+00
2.674260090536394241e+00
2.922267671210821760e+00
3.077060050400374447e+00
3.371456553064619222e+00
3.249275189332339497e+00
3.279347785052753483e+00
3.079503177566532024e+00
2.954411936747819212e+00
2.896262810826193856e+00
2.950168818479058874e+00
2.859581457945177707e+00
2.920834429766511420e+00
3.127813797305797561e+00
2.796328572570617954e+00
2.629859508243086452e+00
2.595809750963615770e+00
2.595044008119739676e+00
2.737174046329171606e+00
2.486942776439553526e+00
2.434275755332232727e+00
