1.507891492923917490e-07
3.868502731017717799e-01
5.306090766251704283e-01
6.312247414354351660e-01
7.238296402023243203e-01
5.389352981038234569e-01
5.228540476250718161e-01
6.880960336092621921e-01
8.647308246094803641e-01
9.254575025282733014e-01
6.051613094266233839e-01
6.985172412344287096e-01
6.394263121761165625e-01
7.779234825093078731e-01
9.297269973221518047e-01
8.063824667474661645e-01
6.913257156007904802e-01
5.893040826941039478e-01
6.143620892403489631e-01
4.851876898452911480e-01
7.496008529792732578e-01
8.047368030580989151e-01
8.137027524503374076e-01
8.775125347484586946e-01
6.713188132096409300e-01
7.302024248296158371e-01
8.728375671906383193e-01
8.495274361756409709e-01
1.005919400556616772e+00
1.130108549826501108e+00
1.025947362536950624e+00
1.057802478182145345e+00
1.165298515828600667e+00
9.208894043223133652e-01
1.195204711513734086e+00
1.339825710077680920e+00
1.506613187550565502e+00
1.445687144652386680e+00
1.225056127905728154e+00
1.202078031596372609e+00
1.164727501130769838e+00
1.153641062203319745e+00
1.159816486673024283e+00
1.120946524364111463e+00
1.104470278483003387e+00
1.175923079127356496e+00
1.395553204228074273e+00
1.371869237596792912e+00
1.268210030018835921e+00
1.492185659123799413e+00
1.379699261924050235e+00
1.193888653579919135e+00
1.316326037033052510e+00
1.339015528331989335e+00
1.358915398525643692e+00
1.404289290284931768e+00
1.527647027377239564e+00
1.376861341073290390e+00
1.315982183734443423e+00
1.390676460655770885e+00
1.376908641997222738e+00
1.351363903614900996e+00
1.571669908959920869e+00
1.451951708561031174e+00
1.252310577366629207e+00
1.014382753557717454e+00
9.925822232476152474e-01
9.319441534585345410e-01
1.102751217924944793e+00
9.558700807563016433e-01
8.618045417153442633e-01
9.597755508458876150e-01
1.157579608726438947e+00
1.004710765917554482e+00
1.096851544171393744e+00
9.723323775144336878e-01
9.894486145067125094e-01
1.220248285661340581e+00
1.194692524341049555e+00
1.149862066851569331e+00
9.688608504094602392e-01
9.807582268271924919e-01
1.037902120770464842e+00
8.818643915074281248e-01
9.768156688445093216e-01
9.525101610180142231e-01
9.714801475587339086e-01
8.810667508988970775e-01
1.006067153179911688e+00
8.544406400735073959e-01
1.101469839521619143e+00
1.164958817468881636e+00
1.174765257738254576e+00
1.124608174984476294e+00
1.293811641331374496e+00
1.080403466048428518e+00
1.064875076092768547e+00
1.107900923247480796e+00
1.148376448009387651e+00
1.155883585597455188e+00
