3.693564745147149106e-07
5.618756696915681026e-01
7.594134690131641996e-01
7.377187125882627150e-01
7.139240541779673377e-01
6.106399876506648505e-01
7.009370896515463301e-01
7.843797265909151495e-01
6.726277887476131978e-01
6.749600927136790718e-01
6.811090397447596700e-01
7.960977834980762502e-01
7.946187700511909702e-01
7.183653708819951467e-01
6.259014508046670811e-01
6.461933748909381992e-01
7.689087906798037775e-01
8.358207040300903445e-01
7.682703574496304588e-01
9.635471085610648467e-01
1.009507294042865322e+00
1.041414589321396633e+00
8.737941403526372497e-01
1.072547311302557205e+00
1.294205160605451876e+00
1.190878825737474722e+00
1.136245080917551498e+00
1.051296416697008462e+00
1.236502944880272459e+00
1.367572095672773713e+00
1.488644614661734034e+00
1.544403055076942755e+00
1.376808767582173187e+00
1.615768557916175352e+00
1.685156442474222471e+00
1.651477695360241027e+00
1.779951922885593341e+00
1.796302057509717498e+00
1.788051795319973492e+00
1.638290103359065775e+00
1.700046404011339218e+00
1.433819891116182355e+00
1.465352589979026510e+00
1.237529540456349331e+00
1.282744489105340779e+00
1.406055032791654114e+00
1.402214784494460131e+00
1.261420998310904373e+00
1.182687954222838789e+00
1.151967642587534257e+00
1.361444306204188548e+00
1.366998854351656023e+00
1.763836631072956962e+00
1.709973087203371156e+00
1.899869521390186611e+00
1.850001269540380466e+00
1.752133080660936537e+00
1.949637662294309015e+00
1.989385896406684617e+00
2.205537398989219522e+00
2.066148014727011706e+00
2.216417278862749196e+00
2.161330298341056277e+00
1.967437828852472981e+00
2.154241656999174026e+00
2.289680940393677311e+00
2.084684553851603006e+00
2.391664677061927868e+00
2.196878891767600983e+00
2.441864314912085110e+00
2.162643126904458590e+00
2.270236595549475656e+00
2.239298751128624865e+00
2.055429488665462046e+00
2.189859142045170959e+00
2.047634843034614960e+00
2.009699683601520181e+00
1.979625512501190343e+00
1.866435872023750608e+00
2.022496704443330184e+00
2.034657190728246245e+00
2.078674371115260655e+00
1.954522754208994906e+00
2.091898398782668700e+00
2.394550669674064824e+00
2.420576496105763198e+00
2.338962713622783962e+00
2.400807984972563869e+00
2.259422583305634280e+00
2.561308590292976639e+00
2.509870028559986199e+00
2.437192382628194931e+00
2.403164832817545005e+00
2.230775630476731219e+00
2.273100481778277171e+00
2.256819608028949098e+00
2.391814796042486702e+00
2.323975224141204610e+00
2.504847573037977337e+00
2.372883140190567008e+00
