5.642013342952361972e-07
5.084240886407733750e-01
5.530181951098088744e-01
5.607779373772333598e-01
5.500360141636119193e-01
8.671405237101101893e-01
1.007918541570703708e+00
1.177682999567407629e+00
9.726515147685855789e-01
1.006588875264904592e+00
1.023241204231325252e+00
1.010907118751498857e+00
1.154946741019306611e+00
1.247072157465447750e+00
1.314110955192195229e+00
1.171766518828601278e+00
1.150414243289090255e+00
1.205167746575862786e+00
1.081591442064064434e+00
1.158065595005989268e+00
1.312891418198080640e+00
1.374033615666250929e+00
1.505440721747536292e+00
1.307536781355256750e+00
1.253839645765292499e+00
1.346569707532238480e+00
1.492002436116661723e+00
1.349067819339889285e+00
1.485420804804408190e+00
1.776342969359191670e+00
1.932642370603269377e+00
1.681830772140509689e+00
1.740671589244509931e+00
1.609686870472299303e+00
1.544277746692352071e+00
1.535632357075363386e+00
1.452367710289642178e+00
1.370006479463401705e+00
1.379274349625055462e+00
1.536705207330783862e+00
1.415360808180302410e+00
1.321998143721190067e+00
1.433366919100017789e+00
1.341629188479288359e+00
1.508049898205207073e+00
1.519300833132563477e+00
1.615304718081101987e+00
1.518382828835590725e+00
1.608465365394042390e+00
1.620523768518934649e+00
1.873018803351418793e+00
1.676930402066734604e+00
1.656160986254189948e+00
1.554984384068722525e+00
1.415830827966521932e+00
1.574814627340061612e+00
1.490477181676861607e+00
1.511597646688618068e+00
1.711912764458615177e+00
1.380713081703379252e+00
1.214038990202149115e+00
1.320103776099821991e+00
1.349616623416573402e+00
1.291173784218729192e+00
1.280700335318260219e+00
1.474033498859266711e+00
1.674985393919677046e+00
1.447089131539849971e+00
1.423674427833584444e+00
1.454078413123418345e+00
1.711583721869512020e+00
1.826384608911137075e+00
1.704180215039727386e+00
1.784237322149010208e+00
1.808949932708465269e+00
1.751401995233453857e+00
1.782528746993072177e+00
1.999218696632333758e+00
2.243232729112561774e+00
2.383925522597583502e+00
2.645219289092944237e+00
2.431603434057923785e+00
2.545223334599526321e+00
2.505223149057762111e+00
2.627492386348643905e+00
2.406865399854341003e+00
2.736469076841685055e+00
2.941565992776494998e+00
3.062829065481192270e+00
2.878797330914867114e+00
2.870203346903942521e+00
2.811609383397315032e+00
2.923265171053345046e+00
2.858425799389911592e+00
2.972675017056143343e+00
3.025265849678680841e+00
3.062337597155535551e+00
2.981047005888824319e+00
3.054025801101550197e+00
3.019970412680902161e+00
