1.507891492923917490e-07
4.989928599736778714e-01
5.669978159203563628e-01
6.563672662677816350e-01
7.360222780771223938e-01
7.165640186875683604e-01
7.421369276742045828e-01
8.124422745396613355e-01
7.397314797806590070e-01
8.660488090454721011e-01
8.476938285986392874e-01
1.004211502029333181e+00
1.052344360439730897e+00
1.062179086997350197e+00
1.034239186620109940e+00
1.076325995389842971e+00
1.003473671543486212e+00
1.000268234147301705e+00
1.177380719440866308e+00
1.014091722513839722e+00
8.818017475470834032e-01
9.164960156162574867e-01
1.119183618209568909e+00
1.167439494054679061e+00
1.524435363724262027e+00
1.416690755660381162e+00
1.501139229695294786e+00
1.264780775465965457e+00
1.142503248453674125e+00
1.262262374877040516e+00
1.300570887029897982e+00
1.275190831243212308e+00
1.151668611542692844e+00
1.029520680382606024e+00
9.153008762565475465e-01
8.249655981733743371e-01
8.177842962794384940e-01
7.985957949444106863e-01
9.166215075578512117e-01
8.421104600497107961e-01
9.685424749788098531e-01
8.914253578174941017e-01
8.745960866275253043e-01
9.478615092651391238e-01
1.063913283605317117e+00
9.036589453191787857e-01
7.931268952659160654e-01
9.378625363261339221e-01
8.943393831550798811e-01
8.577104395244882218e-01
9.735072302950210643e-01
9.438878805031983843e-01
8.600389108041958108e-01
1.037954939161210399e+00
1.184757682019531799e+00
1.247917510435286648e+00
1.256291556949975963e+00
1.093718582991496380e+00
1.225315887185604469e+00
1.109811224285000231e+00
1.112611998969633698e+00
1.050257718334603130e+00
1.129874755949623832e+00
1.030243315986367314e+00
1.060064838462877690e+00
1.141709020444023226e+00
1.318107583526555215e+00
1.368570441474287191e+00
1.381251862196073432e+00
1.448693064560106603e+00
1.374314896165919953e+00
1.271634120613011287e+00
1.216166813968346583e+00
1.089603151019080673e+00
1.197254462257863805e+00
1.118504962933979163e+00
1.055734716676572260e+00
1.075598427384136579e+00
1.052519105156827228e+00
1.127809776775632544e+00
1.293595489945636334e+00
1.128928066021017473e+00
1.221122683492333216e+00
1.237811459075724096e+00
1.251779867512243349e+00
1.284767333062771133e+00
1.261400586253211609e+00
1.246092048363633298e+00
1.206286854750472592e+00
1.135280761275356598e+00
1.089438496353518193e+00
1.089499294943202079e+00
1.123507042053085270e+00
1.111767842737351852e+00
1.146722838699872238e+00
1.153740615715660667e+00
1.236108945364839284e+00
1.417225882837635176e+00
1.208318848739761808e+00
1.325479407921178909e+00
