2.132480599880017890e-07
4.193435749475270535e-01
3.085076942926034405e-01
3.549770282159788737e-01
4.050138947470206530e-01
4.229408478248600778e-01
4.902128499376391946e-01
3.770376931805827780e-01
5.780678908878833511e-01
6.610134236675510033e-01
6.860374759569376479e-01
6.770337095275750228e-01
8.459754080123476072e-01
9.618439612916073189e-01
8.847561868362930904e-01
8.277909914074564890e-01
6.815513413272278331e-01
9.077016640396965430e-01
1.054234580681447042e+00
1.060784764880239539e+00
1.278775456367656993e+00
1.210725387089984340e+00
1.266352011999763771e+00
1.202384273564611750e+00
1.196100302814272265e+00
1.042589012538202686e+00
1.193616378740686601e+00
9.465801156392903426e-01
1.031410320541592984e+00
1.063351419670514941e+00
1.013503208804114042e+00
9.882012642072438569e-01
7.387316254322234821e-01
6.990458277596320880e-01
6.681981548735004273e-01
8.305457453277913515e-01
8.034054867331434924e-01
6.595045747340361197e-01
5.930649790768984797e-01
6.554700648493204662e-01
7.493355032163409035e-01
7.408860107344023005e-01
7.725130513052687053e-01
9.031779623545735936e-01
9.365628646590691275e-01
7.357329528493578019e-01
7.697298554529560244e-01
6.821351070031347330e-01
7.408410572515301551e-01
6.718310937911228242e-01
5.001650023304140547e-01
5.954687588676357279e-01
5.213144669123427333e-01
7.235800394864235763e-01
7.568414122472003625e-01
7.803780131005892962e-01
8.750016373318703078e-01
1.000317883259200125e+00
9.588600883778609640e-01
9.237187932059377493e-01
8.451513437423463504e-01
1.153181166255862200e+00
1.130289242522851900e+00
1.042173481984429495e+00
1.071416307880311392e+00
9.347360291901520846e-01
1.114515747830100212e+00
1.021731509241265989e+00
9.127964591537678363e-01
1.049593909496438604e+00
7.653636848416666139e-01
7.896929911421352033e-01
7.176282842207628576e-01
6.046272349572340277e-01
6.766059381406109852e-01
5.593537493749554113e-01
5.599159656493084558e-01
7.265552818165487148e-01
7.218779313049435986e-01
6.130468311427568207e-01
8.441123903878656742e-01
8.230306671192786361e-01
7.165613412693953022e-01
8.311353465525679329e-01
9.414599248543913390e-01
7.701455140085543549e-01
7.792139812596097226e-01
9.211388614269786501e-01
1.066248620992030549e+00
9.349789243914276016e-01
9.901819364102339982e-01
1.063190381736030421e+00
1.002404153697259215e+00
1.150576786502734317e+00
1.073145563330419661e+00
1.072008513505007254e+00
9.372769966511959039e-01
1.007796396035432585e+00
1.085355080600922895e+00
9.962672444393587678e-01
