2.132480599880017890e-07
4.187152037793041570e-01
4.684751543391667550e-01
6.583664860269637931e-01
7.149976591382050106e-01
6.775658773897615950e-01
8.785090172554022026e-01
9.451594217330030467e-01
7.457997912075079450e-01
7.265519101196592500e-01
6.838971302033648447e-01
6.460571903220656553e-01
8.019924540244983691e-01
6.280926414781128342e-01
7.384290046015923314e-01
6.490216641061353764e-01
6.592645365050834316e-01
8.913700105327814205e-01
8.690561692486685752e-01
8.920938090106165230e-01
1.043862795734716187e+00
1.018580339336456531e+00
9.499382272646402781e-01
1.007515799503936771e+00
9.404938070190994592e-01
9.785538146716892260e-01
1.004208225767838192e+00
1.129676913147490636e+00
9.372781159584158139e-01
7.952681222502219205e-01
8.611386978303753326e-01
1.030097468984616738e+00
8.985544726125667125e-01
9.714330607995254052e-01
1.087071328533769421e+00
1.321088088879811551e+00
1.334948064445748539e+00
1.393293486424744154e+00
1.247303502152662613e+00
1.334887436787572046e+00
1.135990650229836252e+00
1.079229162191758018e+00
1.121746205473616698e+00
1.155977924331618611e+00
1.196952982197209137e+00
1.211414836424362429e+00
1.345920372173916801e+00
1.520650653691335785e+00
1.594435541310401439e+00
1.453081501946436926e+00
1.328892134668001157e+00
1.281797074093529387e+00
1.298022332108943466e+00
1.237046279796039538e+00
1.286633647914388945e+00
1.396188878443548775e+00
1.300390171127989269e+00
1.321785047106226685e+00
1.195955563433592994e+00
1.296853070226171356e+00
1.391322122008955997e+00
1.401052760828374932e+00
1.583758271032792653e+00
1.478847467682787409e+00
1.534777639617007416e+00
1.582149142682925946e+00
1.453894920658369339e+00
1.479481328150643149e+00
1.602431871338925617e+00
1.539100119816686041e+00
1.541343233122252077e+00
1.774324846378181109e+00
1.838158121543905787e+00
1.946676182377076403e+00
1.764183394725018283e+00
1.590987414125440758e+00
1.725126052360483442e+00
1.802140707853650881e+00
1.642620530768248210e+00
1.830896277724549659e+00
1.770763127629120026e+00
1.834354816548353639e+00
1.609350462816885541e+00
1.549278361707896012e+00
1.517299567770830526e+00
1.575161882822009529e+00
1.772009740559302049e+00
1.751412126204397790e+00
1.988821924931057028e+00
1.894471374099601313e+00
2.100740103815885274e+00
1.928536512534766656e+00
1.865960425686505886e+00
1.717375705960668020e+00
1.759187139269239308e+00
1.628006357398033899e+00
1.788359707413347932e+00
1.647813933832192435e+00
1.560895752734843045e+00
1.632571499522548431e+00
