0.000000000000000000e+00
4.615727661943958005e-01
5.102983475427337323e-01
5.758652639012243890e-01
8.065557251793412652e-01
9.396471761782498877e-01
1.096537337797838463e+00
1.491715740620798369e+00
1.726014491257146233e+00
1.789693670001576198e+00
1.937664030442009189e+00
1.982511423287984575e+00
2.027891802445702663e+00
2.208940241152033135e+00
2.008446086084719973e+00
2.120538757192221624e+00
2.187375325015362471e+00
2.239418871209172934e+00
2.173347096347699736e+00
2.415743795654256232e+00
2.453192127711587123e+00
2.486214350523960448e+00
2.491514956455855856e+00
2.210809127462066037e+00
2.269465261862323224e+00
1.952306007294454249e+00
2.281781548850514429e+00
2.291668537190221233e+00
2.443802836017456404e+00
2.406797766517422943e+00
2.603957419751918412e+00
2.721736889570946172e+00
2.835113881690734416e+00
2.671291570316628672e+00
2.764873602720187673e+00
2.583417741268767998e+00
2.820669839104631205e+00
2.954527727184990127e+00
3.009590076314035745e+00
3.131957668596515809e+00
2.983412687877400327e+00
3.004373346697573055e+00
3.014035884694259870e+00
2.699028405379638951e+00
2.559852536654429134e+00
2.533007560209118214e+00
2.433986788158649439e+00
2.781366061838465242e+00
2.648150041759916640e+00
2.639030023946813852e+00
2.574632147212678301e+00
2.668799059944087837e+00
2.510373816498826738e+00
2.485645061926187172e+00
2.460079996303392580e+00
2.490412087748908210e+00
2.602356559454910734e+00
2.719229297024288616e+00
2.538513334010328748e+00
2.628369751054783876e+00
2.560673729236655927e+00
2.575273585397770404e+00
2.448729941508994479e+00
2.526693667704968060e+00
2.530271047194010414e+00
2.547524835649202846e+00
2.484719253100900360e+00
2.383261849345279071e+00
2.323381266093476505e+00
2.242074424428031953e+00
2.340881930988956139e+00
2.490504032633002574e+00
2.268493983198998531e+00
2.452246991954592836e+00
2.379064082508706601e+00
2.417048542807949119e+00
2.440480323878769120e+00
2.395613013088407239e+00
2.335228402258675118e+00
2.557841321664048539e+00
2.464056752667752370e+00
2.516711256980688649e+00
2.649318474462093675e+00
2.639874009065394045e+00
2.697720230130127295e+00
2.904503743996214027e+00
2.718219099690131646e+00
2.666111969357776612e+00
2.325135451668860931e+00
2.295777847876168565e+00
2.153871106822959014e+00
2.277804952645840597e+00
2.243104611744612065e+00
2.245252774954655361e+00
2.238218082967124101e+00
2.371091513568487574e+00
2.489167761088037167e+00
2.500563229600053727e+00
2.518271203563415384e+00
2.640316389975702727e+00
