2.132480599880017890e-07
5.233969973075195403e-01
7.151665389652777094e-01
7.457873265685344144e-01
8.008620402457223841e-01
8.365874990443776804e-01
7.375825355952609907e-01
6.490250446776110183e-01
6.890884857704184796e-01
8.539401065131889679e-01
1.001823409495066430e+00
8.600651905997852564e-01
9.524818436932314114e-01
1.026698443207145539e+00
1.025897208783270953e+00
1.007830924727608268e+00
9.015718246310097106e-01
1.055915262251633679e+00
1.116037933447981523e+00
1.060197509831526608e+00
1.217234861064893092e+00
1.318722753913177614e+00
1.281414976959113661e+00
1.234620644679415236e+00
1.275037087711145878e+00
1.407292583928567486e+00
1.362905092008133368e+00
1.380410180836507683e+00
1.351673831416382088e+00
1.335065467238998549e+00
1.418224857910398207e+00
1.461449001419618865e+00
1.293483116416906498e+00
1.311481297483879649e+00
1.296532882308583545e+00
1.316279204586052964e+00
1.388424980499161077e+00
1.509310240175371076e+00
1.530599802088681072e+00
1.693636176577939967e+00
1.483316197946513926e+00
1.447592697619941804e+00
1.569246346296709449e+00
1.491216091134922372e+00
1.617973873988909128e+00
1.694568526191476021e+00
1.703456839608740614e+00
1.660584721888287874e+00
1.484304799828605193e+00
1.690940673310595166e+00
1.599541100878749011e+00
1.718590876688015134e+00
1.824393861142104445e+00
1.821870397552830978e+00
1.849670653465766978e+00
1.660621375004044165e+00
1.656869016098449832e+00
1.495822685801702745e+00
1.763929906153394844e+00
1.811167678179970597e+00
1.794060945084581471e+00
1.683791295057867288e+00
1.834111852330335024e+00
1.969535699600788226e+00
2.203029352929497531e+00
2.176562666489282982e+00
1.901959917101415876e+00
1.931070404997261125e+00
1.998706090791657841e+00
1.923146304960718700e+00
1.869998173863612889e+00
1.875114432393182762e+00
1.765892702010415372e+00
1.608671150686845630e+00
1.660802353750280069e+00
1.562018771672984974e+00
1.675107975664665405e+00
1.734553602588557730e+00
1.796491136683347811e+00
1.691763985054925756e+00
1.696544045787752975e+00
1.586210016409705936e+00
1.623583446991950119e+00
1.580250917373744235e+00
1.480331196075724387e+00
1.288937889696507355e+00
1.314091125853847908e+00
1.177305387792875635e+00
1.338697744586661909e+00
1.344039528934338312e+00
1.636255283695303930e+00
1.459547698050595921e+00
1.516060348326386586e+00
1.536796173101639962e+00
1.567905662986671222e+00
1.488804691590584817e+00
1.559106018250403958e+00
1.311610465368509670e+00
1.381967664850214383e+00
1.597393228763320572e+00
