0.000000000000000000e+00
3.980777679380180234e-01
5.348529549106508796e-01
7.052339048195402915e-01
6.978816724423904105e-01
6.882105911665262754e-01
7.991402851638816918e-01
7.242297615223467488e-01
7.586860394791169471e-01
8.246163912551121022e-01
7.155780733304674124e-01
6.533758317899779344e-01
8.556283009519880522e-01
9.110782731485308483e-01
9.220830474996085657e-01
9.011822474018602591e-01
8.432305193832628776e-01
7.958837762069809196e-01
8.943585911088716145e-01
9.939625200926416326e-01
8.727107447243822591e-01
1.031531535519063070e+00
1.361722961514790553e+00
1.190831180641215070e+00
1.092980570550927677e+00
1.059145234654742307e+00
1.131438498025203909e+00
1.034216011929698142e+00
9.442737125326668979e-01
1.027603471382325440e+00
1.152338387589762814e+00
1.177584491320689652e+00
1.248115396444900771e+00
1.159723526636897706e+00
1.220381753864052232e+00
1.243940118093576741e+00
1.146553251460303846e+00
1.374824521286446277e+00
1.359285081893638614e+00
1.303755204461184203e+00
1.109524328344084321e+00
1.049216007945100504e+00
1.179579588133865986e+00
1.097481475483494506e+00
1.236883350318044750e+00
1.251771122848950535e+00
1.353716299339340567e+00
1.251696732084322194e+00
1.308199357880835745e+00
1.184343008726602919e+00
1.209795597671656342e+00
1.116192615607032312e+00
1.236526106018200011e+00
1.382752094578148183e+00
1.363240871339125304e+00
1.259906026186377925e+00
1.177970748682374724e+00
1.323821852605101324e+00
1.383332026214332044e+00
1.327748052898365838e+00
1.291107516346030604e+00
1.377577585615498368e+00
1.547096676773739743e+00
1.547801050454907790e+00
1.455649175785395544e+00
1.388838236838698004e+00
1.383750262544455989e+00
1.264559170684881773e+00
1.327770683397437868e+00
1.456846698393736483e+00
1.464214690270282393e+00
1.267910414535146302e+00
1.389640279098675490e+00
1.572595494296174401e+00
1.427533867791033195e+00
1.602446951914809681e+00
1.533672081919959629e+00
1.507160969642800108e+00
1.788527513987000273e+00
1.927744407605129107e+00
1.833163103323734999e+00
1.849853666760044479e+00
1.829722841118212484e+00
1.996443185544685806e+00
1.967258010994034301e+00
2.242600547228161378e+00
2.090284913228804164e+00
1.921611403618040059e+00
1.965357895056166759e+00
1.752363127226994610e+00
1.720311948166878269e+00
1.754386844947970037e+00
1.743758896128495994e+00
1.706643059913233618e+00
1.656475240320645526e+00
1.592943984862432494e+00
1.577787471290069465e+00
1.636923830056051798e+00
1.617737280443269476e+00
1.764904749742102874e+00
