2.611744678045111057e-07
4.817833293413769646e-01
5.403606206498560161e-01
5.549084887789891285e-01
6.704767063748476863e-01
7.425547123562663554e-01
7.948140004301045280e-01
7.535757793338054844e-01
7.016963059294289984e-01
6.190585250238894721e-01
6.531607455901303760e-01
6.264465100334464243e-01
5.703918464547245160e-01
6.256431425033035509e-01
5.862986079818113261e-01
5.897941320631658879e-01
7.694332018525552597e-01
9.210630035979062713e-01
9.229699071368318020e-01
1.176383797309341395e+00
1.303154469490596323e+00
1.184615356184398616e+00
9.712761815460585479e-01
1.103339556063876570e+00
9.775604007975883247e-01
1.117192653446733575e+00
1.067880924877823601e+00
1.109846492942274887e+00
1.157634526547084652e+00
1.043131776511559305e+00
1.124152767309472667e+00
1.192180207661064140e+00
1.150224926521760560e+00
1.180263681558031630e+00
1.272729726977467113e+00
1.256984936140074227e+00
1.465726563750343381e+00
1.447017075204085623e+00
1.420680794248424750e+00
1.311473472238046778e+00
1.346961837998323475e+00
1.455279582217166690e+00
1.284859233458519823e+00
1.359722651846359431e+00
1.432758408114784388e+00
1.509005525001521297e+00
1.589095109098841885e+00
1.772523193539917274e+00
1.678135576561558651e+00
1.717848943839373588e+00
1.865257505419423589e+00
1.566717814546338960e+00
2.031086957036750018e+00
1.940674800848696480e+00
2.062079458444852076e+00
1.887122794838540285e+00
2.206146176500078493e+00
2.153390942697662069e+00
2.038827856019539198e+00
2.012684761163192615e+00
2.071681421632491915e+00
2.135873226399346070e+00
2.267185947036919558e+00
2.276289866224368463e+00
2.283533590410208536e+00
2.368564332748037682e+00
2.334427181541397278e+00
2.567801787180832740e+00
2.575401634245262805e+00
2.509891949368721065e+00
2.407019146213303706e+00
2.529437391281396774e+00
2.491124222686885936e+00
2.467055670320728478e+00
2.399643494266808563e+00
2.356277057068729253e+00
2.332822585114131986e+00
2.215383494533442743e+00
2.273384161525706659e+00
2.108584594939312495e+00
2.129408823852753763e+00
2.130484411151821078e+00
2.169606424235318798e+00
2.199793107674290038e+00
2.233684266892956405e+00
2.462519734170541152e+00
2.472845823591211634e+00
2.616827873117884451e+00
2.713386287151064113e+00
2.731960977031772320e+00
2.731666766195546714e+00
2.542184935355752184e+00
2.538845409499522088e+00
2.672194459712157411e+00
2.693794750270609661e+00
2.865174070012117991e+00
2.651477987802908665e+00
2.614350427318463232e+00
2.432579200781117557e+00
2.475817881718214597e+00
