1.507891492923917490e-07
4.749449253257756465e-01
4.941775173001465293e-01
6.636540230972346466e-01
8.773390605793019992e-01
9.139040829084631445e-01
9.335359628137233079e-01
1.145200706103671751e+00
1.014738941652494786e+00
1.264283517577002192e+00
1.210293760011438957e+00
1.405381079521128340e+00
1.273713092616507891e+00
1.126826497330212229e+00
1.376499580523036226e+00
1.307271099984390395e+00
1.209417437082523916e+00
1.305209415104046755e+00
9.383252462856745968e-01
1.409008785200321690e+00
1.475468396677297234e+00
1.504613590533166123e+00
1.444172399471616020e+00
1.805797514224070976e+00
1.784345043008869425e+00
1.680231283570859935e+00
1.835067726850298175e+00
1.980931815840594856e+00
1.959629037532251150e+00
1.995069999036158892e+00
2.030888549430173384e+00
2.279238542648357679e+00
2.068999722716450496e+00
2.185977951563694788e+00
2.241614047314553382e+00
2.225122833265347655e+00
1.820404280331599622e+00
1.866401497932759224e+00
1.768577321747169862e+00
1.905524922200584781e+00
1.884610510619884938e+00
1.699042735735756482e+00
1.828060832803590552e+00
1.875440965036192065e+00
1.905031320087465563e+00
1.998556187136765860e+00
1.972053332493571620e+00
2.191123038600345296e+00
2.021596052855257231e+00
2.196730763729905167e+00
2.298196518213901474e+00
2.081429812749653330e+00
2.155139838682622599e+00
2.211279290760210348e+00
2.451122086067106132e+00
2.484316334156116746e+00
2.345414612464049142e+00
2.415696765187503647e+00
2.363318088956383622e+00
2.365018724707733888e+00
2.515430472382744753e+00
2.591037415196896010e+00
2.725717914906383044e+00
2.821579113825715357e+00
2.780967559282460311e+00
2.642162970577119019e+00
2.959542689206584143e+00
2.837044594884210902e+00
2.957909751176522217e+00
3.086669340065766320e+00
3.048859861698694829e+00
3.205359573485307756e+00
3.293052673859552915e+00
3.562319789618082044e+00
3.458448186606513541e+00
3.547180416273405967e+00
3.402289558845006834e+00
3.561347378261082497e+00
3.773173092161182129e+00
3.558493670524723651e+00
3.617083559954492600e+00
3.953055854478752629e+00
3.840316801472505759e+00
4.131800475545399642e+00
4.222151429509949594e+00
4.208232677674545563e+00
4.448995477351791905e+00
4.340366731497199204e+00
4.404918080268522829e+00
4.287627893449781347e+00
4.041573145576140114e+00
4.248369780560444120e+00
4.217519755426436312e+00
4.340592750966200342e+00
4.175415933195230522e+00
4.159415447287997836e+00
4.230722660924904233e+00
4.227461552787820764e+00
4.047633692171729081e+00
4.076104738192816157e+00
