6.031565971695669960e-07
5.901901428395761595e-01
7.109110942043882497e-01
7.058115524557074805e-01
9.563861490270744170e-01
9.102897728705957592e-01
7.875323018261595198e-01
1.004974025065595189e+00
9.847729331634516026e-01
1.177458823116898312e+00
1.188000902707353701e+00
1.405596752852170450e+00
1.345018147936644315e+00
1.313805447778953805e+00
1.089729076462854440e+00
1.146693535685204379e+00
1.171319243798397247e+00
1.235247537983984456e+00
1.358268619865469651e+00
1.397027444071613278e+00
1.372886215463094528e+00
1.518473785864747461e+00
1.656583381494855400e+00
1.860184902759877135e+00
1.700565240648084009e+00
1.824679345310777467e+00
1.751539262893878623e+00
1.632277725575190130e+00
1.453318217299023996e+00
1.483722711193883104e+00
1.441097911506611595e+00
1.429156671108094523e+00
1.433623808382149534e+00
1.520936319691283956e+00
1.519430918680507947e+00
1.665599783137741374e+00
1.850856868096234509e+00
1.793316185021275988e+00
1.731597696630200467e+00
1.816178112153242763e+00
1.919775668120257350e+00
1.954382110273261697e+00
2.069647120600466739e+00
1.996850560650685225e+00
1.993528675391591287e+00
1.972263167828074204e+00
1.632109007943379986e+00
1.708668050198017152e+00
1.796877925301742840e+00
2.055671924671570672e+00
2.037350802726022980e+00
1.779827196976598858e+00
1.887161379987561061e+00
1.883130568098467794e+00
1.856763442032962175e+00
1.915877545575899177e+00
1.916212533185584377e+00
1.769732329846166463e+00
1.860594513693869745e+00
1.747472884171187957e+00
1.763510601079077089e+00
1.656478915718670564e+00
1.808490258266859163e+00
1.680782305814984445e+00
1.561100034995075880e+00
1.416684196602765011e+00
1.614405104858295470e+00
1.443663223739359402e+00
1.501681157184461712e+00
1.706179177474148378e+00
1.517067227641299310e+00
1.716343188825036448e+00
1.630172627268014596e+00
1.575058978381438601e+00
1.687917956746615156e+00
1.715154463463506529e+00
1.708059939272315253e+00
1.746200340335771095e+00
1.821540456743429681e+00
1.824330345883685922e+00
1.583023886466193852e+00
1.656337380116476909e+00
1.797776171878398443e+00
1.872267451544593175e+00
2.061150602467187287e+00
1.864738960669987788e+00
1.754776589163485667e+00
2.015717567697156820e+00
1.794787090101561677e+00
1.820393533575306089e+00
1.927477473420875720e+00
2.110330958539324619e+00
1.983733634709295757e+00
2.148084583546776116e+00
2.189420218675224294e+00
2.296435468614072217e+00
2.069634597833786671e+00
2.132803728386677644e+00
2.150719771926683510e+00
2.267737534452896497e+00
