0.000000000000000000e+00
5.046304282078574177e-01
5.802884179792812125e-01
7.038007770190531920e-01
6.050925715072008604e-01
6.185649201934859676e-01
7.894673373270539862e-01
7.282465874271362161e-01
7.321287022327085392e-01
8.927771478582052778e-01
1.067345485431535845e+00
1.286894597050209477e+00
1.315445121698701758e+00
1.209757835308080232e+00
1.008870277367602597e+00
1.081477906432730896e+00
1.070733857613006323e+00
1.233175166769355569e+00
1.428170439835700467e+00
1.325268872605911863e+00
1.381773642116178147e+00
1.435104359169434129e+00
1.395343092185052036e+00
1.536458278059731342e+00
1.918235957074928333e+00
2.044594239540181935e+00
1.817712225158835793e+00
1.427841561579922480e+00
1.416531246998745885e+00
1.515019554251721967e+00
1.588010863821629925e+00
1.767476776878058820e+00
1.851929334780288761e+00
1.702874320363308547e+00
1.891441673902388709e+00
1.754361961863790453e+00
1.794749465429044788e+00
1.543846124117679741e+00
1.837500651804418128e+00
1.921370591430847208e+00
1.935693488035129084e+00
1.906310880358868198e+00
2.063057001205498953e+00
2.084627935560951162e+00
1.777989416055280048e+00
1.873044967156656249e+00
1.919076277552119736e+00
1.943988716703414221e+00
1.989822719977798693e+00
1.649737372112666911e+00
1.779598068413241307e+00
2.019780328115473367e+00
1.881594555699895865e+00
1.765412178413619859e+00
1.690513390911779767e+00
1.803249972307686022e+00
1.721204108173610470e+00
1.796912713604725376e+00
1.884463979754562590e+00
1.873742613269823387e+00
1.894571525147495716e+00
1.820642789856999011e+00
1.856243182623874555e+00
1.950207611547641440e+00
1.826593158726187216e+00
1.758379896099112383e+00
1.996135747572699959e+00
1.855701681181241680e+00
1.753406151798027057e+00
1.713683083592457468e+00
1.649043000297961914e+00
1.834274828089778930e+00
2.013543151524054498e+00
2.084356873530950782e+00
1.945268405853902260e+00
1.829750240709790088e+00
1.909053827330959852e+00
1.943461571418460654e+00
1.858881544347880554e+00
2.009341016726961637e+00
2.039444263473105146e+00
2.037717469932563752e+00
2.140984243040820800e+00
2.078499260804291815e+00
2.203793730505671178e+00
1.973452541266413007e+00
1.965559770095780978e+00
2.143689432906483283e+00
2.154108051610562402e+00
2.142983409672526207e+00
2.039945993213653441e+00
2.114482828689791205e+00
1.869774030870767545e+00
1.946203958531332878e+00
1.964857447588186590e+00
1.884695973477768183e+00
2.013056612051157934e+00
2.044851708886558317e+00
2.242215790309492363e+00
2.387914840165451302e+00
