0.000000000000000000e+00
3.742739679157067734e-01
6.496967580648534968e-01
6.277094479042373276e-01
6.447507892901024329e-01
6.221780880105475253e-01
7.449054885275951943e-01
8.548955130504416466e-01
1.026535564193687078e+00
8.640333087793379274e-01
8.480057354972349026e-01
8.305721496527954661e-01
7.733457958224234652e-01
1.123046524085130615e+00
9.751209611041831149e-01
8.806544808802740931e-01
8.080827415972432481e-01
9.406827501851734441e-01
9.821945280957601332e-01
9.723389370037002211e-01
1.112983384053282565e+00
1.198269551832557678e+00
1.407210745736156898e+00
1.501859716096457298e+00
1.577247497877131588e+00
1.420412607602859367e+00
1.512962724356206268e+00
1.667679122818418458e+00
1.808235991866408598e+00
1.876211041639270327e+00
1.679432928266538561e+00
1.569787121164743837e+00
1.801971679313661534e+00
1.642417593001887610e+00
1.894178606680095189e+00
1.912839806258294084e+00
1.909214933037830297e+00
1.835199972129553991e+00
1.753456217926793181e+00
1.699116495824498863e+00
1.918387440706465830e+00
1.850192623390526592e+00
1.763716644667425504e+00
1.790881856522280380e+00
1.829328248972234228e+00
1.722332442167942901e+00
1.718133158778197611e+00
1.649865473431021856e+00
1.819989800656576451e+00
1.924114261831109784e+00
1.944900963138607608e+00
1.997091514497884246e+00
1.936931505285204969e+00
1.966928967423122510e+00
1.910259294910557903e+00
1.880992114993850661e+00
1.903794918073130837e+00
1.801884463804964698e+00
1.759663940034337459e+00
1.813426647352290644e+00
1.656740940210144730e+00
1.735174449524291562e+00
1.895971058750642202e+00
1.738943287660943193e+00
1.756429593714731396e+00
1.755812799076949426e+00
1.776669719102577538e+00
1.843369273116038265e+00
1.985581544178251612e+00
1.833775188301709935e+00
1.887569942653067434e+00
1.924187461279725397e+00
1.948567072655106536e+00
1.847966972490878934e+00
1.820417706159555893e+00
1.852522452352651561e+00
2.126217316237712485e+00
1.999995726369597548e+00
1.971499430993230328e+00
2.041122535687846185e+00
1.908638923058987524e+00
1.966147768315348987e+00
2.160136995180147679e+00
2.235287438410160199e+00
2.348226756848679653e+00
2.219487976521566708e+00
2.261672444383971747e+00
2.342345011928023801e+00
2.481680316264265329e+00
2.574046134809490738e+00
2.438137423310111629e+00
2.450029905988634127e+00
2.410603649219110078e+00
2.462763913387668424e+00
2.418213653553642040e+00
2.255590410152692460e+00
2.504325661336053166e+00
2.544081851037518494e+00
2.641954148478475872e+00
2.592879226143742777e+00
