1.507891492923917490e-07
5.145292736665799671e-01
4.600150401343891526e-01
5.273215317219935860e-01
5.970852038767430203e-01
6.211251888338987781e-01
7.292084097499351714e-01
7.125993274614009776e-01
7.496276365343931269e-01
7.666420389734224239e-01
8.451476727706169756e-01
8.436138257861268697e-01
8.102248278608525922e-01
9.502515000019706726e-01
9.568903664652671504e-01
9.808686280696125026e-01
9.301106600997643969e-01
1.011534840528530488e+00
1.070397754425134851e+00
1.021493886913788174e+00
1.013048081220557783e+00
1.161149310430454662e+00
1.207983405916225994e+00
1.086936693464357839e+00
1.115392529047178893e+00
1.088333266867982596e+00
1.114819496029758827e+00
1.250523312407396670e+00
1.197735385552948006e+00
1.284259859514150781e+00
1.180803969202767867e+00
1.248771859567118003e+00
1.107640102122672499e+00
1.068931800157158385e+00
9.856591446615303731e-01
9.165927253086958437e-01
9.755995666741693606e-01
9.377701491604800710e-01
1.150834105008344155e+00
1.116521557672069509e+00
1.045852060685196205e+00
9.602926524973562916e-01
1.049063986494600975e+00
9.673694751196773023e-01
8.947384681623778979e-01
1.006477804344755755e+00
1.220330529759112492e+00
1.195923715150889688e+00
1.141991031850554172e+00
1.278491314949604218e+00
1.223674814891366092e+00
1.259497771389916476e+00
1.138039513168888073e+00
1.096858965850600720e+00
1.160017279978899252e+00
1.116025796416295846e+00
1.333333866123595168e+00
1.314248106791236381e+00
1.356095058612237780e+00
1.272937686520818845e+00
1.216758380943022910e+00
1.300967674005416130e+00
1.259266622340348807e+00
1.314262519766408399e+00
1.251308014116533585e+00
1.272430105820493429e+00
1.273590399414808116e+00
1.250764205468655188e+00
1.243279344388768637e+00
1.362098074078797572e+00
1.377058889500247130e+00
1.544016095774720432e+00
1.428000852513569230e+00
1.332808590266463034e+00
1.259079558996551551e+00
1.338099069505670258e+00
1.271336131882889076e+00
1.213175471940906691e+00
1.202730078362581612e+00
1.383542658540899195e+00
1.266926995239235021e+00
1.289397076354238170e+00
1.413671228221532239e+00
1.344986545041519044e+00
1.373743502180510223e+00
1.503073904431547314e+00
1.504641852787072187e+00
1.584757276016580230e+00
1.549333914768208365e+00
1.515829676223102274e+00
1.377204218059569829e+00
1.499095557119306532e+00
1.480613332168731366e+00
1.315065401529589728e+00
1.194589707778389576e+00
1.176142046455673107e+00
1.269012602460480199e+00
1.316892485267491919e+00
1.198363563459454939e+00
1.219427496299400282e+00
