3.693564745147149106e-07
4.022025773299890417e-01
6.151149594363798379e-01
6.957367087490471391e-01
7.600817776429784622e-01
6.396109037015768051e-01
6.873125485128313006e-01
8.947375043287407737e-01
8.695507278761024361e-01
9.358599502995074149e-01
1.118612991394904999e+00
1.103714872348893650e+00
1.089186989536805594e+00
9.401453484648973902e-01
9.289459148026727453e-01
9.311023822905285519e-01
1.020686471919614480e+00
1.008606516918713725e+00
9.652253081953627856e-01
1.047238720583945071e+00
9.320470630216028951e-01
1.094557841705047441e+00
1.171074723078833868e+00
1.327086521345386405e+00
1.354058536402400481e+00
1.328910021457740953e+00
1.353506246882572484e+00
1.404225026846924962e+00
1.304848833158164245e+00
1.495617997561168311e+00
1.380348737852253649e+00
1.321220811313569499e+00
1.483833262931429919e+00
1.535830912417467609e+00
1.532856485031298455e+00
1.601100001546952978e+00
1.244595287160751518e+00
1.389722233969300280e+00
1.347704100959449258e+00
1.329730292059423391e+00
1.334475410324730937e+00
1.427978546032992124e+00
1.405270514510074786e+00
1.380450091532204882e+00
1.590803606015151805e+00
1.926799734267606867e+00
1.952122450367960838e+00
1.908037133624970849e+00
1.737862703835851397e+00
1.878351232698522333e+00
1.881302052739670660e+00
1.763383107143534634e+00
1.894804544637066490e+00
1.840836242090388764e+00
2.026779962361670240e+00
1.980629125254035561e+00
2.019782060957430847e+00
2.226737003281971106e+00
2.294875974499092752e+00
2.108627469846092506e+00
2.236766522995600859e+00
2.302393027881666221e+00
2.489731134184641981e+00
2.469826646474451159e+00
2.271934597600310024e+00
2.208930823327761583e+00
2.170883101127680348e+00
2.227844841248015850e+00
2.403225763455459241e+00
2.235580022159468605e+00
2.164933669438743102e+00
2.345650013266324496e+00
2.484490909989716556e+00
2.339505109014144324e+00
2.599919466503447740e+00
2.412998719964091432e+00
2.334505366396277815e+00
2.193645956049572465e+00
2.124920080923628163e+00
2.156915745705829668e+00
2.355297625416753693e+00
2.404523169252021919e+00
2.284181662717891470e+00
2.486368960119676785e+00
2.367813986038533880e+00
2.242461268066395341e+00
2.143152942392792415e+00
2.262231710589849509e+00
2.096585032530650761e+00
2.238095586511491764e+00
2.115926595664484822e+00
2.010697538279746510e+00
2.071709231530654449e+00
2.107542897672648241e+00
2.006479785470212995e+00
2.131451300149630246e+00
2.347593259693868450e+00
2.047325950135900019e+00
1.850183349482533490e+00
1.975811361757826123e+00
