6.031565971695669960e-07
3.948208818869436976e-01
5.781430592625611542e-01
6.283879754619317026e-01
7.452874311762930359e-01
8.470115786844294448e-01
7.434184434972944677e-01
9.749342438293426838e-01
1.106440604963750074e+00
1.203993492003526677e+00
1.326017917501672860e+00
1.358597496055582221e+00
1.449647464229646632e+00
1.427300355956997890e+00
1.637534754050301578e+00
1.485832048774116787e+00
1.411763920240152403e+00
1.521421529020604790e+00
1.470949042025700093e+00
1.347421859115428111e+00
1.289706971927687240e+00
1.414416258877592814e+00
1.409162529487031357e+00
1.579125142061828857e+00
1.260195040413080170e+00
1.196728541405812862e+00
1.326197259502818859e+00
1.446791745025189702e+00
1.489738377965377003e+00
1.512069746627970668e+00
1.615205833780521516e+00
1.593096674991110628e+00
1.764498000858234716e+00
1.661016098812440278e+00
1.809705025776428888e+00
1.885143127763478921e+00
1.949817402858007753e+00
1.908132253840359116e+00
2.025117049616772746e+00
2.092574052894925263e+00
2.044184498828065966e+00
1.927939405209497137e+00
1.755743746880762846e+00
1.853846801357645457e+00
2.004422189306581004e+00
1.878800341976230248e+00
1.689067222809176094e+00
1.722260619184157404e+00
1.760193042635189498e+00
1.808300785899963792e+00
1.671664145369187171e+00
1.645720385645185191e+00
1.674511976201214614e+00
1.785618377564248016e+00
1.684200036267971656e+00
1.710978812419943207e+00
1.743727505599157457e+00
1.766545899204591707e+00
1.746816018330482834e+00
1.666928955502057441e+00
1.471139710837352510e+00
1.293596181977802129e+00
1.496548623596026806e+00
1.693539202931195087e+00
1.787010650127830891e+00
1.768522536942140455e+00
1.831567222590210875e+00
1.886846632466585572e+00
1.865745236511172411e+00
1.937663944543702499e+00
1.917239834312272073e+00
1.839883152719306025e+00
1.842220888177329874e+00
2.216137433848831773e+00
2.095463132898484293e+00
2.095330604690052834e+00
2.235221976622660200e+00
2.469418754255132686e+00
2.332971871806591491e+00
2.275931453793366366e+00
2.387544248057421381e+00
2.606825769419103267e+00
2.484766640178100783e+00
2.425505872583493261e+00
2.559935254864156740e+00
2.150311704125839718e+00
2.214747526932539845e+00
2.592936681598732918e+00
2.373386934815648885e+00
2.289438713995080033e+00
2.051504326435450221e+00
2.216894757986161757e+00
2.226030007051398307e+00
2.356710002362119027e+00
2.221416180334040202e+00
2.234731700313968172e+00
2.296172277455642341e+00
2.542999020895539974e+00
2.413559029153233837e+00
2.578557224159125472e+00
