2.132480599880017890e-07
3.201966959871990759e-01
5.384811499018543612e-01
7.150363801891649329e-01
7.223443495566274075e-01
6.231621839332915913e-01
5.993191825637851355e-01
6.145840131326798517e-01
5.205252090050261904e-01
4.959608875917069781e-01
5.633362290530093963e-01
7.637656727552514235e-01
7.911568764954820532e-01
1.022428081555203372e+00
8.597263512859695256e-01
9.079140748880671907e-01
9.889578537892245169e-01
1.055761179601191424e+00
9.293489278156557010e-01
8.239249309086331685e-01
8.195075425574440686e-01
6.212560818822319142e-01
8.342113706408907925e-01
7.922081414623787232e-01
9.193370468396622197e-01
9.468597090212287348e-01
9.478085009771087810e-01
9.437841857674561519e-01
1.100664253500579504e+00
1.276224083617701455e+00
1.235552622260679412e+00
1.258493172368864155e+00
1.364859899528629406e+00
1.376291204445593275e+00
1.374172321244929718e+00
1.132365072191845456e+00
1.070229687863539114e+00
1.198933187896502384e+00
1.142701093845023275e+00
1.074424225246050968e+00
1.096748748860475242e+00
1.173599908044036466e+00
1.107183374115395580e+00
1.063087804216074739e+00
1.081009209942930704e+00
1.077565376521972595e+00
1.064038422854381327e+00
1.101148964260175500e+00
1.000603203648286588e+00
9.831710251266034817e-01
9.163018811894004800e-01
9.519263693569813833e-01
9.773475177820194482e-01
9.071713767663189820e-01
1.009292416724617780e+00
9.397528087454789514e-01
1.093017204606576254e+00
9.798868491939047853e-01
9.951390498986784072e-01
1.026000749121778854e+00
1.038249325114908306e+00
1.082087669753086345e+00
8.992981546184598551e-01
9.790849300100685770e-01
1.132387890674124709e+00
1.032815501750088849e+00
1.151449134813411268e+00
1.068337057586095096e+00
1.220746548207947368e+00
1.354626432373971179e+00
1.515902297273241439e+00
1.542323240730213652e+00
1.482309936346773105e+00
1.474939811293045411e+00
1.372928221521745762e+00
1.399245502468503766e+00
1.580003140980087206e+00
1.571578070984764874e+00
1.565501009800261967e+00
1.721619018792066358e+00
1.674444792678146499e+00
1.607216195814937576e+00
1.632631258831103604e+00
1.702760310243112807e+00
1.635625236977402475e+00
1.488193934683740949e+00
1.740975611741375273e+00
1.678115821229501314e+00
1.685683394133619117e+00
1.647947628740978887e+00
1.843518151404043293e+00
1.854873545129696266e+00
1.934852183003354043e+00
1.872359209838529992e+00
2.009288101340289234e+00
2.182876235891832994e+00
2.046233931583269605e+00
2.013170161582221951e+00
1.952640804677741926e+00
2.127964601004373790e+00
