7.387129490294298213e-07
4.681651795084788015e-01
6.386370217366151847e-01
7.618120774492643799e-01
9.507772949433018761e-01
8.431414064419047172e-01
8.483666877671566242e-01
8.396957076072608661e-01
1.011419559608776053e+00
8.082940188493187295e-01
1.040904114176306239e+00
7.617951211971665249e-01
8.208194629336660331e-01
1.134927917151668852e+00
1.074157850332458697e+00
1.560512774902648170e+00
1.417439117166361617e+00
1.315967229973276087e+00
1.401575333619260233e+00
1.579021260729179810e+00
1.436913969669463720e+00
1.687643908021061234e+00
1.490675650635011396e+00
1.454566737742149840e+00
1.412417840872143282e+00
1.278619736305446564e+00
1.265599226877292871e+00
1.156997952001117103e+00
1.478295360164296968e+00
1.389203949044498509e+00
1.534741960799995475e+00
1.684270390177993626e+00
1.593029279893312111e+00
1.467644611551479628e+00
1.549297853958879534e+00
1.525471797953623643e+00
1.377058084382157377e+00
1.224261160459069187e+00
1.085459042641526262e+00
1.271455243858214956e+00
1.271927052209437692e+00
1.402661852203074488e+00
1.331416696400583577e+00
1.233415614084714340e+00
1.314236393944779868e+00
1.169137417346461483e+00
1.278307523788708489e+00
1.186938431023363494e+00
1.268792147436958562e+00
1.120592979911052556e+00
1.291120485289335651e+00
1.436369568112660700e+00
1.365776888247748344e+00
1.533689593361741155e+00
1.593041493405754183e+00
1.366169504652706923e+00
1.269750859772913909e+00
1.167053559260913254e+00
1.464681946588729078e+00
1.702387831595190359e+00
1.501662101526467286e+00
1.259359471932972818e+00
1.285268348266144001e+00
1.218683577143312213e+00
1.204698027501284185e+00
1.279709020382958862e+00
1.196474390053396064e+00
1.324983281345429420e+00
1.502457398349443807e+00
1.367906072171457099e+00
1.788468802009655301e+00
1.665782316131376062e+00
1.448539609342726076e+00
1.406087242210060539e+00
1.470802420353548801e+00
1.629773161108167834e+00
1.713981301705167937e+00
2.149339215693324423e+00
2.175882356755654001e+00
1.904608434664512684e+00
1.976164102816282631e+00
1.885005515157001099e+00
2.082297691158211173e+00
2.298277127297531752e+00
2.365947591754132162e+00
2.436050803704706169e+00
2.677222400086920917e+00
2.435200056579439387e+00
2.241219758838332243e+00
2.259405188788657259e+00
1.996817847932218504e+00
2.014764584334777009e+00
1.929285538471596118e+00
2.064273839634455765e+00
2.099561958571917408e+00
1.958396754190807831e+00
1.917716865113420877e+00
1.871918213398420683e+00
1.912545129538072652e+00
1.538832322208867343e+00
