2.132480599880017890e-07
4.191761596036642223e-01
4.773203896429102366e-01
4.938534757901257288e-01
8.310491893428512133e-01
8.022068875184027448e-01
8.438054951879391252e-01
9.833778542907020137e-01
9.724984809133353503e-01
9.830341099339191535e-01
9.080625297417685982e-01
9.585153012852004606e-01
1.107061007372115657e+00
1.043299921952527187e+00
1.063686894052630727e+00
1.161834802143506540e+00
1.071958713049480538e+00
1.361794885300241953e+00
1.213245967712849538e+00
1.080902354416256372e+00
1.061412340576251001e+00
1.132331140611168907e+00
1.059067382903821741e+00
1.117492680744193612e+00
1.087229310900468260e+00
1.033632230631036153e+00
1.020479555627101131e+00
1.018981599786040082e+00
9.661084198161884462e-01
1.018472466445407232e+00
1.050779377237837320e+00
7.592388433313012053e-01
7.920103147825751089e-01
9.062143055625372368e-01
8.948892095686781234e-01
1.104700143278205760e+00
9.337203821986622687e-01
1.106700418634756433e+00
1.139581640793174699e+00
1.178333554428670382e+00
1.032646020476645221e+00
1.175793876014680883e+00
1.303006986263324452e+00
1.199287532222086838e+00
1.133706489683869556e+00
1.300041681249670233e+00
1.164490745365218238e+00
1.163256897852089633e+00
1.155557393495257879e+00
1.114466861614472171e+00
1.023056228227322562e+00
1.176453181612091115e+00
1.423405312492741048e+00
1.471030782402906301e+00
1.297286561413975470e+00
1.151571078435256190e+00
1.372864537669382212e+00
1.376343624305319979e+00
1.490151375195430727e+00
1.637355978444439586e+00
1.467221550642819672e+00
1.454980304967561588e+00
1.605115373897149977e+00
1.566030716761159791e+00
1.633487272873472840e+00
1.623745179770885505e+00
1.508076155269719942e+00
1.539270384898849819e+00
1.504139280251485022e+00
1.433774811334329158e+00
1.428624867926041375e+00
1.519237700410082548e+00
1.545286772569176126e+00
1.779050914851801002e+00
1.552370947304285709e+00
1.516123340019354115e+00
1.505995591790381116e+00
1.505447713393751830e+00
1.552811279306756109e+00
1.670107341348889385e+00
1.833848685705716575e+00
1.606424167229927980e+00
1.662787449339649060e+00
1.490869471356325748e+00
1.400202832047748647e+00
1.480252210187789075e+00
1.462136156973441015e+00
1.335075476228205993e+00
1.233497179169850133e+00
1.218240154704686828e+00
1.393862551234198888e+00
1.333561196717479636e+00
1.270019695637268020e+00
1.362638509825927935e+00
1.434894428320110826e+00
1.398794019221470730e+00
1.597295600157450757e+00
1.483664662670754364e+00
1.498374214333252130e+00
1.503552868945203569e+00
