1.507891492923917490e-07
5.115460232861538392e-01
5.242209043070670260e-01
7.385580518371560599e-01
7.752213624320791752e-01
6.010122410451192998e-01
7.885912229161590181e-01
7.663206469502297224e-01
8.174912605058020088e-01
8.601291337877967624e-01
7.774265477372880317e-01
8.525867676331877476e-01
9.211974130528665095e-01
7.526877285459759870e-01
6.719058103256940750e-01
7.022378391841588297e-01
7.427833076979862836e-01
9.214778282756924677e-01
1.015613103931033656e+00
9.275521187184330163e-01
9.085298557118018925e-01
8.541926209806289805e-01
9.188993918973997754e-01
8.810521191412509223e-01
8.419895840984913393e-01
9.035884906679496620e-01
9.416282125593732344e-01
1.138802066031148863e+00
1.215286012676157990e+00
1.062847873395350584e+00
1.035751232716757508e+00
9.333568125066855625e-01
1.013689305785334005e+00
1.155585081819411997e+00
1.067536198205114806e+00
1.236811602443552705e+00
1.517905377645828224e+00
1.432770327663722254e+00
1.428580836090013184e+00
1.338277303950502484e+00
1.437718441948837578e+00
1.489162292459306425e+00
1.591320863736688684e+00
1.508679700780535260e+00
1.662226118984436951e+00
1.638620073092171170e+00
1.603980641592302581e+00
1.613446795313471016e+00
1.421961808360794333e+00
1.579186992209415497e+00
1.659810963651821902e+00
1.542210362584570005e+00
1.472704511720973386e+00
1.581713100332453603e+00
1.628207629936533118e+00
1.726947999372606679e+00
1.585807680032295330e+00
1.767894144411358948e+00
1.445396493696248896e+00
1.589015981822214263e+00
1.730304997995613769e+00
1.638906966952924815e+00
1.522566253132922709e+00
1.383421305733591788e+00
1.544274321093577651e+00
1.533796476624930794e+00
1.587949762608083404e+00
1.464998550782676379e+00
1.403026856905839947e+00
1.464400788648377194e+00
1.702055107024111891e+00
1.735681374141937461e+00
1.752655587580786323e+00
1.936849024900582972e+00
1.783960187854806367e+00
1.611748197450042497e+00
1.621485475959269174e+00
1.679658372201968453e+00
1.597747671519356372e+00
1.555004111911450826e+00
1.392220311889191819e+00
1.482303720028429916e+00
1.514099373416972538e+00
1.434394968965536421e+00
1.434000627540926054e+00
1.447898130088438817e+00
1.482621618505476579e+00
1.387189748015370094e+00
1.626216453019243557e+00
1.449840792233315634e+00
1.374271269086315250e+00
1.542413628391479774e+00
1.859969493587026346e+00
1.917173339368749119e+00
1.850249522712220873e+00
2.065528273500015999e+00
1.985204079325741500e+00
2.180613156966887178e+00
2.167416594999535651e+00
2.197365646367610115e+00
