3.015782985847834980e-07
3.566231299841450264e-01
3.908575071812990798e-01
6.623755383518334927e-01
6.324053003946457086e-01
6.344265252777829822e-01
7.862694427561959243e-01
9.731777335736526702e-01
9.977678102607401289e-01
9.705667829645859834e-01
1.023729641251216682e+00
1.159439042979688583e+00
1.202837002488729823e+00
1.451244011690688174e+00
1.617911227549696074e+00
1.898161944273771162e+00
1.997198211366362441e+00
1.979880319159887714e+00
2.164265276404442773e+00
2.301601347890691152e+00
2.259047968545367269e+00
2.478701056653657808e+00
2.450227422032433822e+00
2.373848221972602701e+00
2.638244118686787321e+00
2.597994579867164422e+00
2.602876324499534100e+00
2.820404715142974972e+00
2.923020733934171389e+00
2.696903815310728092e+00
2.654053412999028971e+00
2.769428482770144306e+00
2.478772454300066652e+00
2.373249796979442827e+00
2.069277926852978844e+00
2.229903259732163523e+00
2.281187048818746899e+00
2.289525204710760597e+00
2.404029053273240457e+00
2.223919511153571893e+00
2.418460249423528996e+00
2.556627467517724295e+00
2.573302357195002887e+00
2.574207742584968983e+00
2.789267162445293824e+00
2.940472041813856574e+00
2.734732647174149101e+00
2.789679707936703057e+00
2.627308986254881074e+00
2.594649268705726097e+00
2.229162024946437448e+00
2.191481858296443264e+00
2.483321878253537562e+00
2.787993933465244822e+00
2.602934492338073280e+00
2.462996268303002445e+00
2.612628790795186617e+00
2.549563261425173977e+00
2.417752068522895925e+00
2.417027471581943310e+00
2.382483842141640995e+00
2.383134489899516151e+00
2.346660202463999756e+00
2.338354557331906225e+00
2.263311805186404957e+00
2.172690670402071422e+00
2.139904945579135020e+00
1.912852022352125037e+00
1.973372383858719603e+00
2.082230187568283597e+00
1.824566798870214557e+00
1.866574284329042932e+00
2.136387949912806228e+00
1.900722780007552792e+00
2.215115545663770114e+00
2.190718970030759216e+00
2.319472188780106858e+00
2.320387169263776972e+00
2.180834982168699643e+00
2.219826446095531036e+00
2.062591878526080169e+00
2.065454679476162347e+00
1.894470629061048239e+00
1.888425529645245460e+00
1.880280671989439822e+00
1.763916376878248204e+00
1.961443973829799736e+00
2.056775732787680777e+00
2.113206747202931446e+00
2.048798560148497039e+00
2.073017700832627597e+00
2.025940798549160871e+00
1.926138684270470414e+00
2.084940431784653381e+00
2.065836294310859689e+00
1.995284098634409808e+00
2.173946998915353479e+00
2.176352932399443052e+00
2.242047374545747651e+00
2.051149256604034576e+00
