0.000000000000000000e+00
5.001357859871966571e-01
5.384420685033339815e-01
6.916403510841038216e-01
7.244523572772162412e-01
7.754426939834346832e-01
7.568688245499142209e-01
7.309596587927805755e-01
1.015394843774497513e+00
1.034664405128878029e+00
1.303293673157749799e+00
1.256793924334866919e+00
1.341261615612854285e+00
1.484784813006240212e+00
1.430144207913848886e+00
1.372069761211528460e+00
1.337434545538696895e+00
1.372080097810953303e+00
1.257985001603227460e+00
1.631159705650612413e+00
1.513969983261938212e+00
1.711447279101454777e+00
1.409746866499047568e+00
1.301547116654208081e+00
1.358584329881220354e+00
1.225946330040889709e+00
1.284032638184392949e+00
1.235077840761120038e+00
1.176019310466751122e+00
1.401271994970226364e+00
1.396920559578056276e+00
1.409519836669702819e+00
1.291787379464725882e+00
1.352162978152998463e+00
1.549841359835699039e+00
1.744423391394954059e+00
1.533252676874961695e+00
1.570863939632696216e+00
1.747622882825185409e+00
1.752463445227175676e+00
1.835297163765367223e+00
1.846443370312406795e+00
1.681704968333871397e+00
1.771726857352250439e+00
1.775768488364392272e+00
1.890795815622947185e+00
2.012274596293409878e+00
1.751768397316969095e+00
1.873781137353404125e+00
1.773409913258744197e+00
1.928104283311103728e+00
1.943376123047643178e+00
1.944295134323769103e+00
1.860603256470222622e+00
2.022013003704256739e+00
1.964043639678531017e+00
1.908140121569489311e+00
2.014155747511887640e+00
2.081530856651848005e+00
2.140898219800649649e+00
2.135427404021243536e+00
2.060546451063404394e+00
1.921276758027246068e+00
1.800786831046382375e+00
1.959452199491394486e+00
1.965337547732590062e+00
1.852979288604233554e+00
1.732807563617147606e+00
1.793250219470650331e+00
1.870193535146554398e+00
1.994852410802697040e+00
2.117040783335549126e+00
2.113136998907655606e+00
2.219080870853682441e+00
2.017364049031597606e+00
1.893805411923350279e+00
2.101028982315610083e+00
1.954502208308467992e+00
1.989351238256593657e+00
1.965466299422986118e+00
1.922356593654949375e+00
2.011898904632971163e+00
2.006328056003413796e+00
1.858415932862043096e+00
1.912689960700193481e+00
1.859006681607000333e+00
1.834549551684553359e+00
2.005079723804116032e+00
2.008141118056026020e+00
2.316151857947605031e+00
2.244443239953046731e+00
2.389574359689814909e+00
2.347530202181271619e+00
2.525538246706034773e+00
2.413668395883583617e+00
2.418344516082140405e+00
2.418864484522939673e+00
2.584950756121605853e+00
2.397830565820348259e+00
2.625081999096020802e+00
