0.000000000000000000e+00
4.726908999614072293e-01
4.756851092028492878e-01
6.508710277558337198e-01
9.108065850466444680e-01
8.549621706641846730e-01
9.837752978348663913e-01
9.353256024638862964e-01
1.043186313455988223e+00
1.006755237697109839e+00
1.184237039230077615e+00
1.200846421285284960e+00
1.144013350377625970e+00
1.438193258217929982e+00
1.522478693956332396e+00
1.318917803244434195e+00
1.434776415798354465e+00
1.415819818480514192e+00
1.460748770872599245e+00
1.370378824800833506e+00
1.632550518756759272e+00
1.760402621398036827e+00
1.877942831516674627e+00
1.719075856064132601e+00
1.592942856301996946e+00
1.703243891103279894e+00
1.660265102218220434e+00
1.724473037690579025e+00
1.767222964248944983e+00
1.673439956009549423e+00
1.579182308763782405e+00
1.671548686794610994e+00
1.662273072856186973e+00
1.714664396815255287e+00
1.380720170958709581e+00
1.423433166594897825e+00
1.538659578430997321e+00
1.572681500189026638e+00
1.558517737193861885e+00
1.637550755484038500e+00
1.741847651087804927e+00
1.584843542625273827e+00
1.460107234288210210e+00
1.742198498289789121e+00
1.619257538712447264e+00
1.658258981370793750e+00
1.522366330876446350e+00
1.632134581493887238e+00
1.607422499261743853e+00
1.674312405430946393e+00
1.807190797503543944e+00
1.580512728098655062e+00
1.506523708799401673e+00
1.415144075875436336e+00
1.721769495223935298e+00
1.784141534937224272e+00
1.590810022271964774e+00
1.725173950713955628e+00
1.578428140951751990e+00
1.310783118037302630e+00
1.320716716946191527e+00
1.346406120989060318e+00
1.282036413646122197e+00
1.164639909252117800e+00
1.222384505023531798e+00
1.357294958501610083e+00
1.442848256413264307e+00
1.444056869407561505e+00
1.316505148382544066e+00
1.406734374497217610e+00
1.348246909077387867e+00
1.241845623989764391e+00
1.181188869569528510e+00
1.206592473222299899e+00
1.063099724566656468e+00
1.232541986082947627e+00
1.206569502432389251e+00
1.208302069046841787e+00
1.157583929507065790e+00
1.376491622856578445e+00
1.379663054747188422e+00
1.513884115877453196e+00
1.761618094796236544e+00
2.062108009357702887e+00
2.122632856751550889e+00
2.235501693295911974e+00
2.221969576168448590e+00
2.097108584091684325e+00
2.020901398381732772e+00
2.163149729914421560e+00
2.192829545141206093e+00
2.296912575450602567e+00
2.127986127309493103e+00
1.960050291424128455e+00
2.261641958980466161e+00
2.135257627902788613e+00
2.081529498693860170e+00
2.216325337776236193e+00
2.146406386104136033e+00
1.981566434095784812e+00
