2.132480599880017890e-07
5.215922481658152865e-01
5.834833599136912685e-01
5.546588103900552680e-01
6.507337690785587325e-01
6.918384940408474071e-01
8.709287823743723234e-01
1.031429278765088720e+00
1.099461159229595530e+00
1.069753412845725560e+00
1.156030462626522537e+00
1.453674761144154282e+00
1.221340692383436233e+00
1.223215477679513219e+00
1.425446465861870626e+00
1.310752878058888626e+00
1.130481890184873217e+00
8.567437530216086561e-01
9.298293409293558742e-01
1.023502700473899241e+00
8.690306368968485629e-01
9.648088095135498587e-01
1.127333579575972689e+00
9.575910977203870855e-01
8.339260534009907966e-01
9.144726089259949120e-01
1.023544005555206970e+00
1.001874565633258163e+00
9.420519771859994229e-01
9.608568227644899151e-01
9.552520224130947035e-01
1.212913262971776929e+00
1.345824885872721088e+00
1.163566929176599984e+00
1.045967498717514932e+00
9.588728553114372888e-01
1.041001813352179228e+00
9.420826932569649204e-01
1.007477581176578596e+00
1.039772900485113283e+00
9.243844168107829828e-01
9.886133667248382384e-01
1.014029836502447157e+00
1.024753424918479761e+00
9.976301146727389879e-01
1.049867625840431140e+00
1.160795267767671612e+00
1.261551345775122401e+00
1.512309602394924957e+00
1.433053909120086011e+00
1.320730316830157625e+00
1.390161558308365963e+00
1.589429347244530666e+00
1.705333006373217053e+00
1.570765490065835657e+00
1.398404850699633828e+00
1.673097976557787359e+00
1.423125097473790124e+00
1.529002661971992527e+00
1.444880506839155920e+00
1.416460952268540296e+00
1.508698038727230850e+00
1.606817739976929449e+00
1.668062560984837184e+00
1.711997910173804760e+00
1.821056387758334560e+00
1.941433555919075404e+00
1.982210860557145571e+00
1.971459810894990783e+00
1.764390310980268772e+00
1.633128557600518560e+00
1.765929463539966271e+00
1.901107419809104693e+00
2.023659655793196510e+00
1.873431283248816914e+00
1.842564876485910386e+00
1.660689208206083789e+00
1.767210391460984908e+00
1.835223262330919258e+00
1.665535128952875699e+00
1.581041707316961809e+00
1.426985969676154875e+00
1.572773497616413385e+00
1.631480440230619999e+00
1.612757016667429655e+00
1.689851501539963996e+00
1.705595860959512544e+00
1.777952814132053749e+00
1.518058726741389419e+00
1.813232761753787115e+00
1.692280516670664925e+00
1.751867096943168445e+00
1.896391319024265165e+00
1.708934834318073470e+00
1.754121725539557142e+00
1.834356695330171760e+00
1.770240925966615642e+00
1.704803296879202623e+00
1.393847143383542209e+00
1.481353291094146707e+00
