1.168007727996434155e-06
5.114305937597233287e-01
4.976590859860677840e-01
7.702611324541834836e-01
8.026015670589791151e-01
1.106318529965198971e+00
1.244487775136208008e+00
1.321862956709964010e+00
1.045349000861548472e+00
1.036991271504834611e+00
1.153801683449293902e+00
1.138353039491400986e+00
1.081774857784772337e+00
1.175044621787936672e+00
1.407187230436411474e+00
1.499835605081880407e+00
1.874871002311891743e+00
1.869870787969979853e+00
1.943538240394160121e+00
2.012185518610109192e+00
2.191370286772936105e+00
1.952571628938117865e+00
2.209219775369260397e+00
2.251073372271100492e+00
2.315272824600732360e+00
2.355009381311579997e+00
2.466375635146714540e+00
2.420123591950992914e+00
2.447098109884464634e+00
2.531670835372317629e+00
2.409310100103782215e+00
2.495588174311493379e+00
2.567689942929495928e+00
2.572337731732977861e+00
2.437513992679318786e+00
2.325311101167895078e+00
2.251389301036534452e+00
2.510537617373099106e+00
2.527155018948183951e+00
2.555812909413417877e+00
2.652660841289113947e+00
2.547875560168374243e+00
2.334702759421347196e+00
2.592028938265189986e+00
2.267221693245894176e+00
2.444804002080606331e+00
2.654323010344904699e+00
2.737898999324761995e+00
2.774184674639887049e+00
2.766987255157168590e+00
2.610855944207370438e+00
2.587606579294418285e+00
2.539257177025214141e+00
2.616244599811807792e+00
2.478559981443382298e+00
2.258344269717998731e+00
2.228621418091311757e+00
2.108683497111274008e+00
2.249565181481451681e+00
2.466234737603924199e+00
2.573628282419480939e+00
2.435582019206580018e+00
2.518922286178414627e+00
2.448435208274986064e+00
2.322597005129895642e+00
2.250939393818972789e+00
2.038310027248348089e+00
2.163846780430319416e+00
2.177293083237413995e+00
1.987325020183908109e+00
1.969984820332189024e+00
1.862222618968331300e+00
1.974668954266701748e+00
1.897909488303195280e+00
2.158901482122860038e+00
2.381129540467179506e+00
2.338138183805694492e+00
2.211178571313282326e+00
2.380503136592477365e+00
2.375629642823710252e+00
2.338420169153006878e+00
2.035474682707731464e+00
2.349858850588902204e+00
2.236685592405639245e+00
2.207598918456774140e+00
2.019052645233048171e+00
2.177830243769125929e+00
2.357469390076218918e+00
2.338421223438809982e+00
2.243745869693943185e+00
2.236140823971577873e+00
2.108415053563896802e+00
2.096488897708772559e+00
1.805605054091238282e+00
1.706867470574100043e+00
1.639729289973959503e+00
1.522008624644574759e+00
1.389131628403854402e+00
1.538497275557054289e+00
1.539901426866612466e+00
