4.264961199760035779e-07
4.457456755649575886e-01
6.233492583259482300e-01
5.856512714563121280e-01
6.338929183303867454e-01
7.306887427628414589e-01
6.456573385607363713e-01
7.389823662713906893e-01
6.934462675837446133e-01
8.803259622250128036e-01
8.574932783600537345e-01
7.903950942779334188e-01
9.256111194504842432e-01
9.005148183460706113e-01
8.387648659171645926e-01
7.965150247815960816e-01
9.030671313950066059e-01
9.635479543417202475e-01
8.619904019542870000e-01
7.638510180783169012e-01
7.558499426822687939e-01
9.241880558628636777e-01
9.205927513729049716e-01
8.823169443926000000e-01
1.029722227847280402e+00
1.134171081708998718e+00
1.141811825680955739e+00
1.105233358615323125e+00
9.827362220016965244e-01
1.306186723451440601e+00
1.233480714194099770e+00
1.183084513535973326e+00
1.211745645283081707e+00
1.114090492225294771e+00
1.068158356959455935e+00
1.006816207666638041e+00
1.076576055494503859e+00
1.110497598725721735e+00
1.225256782996180904e+00
1.221547588356573399e+00
1.104549393684508551e+00
1.256660440592091810e+00
1.231436798283602974e+00
1.133341607421007424e+00
1.228104321764340590e+00
1.376548153410225295e+00
1.354598352557482954e+00
1.317286140176515241e+00
1.468333204585803076e+00
1.393346583554052165e+00
1.606181492607387185e+00
1.453636956509803957e+00
1.435413739852649195e+00
1.433937303488342252e+00
1.482554306689193746e+00
1.603673379762866169e+00
1.697507925094649872e+00
1.737813290672361344e+00
1.603494435139757091e+00
1.608269416906600302e+00
1.482181257317422229e+00
1.492340078915388002e+00
1.561948940252338769e+00
1.570413517371444634e+00
1.566258334287548903e+00
1.617475992308411437e+00
1.551376838673599767e+00
1.583945453532104253e+00
1.712293499443303446e+00
1.787111693203581764e+00
2.065206850223061164e+00
2.045714634464493198e+00
2.122111991455157387e+00
2.228386870571082312e+00
2.142001484230237729e+00
2.310164738558378339e+00
2.274050172909213963e+00
2.238269364574249742e+00
2.310699626975287746e+00
2.257668339337980612e+00
2.173788370029313910e+00
1.997370693403444086e+00
1.973509019952922161e+00
2.146085051743150007e+00
2.146887854535546758e+00
2.086794474725667037e+00
2.011816282109070819e+00
2.118410753021681359e+00
2.146357112374080334e+00
2.162889831581249034e+00
2.290221364926534608e+00
2.386901325032524390e+00
2.246894780184288454e+00
2.226031592268740589e+00
2.126783408439857137e+00
2.046523358980411711e+00
2.106806222764058045e+00
2.259616430911965956e+00
2.359832241025848987e+00
2.296077914424895727e+00
