0.000000000000000000e+00
3.632474278171807236e-01
4.464575116489802320e-01
5.266350366973672203e-01
4.712982907412152644e-01
6.391946158425191316e-01
8.507920929024654910e-01
8.176312407448445008e-01
9.486395157912720366e-01
7.940388669428224411e-01
7.781325940225376492e-01
9.075780043930222751e-01
8.240573929232962724e-01
8.813469355345860956e-01
7.937314962314361289e-01
6.752650521498880787e-01
7.819744323599183700e-01
7.870451525387034408e-01
7.834999458141723716e-01
8.114940154570590147e-01
9.965901251211635170e-01
1.002574402406382958e+00
9.547279133664920980e-01
1.191573402557537298e+00
1.268966196749014008e+00
1.138474223969724530e+00
1.101768359728124924e+00
1.164733558941824620e+00
1.125580015261341549e+00
1.131701655325640266e+00
1.067514610352715110e+00
1.105416504953559143e+00
1.049258827389144333e+00
9.350666859152537702e-01
7.654040911048822782e-01
9.485488291840550312e-01
9.803980710121227293e-01
1.108703711589410945e+00
1.021229775197867840e+00
9.364928728924115653e-01
1.016882073135074060e+00
9.123104872872952464e-01
9.936321829341860923e-01
1.064128920840875514e+00
9.472016065110702154e-01
1.003398298561833935e+00
7.988142813845559020e-01
8.102922106654344425e-01
8.530183547331321448e-01
8.087034713119700680e-01
8.588447404018780817e-01
1.126086849895029607e+00
1.036298989065443266e+00
9.215044336503609435e-01
8.780356641256202854e-01
1.125783332528896841e+00
1.008481229473040530e+00
8.366410434650162209e-01
8.700151500213325617e-01
8.377720036947595705e-01
9.490114773905237167e-01
1.124885397146143218e+00
8.736106208218660241e-01
8.354550127278924654e-01
9.571198944993490887e-01
8.314888387867463981e-01
9.341342189723933487e-01
1.006759492836575287e+00
1.156793511241847261e+00
1.249044422230457974e+00
1.272426190319638106e+00
1.145162665958087800e+00
1.237065409504799485e+00
1.182906037490592421e+00
1.199068807144696436e+00
1.269279805740606504e+00
1.277007743465726985e+00
1.196373786566844233e+00
1.151766290095428413e+00
1.079299733850610510e+00
1.144192118096054367e+00
1.039927614163021818e+00
1.159525008436268712e+00
1.118351028345332843e+00
1.348338037358036923e+00
1.452966772869849654e+00
1.263405861925347873e+00
1.342200059252437905e+00
1.388138291730173890e+00
1.279548555980254410e+00
1.350385587557733080e+00
1.439856145285791866e+00
1.451294541916435810e+00
1.442241420832955257e+00
1.461396304123061762e+00
1.364522261662321823e+00
1.411761345090109199e+00
1.245872423317513134e+00
1.300474358942318887e+00
1.266920754336863464e+00
