1.507891492923917490e-07
6.518989910355150741e-01
5.224551727098640796e-01
5.354978508896817146e-01
6.886329075998867122e-01
4.379754427024296626e-01
6.990070906870622380e-01
7.588764219403170141e-01
7.095981359892401530e-01
8.288260984441384593e-01
8.736808641273743348e-01
7.815459601059729922e-01
8.291559409175084383e-01
1.123131310848044739e+00
1.329504651047462849e+00
1.127401277888565145e+00
1.160862273061002981e+00
1.008377812644919214e+00
1.101257938534929481e+00
9.876207334531249549e-01
8.172217421747469679e-01
7.592626664735517839e-01
9.331260403090412270e-01
1.032493149180307546e+00
1.079787945106592595e+00
1.167927529311458379e+00
1.284969407068841551e+00
1.231729772269209766e+00
9.264136103400275601e-01
1.025623822071754176e+00
1.018552967233522288e+00
9.499653386056985394e-01
9.916221423902910059e-01
1.322070706594848488e+00
1.344675491066121831e+00
1.134265407976446927e+00
1.086921268195334411e+00
1.068092890815941720e+00
1.066057613063119858e+00
1.050869886134863984e+00
1.170182901981006829e+00
1.152508117218130401e+00
1.158450048729295911e+00
1.075025746126172965e+00
1.302128205116073856e+00
1.291648996640282654e+00
1.467102251798881651e+00
1.260234631085550561e+00
1.418163418653023200e+00
1.240689633737179109e+00
1.359077715688709276e+00
1.342817128407209237e+00
1.339309366787766020e+00
1.448094331778242871e+00
1.615536496792019827e+00
1.652355420314839174e+00
1.586637855408437936e+00
1.556792068367096382e+00
1.764205597451544705e+00
1.768554422890004307e+00
1.721102266397360303e+00
1.808408150693392225e+00
1.766544198314406344e+00
1.809228446638011079e+00
1.928398381974803399e+00
1.793392522568614700e+00
1.694829387223717676e+00
1.865180469293281851e+00
1.795771976260958747e+00
1.720711693227091388e+00
1.720177460085833943e+00
1.811278597685546776e+00
1.925652675932959301e+00
1.834298054143034484e+00
1.731935869568455022e+00
1.698433166050399956e+00
1.670161890873920196e+00
1.783355099385932396e+00
1.741980920211431139e+00
1.935712193252930424e+00
1.813331330653215945e+00
2.025276701976283178e+00
1.995009959233118524e+00
2.108890923427534148e+00
1.933450622717364009e+00
2.035621148309672002e+00
2.083053775861716250e+00
1.943913935834914231e+00
2.020039889498391528e+00
1.891185056737307635e+00
1.917749330977257749e+00
1.822152733933988467e+00
1.797562229717706295e+00
1.777041038366364623e+00
1.817630294746705566e+00
1.730635284327943113e+00
1.727371802674866785e+00
2.054600906794892712e+00
2.039411691865411935e+00
2.153799990624319705e+00
