3.015782985847834980e-07
5.299455321575976541e-01
5.855748704060301790e-01
7.289026258889022003e-01
7.358838325495100641e-01
7.971300164650911846e-01
6.340877178502600797e-01
8.095338091880882603e-01
7.537990886458041384e-01
8.198080143827977118e-01
8.008066927039404481e-01
9.985425419659483826e-01
9.960128866833446448e-01
1.101231155465669742e+00
9.281582715014345952e-01
1.039703160304027207e+00
1.309771590646132688e+00
1.088983448392014886e+00
1.278136951378636921e+00
1.322783878755078746e+00
1.225169181716415645e+00
1.232202944636073827e+00
1.276726421396561895e+00
1.124137114766546652e+00
1.235000947745641842e+00
1.277051861005511713e+00
1.244340624538798901e+00
1.301097104002661764e+00
1.346169217063696966e+00
1.333218939972772965e+00
1.467474409223695320e+00
1.514423167026984984e+00
1.640075764457259444e+00
1.755513085123914685e+00
1.658252726260957877e+00
1.736963597356893541e+00
1.720340787006048089e+00
1.779026534020223815e+00
1.757396934151175261e+00
1.735491380687748109e+00
1.581859039720396432e+00
1.613906645811569618e+00
1.705879332390912717e+00
1.684321084504982746e+00
1.959568652519024123e+00
1.960703424846486742e+00
1.966085342592846175e+00
2.053104227266401516e+00
2.066818775371927597e+00
2.107876104122159866e+00
2.072979753139673864e+00
2.188035418451512726e+00
2.090586838190924279e+00
2.156019350462547113e+00
2.199449783345065690e+00
2.113900759592970413e+00
2.141329256884825671e+00
2.238327613325445942e+00
2.170829564056746097e+00
2.267183134702612346e+00
2.158682408872317993e+00
2.088005640138483443e+00
2.109439571921048362e+00
1.978684046598819357e+00
1.898797671353411154e+00
1.810591345791932927e+00
1.934215913729832925e+00
2.020708137094155976e+00
1.995033540549948414e+00
2.035920725496195516e+00
2.085336132580510426e+00
2.222154505769967869e+00
2.201507507309576894e+00
2.323231459291311474e+00
2.336567405819700127e+00
2.380446083244572186e+00
2.543528214934193343e+00
2.530075928454589729e+00
2.448321991135605558e+00
2.445895348057355090e+00
2.506574362217460106e+00
2.531714368656319269e+00
2.625563671206157412e+00
2.628309705432123611e+00
2.735404480838485419e+00
2.515512693660957755e+00
2.787514876231710126e+00
2.768244649804830537e+00
2.783406516948415010e+00
2.664619249621572816e+00
3.039242178705371611e+00
2.929127636333713536e+00
3.059565609223968696e+00
2.930948027202902484e+00
2.953822391815624115e+00
2.862636264150897780e+00
2.723053310104124769e+00
2.626400043515273897e+00
2.886030361346042294e+00
2.783867173007169793e+00
