6.031565971695669960e-07
4.473725976905540969e-01
5.142900861322052819e-01
7.354327534160665092e-01
7.618642538460767000e-01
8.325687251888848062e-01
9.477041168469829691e-01
1.094865225334381797e+00
1.244152511184668741e+00
1.208381281541306640e+00
1.425786200576504292e+00
1.615734372246172335e+00
1.815893635186614619e+00
2.142265678763327408e+00
2.128588861091215367e+00
2.294436151815847147e+00
2.098693310488073838e+00
2.093334541985894859e+00
2.067972225832518163e+00
1.857202043743497510e+00
1.688383586333615183e+00
1.605969743085829515e+00
1.750723299094977925e+00
1.685356895052676274e+00
1.744150723546278536e+00
1.702333267979142528e+00
1.779889037985337819e+00
1.584787373688166578e+00
1.501866090658503294e+00
1.808590134517040093e+00
1.849445599430995735e+00
1.833611457453697691e+00
2.001370842306064990e+00
1.933195252662170072e+00
1.803368218490843056e+00
1.842537941053020045e+00
1.840358082361843728e+00
1.912251072284588904e+00
1.876566172997429227e+00
1.963571743654796808e+00
2.018051940217655105e+00
1.974111455890397826e+00
2.039942396415542980e+00
2.070698100751808823e+00
2.134679621121019721e+00
2.110174540769919282e+00
2.137116083155524482e+00
2.193326533787554933e+00
2.247000046195687606e+00
2.097609082522805757e+00
2.046331926088704289e+00
1.846307219330067584e+00
2.016249445036958576e+00
2.185257169505371966e+00
2.165140538929375413e+00
2.301461466294618230e+00
2.286247432432750859e+00
2.134913822855293297e+00
2.066911814249333457e+00
2.055965542441532179e+00
2.179799072033976604e+00
1.931333328479231559e+00
1.890673836077671144e+00
1.609551275301357665e+00
1.656141301797687149e+00
1.756557190802589430e+00
2.006962280748631144e+00
1.986058086974035630e+00
2.111877245425286986e+00
1.881544341688436317e+00
1.814281990156929814e+00
1.983573465040303851e+00
1.795762899320294093e+00
1.812487874474326022e+00
1.908700514489237499e+00
1.835895368685637408e+00
1.998465740974056493e+00
1.982387528332352433e+00
2.207546518304893013e+00
2.323171718576680256e+00
2.395081877358957723e+00
2.423523529742994675e+00
2.210472936889229523e+00
2.486262541780478230e+00
2.412917831313522665e+00
2.484257774364626137e+00
2.641049363173816555e+00
2.704936342470201982e+00
2.745372014768789448e+00
3.011764728375873723e+00
2.919270286659100488e+00
2.807313183796034561e+00
2.645634195746209283e+00
2.683426618794877871e+00
2.594617069879492810e+00
2.766864245221525298e+00
2.653937482858780950e+00
2.569158527743264031e+00
2.674429809098874511e+00
2.656951114326902896e+00
