2.132480599880017890e-07
6.462686134105674052e-01
6.329038523275923867e-01
7.537376848624907089e-01
8.826338277430368917e-01
1.098099656060878226e+00
9.296595374029249514e-01
8.860528263248508285e-01
1.010991750633840391e+00
8.647998708373072496e-01
9.465096586283194835e-01
9.110062213052408930e-01
9.451486923386992478e-01
9.406075016581781911e-01
1.051877082959505216e+00
1.002397606058331281e+00
8.223033153640145754e-01
8.975256418349099041e-01
9.341624248192634816e-01
7.736165915680504046e-01
8.316311643449548763e-01
8.689345099309144782e-01
9.105461148250060255e-01
1.300620447129451795e+00
1.138149606581612572e+00
1.242452128420436397e+00
1.243040054329413113e+00
1.288667552468469202e+00
1.234021495158033721e+00
1.257047684724568404e+00
1.203842647770873686e+00
1.262515511003263313e+00
1.475377995295491518e+00
1.606423538512013582e+00
1.533678744722995368e+00
1.483551316959695221e+00
1.537165861752847418e+00
1.685853360134152545e+00
1.661649331353263426e+00
1.690346645747399457e+00
1.798435062677544938e+00
1.734257229310847137e+00
1.763594332498456208e+00
1.673617169839603847e+00
1.654473129039642387e+00
1.701843487638025287e+00
1.530034227573928041e+00
1.312871221832509150e+00
1.412782077503127454e+00
1.707468968609239690e+00
1.751132510236142137e+00
1.645404799661262851e+00
1.953835517581491876e+00
1.773946926763690479e+00
1.828040768933057336e+00
2.012422800921470856e+00
1.928542156139765984e+00
1.916205963935944556e+00
1.726793056368504109e+00
1.589013943373462467e+00
1.773623521222135624e+00
1.834440217284489805e+00
1.839568892971435998e+00
1.858687773923596964e+00
1.855207892797802627e+00
1.684583622409305370e+00
1.771449217313494584e+00
1.783647686898122364e+00
1.770835518270634790e+00
1.679909978940892223e+00
1.550971647382293428e+00
1.362601788295195071e+00
1.312421005278369357e+00
1.277718294634905494e+00
1.440867044440048872e+00
1.420759724022483184e+00
1.300765987448039063e+00
1.270187209144538532e+00
1.189281584175505779e+00
1.212467186192714763e+00
1.315796269772839588e+00
1.329364394803333571e+00
1.309976553759050866e+00
1.200471299335617470e+00
1.361582309016676540e+00
1.344221283781922294e+00
1.339139418169142948e+00
1.299989648397660735e+00
1.319389172686094458e+00
1.324504716497999723e+00
1.390869242754938062e+00
1.483823071648818548e+00
1.495622318791681726e+00
1.570634544385391296e+00
1.717950313963474862e+00
1.649147542896813201e+00
1.583199933129634474e+00
1.604711149056660124e+00
1.430536303779034402e+00
1.614929145381215125e+00
