3.693564745147149106e-07
4.490065057150026129e-01
5.388496794357988673e-01
4.386826911600724688e-01
5.897550620855182002e-01
7.923507109323549846e-01
6.930380465901467835e-01
6.954801942689307070e-01
7.831442146043638974e-01
6.027487083111875421e-01
5.709095829491841467e-01
5.615493907572945975e-01
7.732612542499375241e-01
7.497322207169723196e-01
8.634806271148108836e-01
9.104049910907251464e-01
1.006840535147217830e+00
1.022977594942803270e+00
9.693130925123839559e-01
1.268961481908944311e+00
1.306789005281076443e+00
1.453929076518303720e+00
1.675657343675623689e+00
1.638056646181225151e+00
1.721182275866268041e+00
1.423674752768375740e+00
1.272725568521996253e+00
1.425492531655129458e+00
1.541100830663124199e+00
1.707448266342079357e+00
1.614582320856683628e+00
1.710104939782062905e+00
1.778176749213717933e+00
2.041552881938760944e+00
1.987163218431780454e+00
1.933428096453378098e+00
1.963904946524594353e+00
1.952500949842443712e+00
2.093449793489343236e+00
2.033445260900846208e+00
1.861859942164881820e+00
1.816107084471430433e+00
1.870730092045602477e+00
1.973763915315134287e+00
2.122485931551357563e+00
2.046038231640012306e+00
1.926218683209210525e+00
1.911288364686608121e+00
1.951342653228604673e+00
1.824769728630422749e+00
1.786196556092959575e+00
1.822121775600373583e+00
2.002381740757969375e+00
2.180247478215902035e+00
2.177248329497103008e+00
2.382802581993220592e+00
2.484258335988239974e+00
2.584868088205581227e+00
2.419377907793686333e+00
2.286281389056928237e+00
2.321649379715539752e+00
2.315268514162484248e+00
2.421719139574325386e+00
2.426118047794142196e+00
2.419341316386804497e+00
2.441807639474453673e+00
2.419976057008321746e+00
2.521398687585937548e+00
2.552924185696166859e+00
2.747272578511802621e+00
2.882788985482350519e+00
2.913720013797608477e+00
2.863791931964173365e+00
3.037969208584993197e+00
2.852066876563930986e+00
2.983880051243227527e+00
3.026963485758463968e+00
3.185298482563011291e+00
3.147766868347185110e+00
3.138438999281068842e+00
3.238662955348391215e+00
3.204547642968934795e+00
3.293351291488946231e+00
3.354027555721836418e+00
3.425348790810343047e+00
3.462371861582276722e+00
3.364928687133168506e+00
3.290801513452306537e+00
3.230245673527777583e+00
3.045625650509531379e+00
3.186664301645002251e+00
2.981853181762980753e+00
2.890233492568018647e+00
2.891030300512434703e+00
2.653524446277989224e+00
2.545411237273659033e+00
2.548831231713808432e+00
2.722594139611020481e+00
2.869766146875547097e+00
2.943064020986128959e+00
