2.132480599880017890e-07
4.987100503166700394e-01
4.316278173262832474e-01
5.878262372141034309e-01
5.798488517438231682e-01
7.003007951148678689e-01
7.077422495267929881e-01
7.847683210208746818e-01
9.087789730109018249e-01
1.043144865503341956e+00
1.110098664212027408e+00
1.125487626383260276e+00
1.275359864346147232e+00
1.335046824728238990e+00
1.066044430707816737e+00
1.210204080618769495e+00
1.152555890256541371e+00
1.233506308067544799e+00
1.139819392584544344e+00
1.155028235609623088e+00
1.172447457804882465e+00
1.169445001206432799e+00
1.220650851948322790e+00
1.398207385569380401e+00
1.406752683054099284e+00
1.451763892868779049e+00
1.668432184229423410e+00
1.706794434105624259e+00
1.627460255820335044e+00
1.778042652908748300e+00
1.691462327241922470e+00
1.650579941580839094e+00
1.705051423952450573e+00
1.824155281537435558e+00
1.858191519070179654e+00
1.999156867660875525e+00
1.775849911541971249e+00
1.569792954039731514e+00
1.426008472182032971e+00
1.557937226436208578e+00
1.326369950415952514e+00
1.373609492579767055e+00
1.329352347166637083e+00
1.486918480253705210e+00
1.573699715351886130e+00
1.560689729005711124e+00
1.456580672218709349e+00
1.468693983139245152e+00
1.472896764294182814e+00
1.546670380086673235e+00
1.540829209821810597e+00
1.462621178829313751e+00
1.574069616844859576e+00
1.581413856574785504e+00
1.610924813956208679e+00
1.473595509149229654e+00
1.645043978123618356e+00
1.770174469443846155e+00
1.616260433707851885e+00
1.527845768071241395e+00
1.248044221217204264e+00
1.403128229403935556e+00
1.345044401067653439e+00
1.381677579647733634e+00
1.604090373696909655e+00
1.620099348238771775e+00
1.575172294366266934e+00
1.723383120910946475e+00
1.886575126690828386e+00
1.801291860904100872e+00
1.509756662266887428e+00
1.656976378977448761e+00
1.679513716592061945e+00
1.854631361268247458e+00
1.887829498496687686e+00
2.025470626727958301e+00
1.919500894608465291e+00
2.073343145926593412e+00
2.097947430643987587e+00
2.173318381628851714e+00
2.193385339492813557e+00
2.197430130640950274e+00
2.152592075735400012e+00
2.128868081670228563e+00
2.115400789967730066e+00
2.183303389465464317e+00
2.237627138391749426e+00
1.925689161394865012e+00
1.936521538736879267e+00
1.956856776578624668e+00
1.790298228602947184e+00
2.020800663824693810e+00
1.920451894279525007e+00
1.737267290936164388e+00
1.635747280153246885e+00
1.816309528383893479e+00
1.769915224011740396e+00
1.819453034568054628e+00
1.866394016470013906e+00
1.959178802137064856e+00
