2.132480599880017890e-07
4.068670295248937308e-01
4.044101394376604097e-01
5.416748672585338653e-01
4.255773011080469237e-01
4.052910286773362403e-01
4.939522982013764274e-01
5.887813996718707088e-01
6.979553241505757066e-01
7.332597251615340372e-01
8.023131055678901502e-01
1.069992463981328301e+00
9.315958572680782535e-01
9.086391600753059850e-01
9.430959444281473703e-01
1.109426573915029302e+00
1.191816538246671442e+00
1.109428519164125104e+00
1.221587506550521063e+00
1.131318211206752133e+00
1.087292689053748429e+00
1.086136934395184772e+00
1.091956125891363927e+00
1.100473012994001909e+00
1.164452467969434801e+00
1.128506611998789877e+00
1.095274064844338424e+00
1.112100230709066606e+00
1.129000292397361660e+00
1.203900646329676416e+00
1.221626318734407413e+00
1.454730318124519473e+00
1.284693491428440026e+00
1.315106931967909176e+00
1.325861405005793081e+00
1.386939502082751519e+00
1.410917052714713682e+00
1.328754901736369343e+00
1.238396448312550691e+00
1.309616208713964225e+00
1.309713047333564750e+00
1.135717938240257796e+00
1.279024313222640652e+00
1.203165178096905708e+00
1.234394642484902160e+00
1.062814931631772097e+00
1.165273901880125695e+00
1.167337201006496850e+00
1.206992675997709652e+00
1.163357449915244146e+00
1.128186956848568068e+00
1.107268455209868607e+00
1.219645420386663348e+00
1.196382164088804601e+00
1.221700100488126717e+00
1.109749156161963013e+00
1.214079624932987933e+00
1.334481463145546165e+00
1.153754421808047770e+00
1.237533298477405452e+00
1.117750938151461426e+00
1.100821788802139212e+00
1.059243722844384727e+00
1.099436628713176045e+00
1.134949920724159789e+00
1.195784091117934933e+00
1.012223465570628367e+00
1.129890712516709250e+00
1.144445474266953200e+00
1.217573535689413733e+00
1.164172835913590331e+00
1.064005079905064655e+00
1.069123498598968380e+00
1.178848910847739351e+00
1.181567091150205862e+00
1.120975482174238147e+00
1.255923875252201283e+00
1.164275209464764371e+00
1.216336868612887923e+00
1.271817579458355940e+00
1.301983149347902158e+00
1.271176091517416173e+00
1.062514234718683115e+00
1.138487642744604234e+00
1.010314993585980092e+00
8.855220395955817336e-01
1.080119555954789368e+00
6.837559355598806787e-01
7.720870139141919886e-01
8.413320259099587028e-01
8.195244637836245349e-01
8.549335058015710143e-01
9.071164889191100089e-01
9.945600594616322843e-01
9.433629361328754737e-01
1.112845330529274257e+00
1.126569916589012399e+00
1.322959022763038783e+00
1.407391970312421803e+00
1.388077437246090229e+00
