0.000000000000000000e+00
5.447010198616845100e-01
6.605981280917395670e-01
7.364885274696598705e-01
7.105970865452718721e-01
8.881274545317907609e-01
8.261329085769603120e-01
8.750301545279107751e-01
7.407399424301580604e-01
7.213320687270631248e-01
8.770528513550188698e-01
6.262204545235483533e-01
7.017182654412301712e-01
7.838366515054788763e-01
8.860643320661203415e-01
7.854758344583168128e-01
9.731617912410256421e-01
8.584925225889621370e-01
8.955413498439256381e-01
7.615661897912445744e-01
7.913746989271771559e-01
7.938057192345142621e-01
9.706418940264095463e-01
8.735740344894861176e-01
1.013976146397919775e+00
1.009015778895514970e+00
1.106314844359291394e+00
9.987796165863784825e-01
1.090159406420641464e+00
1.214213935524783849e+00
1.210500553186546036e+00
1.117445501725451873e+00
1.211207357319107558e+00
1.283822132963099216e+00
1.316159114146294717e+00
1.348060157263733627e+00
1.260912589531996808e+00
1.409917033790933028e+00
1.550637650563312153e+00
1.598196300699801231e+00
1.571229058793932820e+00
1.689654090363721828e+00
1.646083813119797234e+00
1.628660062103580275e+00
1.617254777533587262e+00
1.598968729561097257e+00
1.731872716699979886e+00
1.700075077281589575e+00
1.829695619928041639e+00
1.841169825166861562e+00
1.827850909427532589e+00
1.872485235241424073e+00
1.606251284215719055e+00
1.633575533245387179e+00
1.816051076106324880e+00
1.619007711191929655e+00
1.832321368812746432e+00
2.024751686963306874e+00
2.105245795111819529e+00
1.848795897518613840e+00
1.755208287090324948e+00
1.858871955881785665e+00
1.732850190797827539e+00
1.810028453408997873e+00
1.759425026407027248e+00
1.692995931175170776e+00
1.647033642044434032e+00
1.534977265104336075e+00
1.633642420039204124e+00
1.664981802857637527e+00
1.599447180918127875e+00
1.769632252780418469e+00
1.646742448018216898e+00
1.729852913049932051e+00
1.737655147556214752e+00
1.916977850268606565e+00
1.904748169382206369e+00
1.944156326894086240e+00
2.156569369012317772e+00
2.080641991065779184e+00
1.993891905185598556e+00
1.987561022930627974e+00
1.886311044451664864e+00
2.008264872488181751e+00
2.010143477531185496e+00
1.757364707167484053e+00
1.723906704492561115e+00
1.695744799140511017e+00
1.619922883625616317e+00
1.577601868348705416e+00
1.493820831561063045e+00
1.654646007414743325e+00
1.558181567555096958e+00
1.288150029282499665e+00
1.367286514298956535e+00
1.630223313106983207e+00
1.584156663998063319e+00
1.535492235179960918e+00
1.491451747621854285e+00
1.576138988262910878e+00
