7.979011788693194987e-07
3.265599262248341517e-01
5.169081716108555602e-01
7.758171742645664226e-01
8.095996980452900837e-01
9.433012916385953295e-01
8.834750874187494718e-01
9.028871160021308961e-01
9.369402034783862465e-01
1.111774728357501019e+00
9.754187033202471602e-01
9.519185707623646353e-01
1.144742888989368268e+00
1.054968464901623104e+00
1.189336536301664360e+00
1.283610160495030073e+00
1.349042759002495151e+00
1.559564800891918956e+00
1.414422631594583146e+00
1.662203945108603920e+00
1.576098540976263784e+00
1.485259809424736233e+00
1.549714231429841549e+00
1.474126489423816855e+00
1.506225168434294881e+00
1.469510375088169951e+00
1.635738280459937188e+00
1.488108932436726262e+00
1.688694186603337588e+00
1.714303894944469775e+00
1.673472511814811714e+00
1.615267077962129649e+00
1.823508532173100383e+00
1.848373336531941469e+00
1.681101653451273048e+00
1.499987561089279220e+00
1.598874606446421875e+00
1.678281283508749722e+00
1.539420471439156834e+00
1.645627611729719275e+00
1.601145062277429476e+00
1.526997613564026635e+00
1.618912858605108473e+00
1.537281167361507883e+00
1.656875824296598410e+00
1.540865397162514361e+00
1.712951698143724277e+00
1.620424040669365962e+00
1.649119616989582982e+00
1.585674079132817882e+00
1.714615422962387559e+00
1.835413589987184846e+00
1.603294957677998012e+00
1.665478378754968292e+00
1.781762268244533098e+00
1.552634567199628668e+00
1.570063409757057160e+00
1.566591213757282830e+00
1.602357603919589257e+00
1.584666703007205690e+00
1.654481839071368254e+00
1.676742215835931749e+00
1.800858068693728997e+00
1.813652020032512580e+00
1.749305349269748344e+00
1.872180731591001734e+00
2.101733920661747135e+00
2.201722871914805868e+00
1.942099159254610186e+00
1.902970097317929099e+00
1.898390659500988509e+00
1.938639283999992191e+00
1.701432201496987151e+00
1.537277670031892862e+00
1.526453236251844814e+00
1.447103277963852630e+00
1.471645926365304113e+00
1.836259145873011756e+00
1.706233608753376707e+00
1.616263099036289397e+00
1.577878869214727420e+00
1.404604810828006256e+00
1.565427789166150774e+00
1.738823228229149587e+00
1.568503045132964457e+00
1.526945390872351815e+00
1.487155390153623191e+00
1.279457984956285932e+00
1.241156149401044573e+00
1.432325175534710837e+00
1.351706446012430618e+00
1.324887406683475932e+00
1.371965692526091685e+00
1.388175856095712479e+00
1.522378731542281427e+00
1.571444406848776953e+00
1.661029081357813464e+00
1.834954172364014813e+00
1.802087849479983017e+00
1.521165030047446409e+00
