2.132480599880017890e-07
4.811536422047548167e-01
6.151732988312186290e-01
5.289006048838021945e-01
6.795894178071416603e-01
7.620112673448891094e-01
7.027398467504784030e-01
7.704247988007173475e-01
8.260578433314296198e-01
9.522969981708507836e-01
9.785210889157073266e-01
1.062852343557706192e+00
9.404616076041252271e-01
1.102092841470230233e+00
1.064443919365464453e+00
1.086499127825077515e+00
1.020727632503923621e+00
1.019353906337266080e+00
1.054265192382090044e+00
1.049375787129488424e+00
1.442259708055244838e+00
1.425560503918871236e+00
1.527445389371237416e+00
1.464281039752278524e+00
1.608341001048288366e+00
1.803910138882225178e+00
1.586898631996326303e+00
1.777275990044367981e+00
1.590228638566245412e+00
1.560577801563769684e+00
1.589691080893031128e+00
1.746657324646397891e+00
1.846432708911444953e+00
1.734140260193431926e+00
1.684652182092527095e+00
1.657562895688542648e+00
1.645128729373824150e+00
1.450426449883974289e+00
1.413514218001841849e+00
1.582541054983953810e+00
1.827882195931603393e+00
1.847487482540242754e+00
1.742689888691171030e+00
1.611442226868898375e+00
1.587180858914991832e+00
1.736461820828304026e+00
1.799483720863274350e+00
1.812865087152850663e+00
1.603121191188711547e+00
1.644853900541067393e+00
1.839695040949834492e+00
1.799772539376473857e+00
1.574276464214322768e+00
1.800266480353258425e+00
1.739613444045139623e+00
1.662565535645925685e+00
1.769233660725809010e+00
1.977423594708938248e+00
1.966582972651879979e+00
2.025245766739247610e+00
1.966229753826432614e+00
2.102128792193865170e+00
2.109208439609620012e+00
2.229944669023315562e+00
2.197984438894240444e+00
2.171463847919409496e+00
2.228496358380960718e+00
2.062556448112749408e+00
2.145294176743980152e+00
2.063907257284360863e+00
2.358301132383660015e+00
2.339857677795043500e+00
2.606589876091168545e+00
2.457763787727427207e+00
2.626356387900999678e+00
2.431459204748833258e+00
2.485841943029782453e+00
2.340295763806000018e+00
2.156153654356393279e+00
2.206755546596043338e+00
2.234252071471043433e+00
2.266428677648193446e+00
2.099571527610875510e+00
2.180722820081783198e+00
2.453062403526632185e+00
2.166798491989676556e+00
2.128508318009618261e+00
2.183991333516435596e+00
1.959210076104315412e+00
2.110395574507542005e+00
2.022952532026176975e+00
2.053295571881130321e+00
2.243610694710116871e+00
2.307592218441332665e+00
2.287724703032636420e+00
2.300254861206855850e+00
2.116252361333200049e+00
2.361009192289589276e+00
2.446705631475941001e+00
2.263952575777340215e+00
