4.264961199760035779e-07
5.982965265405706390e-01
5.059804046145117695e-01
6.401279589869044440e-01
6.561970448262749445e-01
7.031582412324575149e-01
9.139224530724148199e-01
9.773701155831404641e-01
1.034753879159533430e+00
1.084997884387230327e+00
1.161964555142139144e+00
1.121936658143954491e+00
1.167319369628919912e+00
1.142117163830290272e+00
1.089135373384549688e+00
9.665612172603937902e-01
1.027880660463201590e+00
1.227185015179507843e+00
1.300672014019085720e+00
1.270124119568473597e+00
1.462659818533871725e+00
1.270390076226386000e+00
1.282102747633380613e+00
1.623971087425980508e+00
1.677228770338759611e+00
1.946710062696573651e+00
2.154910165479290374e+00
2.189350305373577221e+00
2.200805533865191510e+00
2.015073551593006940e+00
2.091416620410154970e+00
1.991900029148712337e+00
2.129758284479262187e+00
1.886686357547335824e+00
1.890962036042080463e+00
2.092386214651077658e+00
2.061585368997418399e+00
1.719344159619501378e+00
1.684002299475197972e+00
1.627399708244583243e+00
1.757094536566291998e+00
2.007768823244068912e+00
1.656454560652757868e+00
1.606322809724311629e+00
1.607380411489967020e+00
1.556943144705957405e+00
1.653786014704898832e+00
1.682129234935074713e+00
1.949130645313467136e+00
1.987576776462030903e+00
2.035274638753328702e+00
2.011267069944964181e+00
1.819400971677644474e+00
1.676947114129690330e+00
1.612306705741135993e+00
1.750791436308393401e+00
1.924724506172878380e+00
1.805116287686853394e+00
1.959973982583386620e+00
2.007317944437668089e+00
1.986590258140965792e+00
2.044373908322534739e+00
2.090349814745174228e+00
2.131020740995958729e+00
1.922666226294041492e+00
1.883096465834167343e+00
1.718046570415146634e+00
1.839000748412655151e+00
1.939722736672372383e+00
2.192106204270487524e+00
2.522806986833181497e+00
2.484781847885463524e+00
2.535973222544816608e+00
2.662082759026688006e+00
2.678190533333016266e+00
2.590208906040524894e+00
2.551360637952084343e+00
2.514653554632547028e+00
2.556093441858346527e+00
2.339416969435357707e+00
2.333033274250396971e+00
2.373410687711491107e+00
2.230092945744965860e+00
2.187215416375886345e+00
2.123986424153324393e+00
2.370925021265273269e+00
2.431122665535184080e+00
2.253449605061124128e+00
2.317266532300639614e+00
2.337313058746532057e+00
2.280859345721494513e+00
2.267206567028047903e+00
2.205570481737078481e+00
2.375493747262343192e+00
2.248090131627530130e+00
2.574464773476722979e+00
2.510729759879824385e+00
2.572238249532174947e+00
2.537538504526126726e+00
2.683767938545915666e+00
