0.000000000000000000e+00
3.255867043147962492e-01
4.556962538856785261e-01
5.745695365270425681e-01
7.332215078579219503e-01
6.893481050829948220e-01
6.148993102443723879e-01
6.279487669663091909e-01
6.829758575670364928e-01
8.302283517075437214e-01
8.458988245110289350e-01
1.025058278613262486e+00
9.575632745632352005e-01
1.116959132655150455e+00
1.171735886339905219e+00
1.058643237872726850e+00
1.330778862282196995e+00
1.200758880852875521e+00
1.187842137493191341e+00
1.449553366122459774e+00
1.475224506344993136e+00
1.342705255680711973e+00
1.503059087488329837e+00
1.595843523066727387e+00
1.547702847457355979e+00
1.559815343257921594e+00
1.612405399438284093e+00
1.588321772470163484e+00
1.561629905887322867e+00
1.527677722668375981e+00
1.399443492019929458e+00
1.495921083349861291e+00
1.591276426512340247e+00
1.541025496271772210e+00
1.483242902364477089e+00
1.489628293548223237e+00
1.644876197228988701e+00
1.476091552225059056e+00
1.677091258736242985e+00
1.665556050015708944e+00
1.674655283178597909e+00
1.748107724400175700e+00
1.586333163346518971e+00
1.766224396447261924e+00
1.763855867167128055e+00
1.741510800080618093e+00
1.773853332720484843e+00
1.852009424266426008e+00
2.070094130411235245e+00
2.029007994383101643e+00
1.795975253659957138e+00
1.600079893186947988e+00
1.810282982663085738e+00
1.705586978271125709e+00
1.874216816971816746e+00
1.754991168092132403e+00
2.193173849723608182e+00
2.325337557674895361e+00
2.312823865306733673e+00
2.283821672558989047e+00
2.342712805009182109e+00
2.364142214366590000e+00
2.179477981295986577e+00
2.246372674357645760e+00
2.310909505865251123e+00
2.305752242382392847e+00
2.395776081025852822e+00
2.239865399309048488e+00
2.171313543048756234e+00
2.236913149514586419e+00
2.190755070538862093e+00
2.274043200758245398e+00
2.435891242224462960e+00
2.401652167393979465e+00
2.528061113428978768e+00
2.379235120166184991e+00
2.255761673506676335e+00
2.482096376883414557e+00
2.377300968548714533e+00
2.417551384346604770e+00
2.438258953466022394e+00
2.458672812196843527e+00
2.648809193197747103e+00
2.491359991698576248e+00
2.565796473982078663e+00
2.771764312065538860e+00
2.997561757186078868e+00
2.838611389455814482e+00
2.924279901187281538e+00
2.880389383686257965e+00
2.787865558925290532e+00
2.888182461263070433e+00
2.878941690837442557e+00
2.695198537800532090e+00
2.710010841656131930e+00
2.690030172853739465e+00
2.674914565247787923e+00
2.506771846467334530e+00
2.485437599224615823e+00
2.575288284493631341e+00
