4.264961199760035779e-07
6.548668009511752208e-01
7.781880714692688272e-01
7.809885464082503281e-01
8.707810208868653756e-01
1.137090598583698986e+00
1.177128105593640894e+00
1.034964851425264287e+00
9.446347735602241835e-01
9.003958456240126473e-01
1.071273621221776828e+00
9.768944678470508070e-01
1.107653739222593137e+00
1.166279601611372785e+00
1.427500099168935943e+00
1.317857427802439751e+00
1.354108405984834285e+00
1.303337685414051705e+00
1.330297286774433152e+00
1.440352931506472922e+00
1.382103299296578491e+00
1.303694396845026970e+00
1.348847328575877080e+00
1.400567584766212237e+00
1.587395937041485627e+00
1.477701535202205596e+00
1.426522129078497292e+00
1.244734974708504804e+00
1.361646308401636363e+00
1.376941817645188415e+00
1.387718587173838225e+00
1.349056956687398667e+00
1.302881190512100495e+00
1.301483211067687940e+00
1.268792540860644857e+00
1.259466625246509208e+00
1.280565908301473987e+00
1.276717343455020526e+00
1.361130161058283550e+00
1.350263254913356192e+00
1.395106411373392863e+00
1.474453013959731829e+00
1.429018323609933194e+00
1.715653388226473508e+00
1.890488916157380794e+00
1.711728493135676876e+00
1.489306749355802761e+00
1.494858804643030670e+00
1.488694410677768865e+00
1.479544628715411259e+00
1.643573395681764859e+00
1.371556379344518239e+00
1.578257148152921729e+00
1.392338288241742772e+00
1.492355665939107956e+00
1.530469925422162314e+00
1.533831840188778717e+00
1.399329087275423822e+00
1.554901755549507492e+00
1.549430058285985012e+00
1.629920370568074262e+00
1.610760919201233099e+00
1.529007132083865184e+00
1.640371393848929049e+00
1.569492390929485781e+00
1.529752245439307767e+00
1.655942470593152693e+00
1.786628168691235752e+00
1.905651562995797521e+00
1.960054252772263528e+00
1.893085525177349071e+00
1.865213144908420606e+00
1.854900265025672734e+00
1.711890580767220005e+00
1.849130884807219877e+00
1.849110037145482499e+00
1.697595832745394162e+00
1.662316103160380587e+00
1.810929003602150367e+00
1.667626137433571243e+00
1.800532310820884163e+00
1.659706555112982818e+00
1.736916126461500509e+00
1.542340314834172332e+00
1.769502082610261207e+00
1.782001328137398533e+00
1.751954783841017660e+00
1.861153557921143342e+00
1.817507476908516439e+00
1.667208155669140934e+00
1.616051291390681932e+00
1.602192564090801907e+00
1.521072121675651978e+00
1.409973688327159191e+00
1.490251430686562628e+00
1.589068616882977292e+00
1.691751300630162991e+00
1.738176247643754113e+00
1.899887492767095232e+00
1.644829527412181802e+00
