5.223489356090222115e-07
4.063282731404885828e-01
5.378768011274630556e-01
6.566073442164735985e-01
8.035025157975044241e-01
9.445715043389879551e-01
1.065747368866855727e+00
1.107207520120635946e+00
1.045666703039703771e+00
1.264318804405914154e+00
1.663636988742819067e+00
1.445467044056957029e+00
1.469117498967090985e+00
1.488260664869879735e+00
1.638699260225449761e+00
1.617171643931574421e+00
1.634089829757691792e+00
1.718330320238099951e+00
1.809359926984069000e+00
1.758231777043855137e+00
1.840943154790381620e+00
2.022847220800972678e+00
2.066830017629350813e+00
2.114134702111918784e+00
2.125188113244766974e+00
2.223464382769909431e+00
2.315184847735152651e+00
2.239629743395925576e+00
2.308625621971883035e+00
2.204085683972498266e+00
2.431091134214897753e+00
2.625382684228295460e+00
2.666783760013112570e+00
2.766967232389872411e+00
3.019718820287284000e+00
3.139123176213736155e+00
3.165880435721892816e+00
2.995648353831370958e+00
3.083721344605822257e+00
3.151950424725080691e+00
3.156745133577976592e+00
3.141676972020456038e+00
3.129447337022570608e+00
3.238474348921466461e+00
3.083957450503603148e+00
3.425245061149227332e+00
3.329635435618762074e+00
3.484964459582372776e+00
3.637068881781422292e+00
3.464449055983485959e+00
3.677099058460473024e+00
3.551969136504803615e+00
3.775046005851201425e+00
3.909326357849735256e+00
3.766626677826884428e+00
3.638661215571819874e+00
3.591886491327803910e+00
3.647812277001890369e+00
3.537468011922563882e+00
3.580422169011402200e+00
3.538583515157615267e+00
3.408665838842627416e+00
3.253514717132531597e+00
3.331950519956666579e+00
3.286248597207285016e+00
3.115373058020880936e+00
3.128977189936525072e+00
3.127704179485802261e+00
3.176210037959768417e+00
3.078949994852895333e+00
3.171281253161585933e+00
3.067809515173852031e+00
3.098527371509358641e+00
2.998348494475290504e+00
3.108594470986776326e+00
3.178067124685237221e+00
3.120569517447238983e+00
2.887975083529119580e+00
2.932882204594804865e+00
2.923888537983867941e+00
3.062740537506922323e+00
3.109883632889723692e+00
2.982070953405831837e+00
3.045972040103666068e+00
3.278204125542004466e+00
3.080011741570032768e+00
3.321690502532523404e+00
3.340089646246823030e+00
3.585614247531742738e+00
3.814527884618942988e+00
3.827613109932006097e+00
3.817128375943083629e+00
3.914986603166635604e+00
3.988702424425633719e+00
4.271621747566238803e+00
4.162776916915083447e+00
4.287985389705428751e+00
4.295563801994123132e+00
4.325361857059609072e+00
4.549917767009107550e+00
