9.536743164062500000e-07
4.586415315846812391e-01
4.869057828164528590e-01
5.763823832043234452e-01
5.209293524784762708e-01
7.602090959914070689e-01
8.627182608856311941e-01
7.772104682609383142e-01
6.301229541235914278e-01
6.911207779556514108e-01
9.397942619398629294e-01
1.116799020339207305e+00
1.323409061831924749e+00
1.336558609989537905e+00
1.492499207087865543e+00
1.661175127662889217e+00
1.820179265271304470e+00
1.832829721322669858e+00
1.871032381920086030e+00
1.954125989045822465e+00
1.949656072781270399e+00
1.979344941955981652e+00
1.701631124144118656e+00
1.822287980384430961e+00
1.892197881691947137e+00
2.278091096359939449e+00
2.439997129435712786e+00
2.340277146276286580e+00
2.438312809709646256e+00
2.433941464113418718e+00
2.537335974296676788e+00
2.779357440795860335e+00
2.592198068304758074e+00
2.783543777552326404e+00
2.841457042107441211e+00
2.711674609406824921e+00
2.908984804941747271e+00
2.864558832264376687e+00
3.038443819920290778e+00
2.979225367180186712e+00
2.842666390141435073e+00
2.880601985419006361e+00
2.779371368692324040e+00
2.868840117584344096e+00
3.048061961607602122e+00
3.096832771175795251e+00
2.958786368830747193e+00
2.806407416123426035e+00
2.948126563076255202e+00
2.660496414985655811e+00
2.758890726920716574e+00
2.799914841385956699e+00
2.909357956462881756e+00
2.839551817978855919e+00
2.920077833689019631e+00
2.939709555559053555e+00
2.788414962669710562e+00
2.882838525029546073e+00
2.724763137129920576e+00
2.689322265542235524e+00
2.587425409086253403e+00
2.627396391315518720e+00
2.812988328678470484e+00
2.871211771299665649e+00
2.509813824175289643e+00
2.729761870284312053e+00
2.746205331742818334e+00
2.884072622080332327e+00
2.797929998061329471e+00
2.948472784055699680e+00
2.868137720745099095e+00
2.811268722912840357e+00
2.831034882653521212e+00
2.805803290166635211e+00
2.892152837572178559e+00
2.848247104432837240e+00
2.696231412909928959e+00
2.858681317188046744e+00
2.713443756341979984e+00
2.779170217615999583e+00
2.700884810618140897e+00
2.721998137122642714e+00
2.796040586309773257e+00
3.034991745498800686e+00
3.109886208015507858e+00
3.161349814439534445e+00
3.254632044261044577e+00
3.362941025233613601e+00
3.432848727488040819e+00
3.590178624540790953e+00
3.659024092648922810e+00
3.622871807560605895e+00
3.864733400121241225e+00
4.009388267553696039e+00
3.906469475341164177e+00
4.132135291044981784e+00
4.179544967603552763e+00
4.245441457126176488e+00
4.309016399338054804e+00
4.385355615103015303e+00
