0.000000000000000000e+00
4.800784000713670396e-01
5.947282593338958367e-01
7.920504039968384591e-01
8.821088118326905203e-01
8.930497423538609203e-01
1.029561171353906346e+00
1.264601991229220346e+00
1.165462133992545724e+00
1.217378895479314549e+00
1.230808122855034492e+00
1.194939988696224198e+00
1.287502182361924374e+00
1.159829709771884154e+00
1.204476681332332211e+00
1.062008023009981095e+00
1.290185176990276794e+00
1.297938359212625459e+00
1.227709510677894578e+00
1.371252411106231417e+00
1.555927946714434018e+00
1.624955360213521161e+00
1.454047904123510593e+00
1.257091143573277670e+00
1.074850094201915907e+00
1.377077208208155490e+00
1.485766232481174232e+00
1.564874059456737854e+00
1.673887577361562684e+00
1.864359883809515672e+00
1.916335339393007153e+00
1.922631960755532665e+00
1.796117406088327817e+00
1.807764606762406911e+00
1.875188355011670138e+00
1.973550204672998687e+00
1.900705049009050462e+00
2.117894983993100499e+00
2.160049721246901200e+00
2.157746790362456313e+00
2.017249232716887608e+00
2.027984518637769629e+00
2.084817008414296513e+00
2.270973153071612405e+00
2.059472980694401212e+00
2.039686954342073033e+00
2.138078134653880635e+00
2.241122200154548771e+00
2.304541731843637198e+00
2.231302435815097684e+00
2.314088599986392936e+00
2.348699410241984253e+00
2.288486767870213434e+00
2.388433479439504570e+00
2.349988909015464866e+00
2.384806409438391839e+00
2.465280508566747297e+00
2.399124312519838043e+00
2.598183544815437784e+00
2.433031136141980966e+00
2.435369197787391915e+00
2.437082557332846733e+00
2.539305033789521993e+00
2.547602574294020261e+00
2.403768412212540007e+00
2.383034378499612860e+00
2.391073812030836354e+00
2.384975895954995373e+00
2.296838981561895032e+00
2.600681460058836603e+00
2.735157050022020364e+00
2.682038351034309542e+00
2.553496678303787792e+00
2.651259217836171800e+00
2.535646053714084136e+00
2.377546052169131841e+00
2.639814069085845372e+00
2.577862721444645455e+00
2.339015924598466967e+00
2.135649713851903275e+00
2.128134570534698344e+00
2.085835620790328804e+00
2.166122751151347448e+00
2.298559619980937718e+00
2.438644196981031964e+00
2.220442578731526062e+00
2.056153487274481328e+00
2.141992399121430246e+00
2.085808194150432726e+00
2.042002749639538095e+00
2.044310574979838258e+00
1.971330761206079085e+00
2.024146599776278865e+00
1.982276317450513137e+00
2.105803106588829632e+00
2.142460274746202042e+00
2.031324151476627815e+00
1.853977220871438236e+00
2.100874579462805869e+00
1.886359680284527496e+00
