3.015782985847834980e-07
5.114260502478902293e-01
5.022632172812415696e-01
6.373030637718366531e-01
7.771988313069402299e-01
9.700493073573471792e-01
1.211212729266443189e+00
1.245062664104633177e+00
1.335812701342695030e+00
1.280116105381479574e+00
1.451947933768860111e+00
1.339972977033152102e+00
1.479188131943938389e+00
1.559255593752663760e+00
1.461233250386398952e+00
1.335257793685579619e+00
1.374372340223924516e+00
1.263996470840777375e+00
1.380893362385698930e+00
1.388345107321621530e+00
1.500554117187890668e+00
1.492026003426073499e+00
1.450431578840812641e+00
1.703192703071488179e+00
1.649083234727405367e+00
1.825754957459202021e+00
1.701373272079489185e+00
1.701234649564303592e+00
2.036211220773745278e+00
2.130049989269296784e+00
2.100514962104842898e+00
2.116559821751730297e+00
2.148612838788964474e+00
2.146993189553566772e+00
2.189753141138645276e+00
2.294855007138171032e+00
2.288004295521376630e+00
2.334822203161456944e+00
2.611411290576590716e+00
2.579430512057549585e+00
2.584891650739304492e+00
2.417671066831687643e+00
2.416299078003901091e+00
2.330218593494223445e+00
2.437794561961951878e+00
2.469987680598169089e+00
2.342740659727515773e+00
2.275290138371692805e+00
2.358898691818961613e+00
2.417079459022950516e+00
2.656734096204266482e+00
2.599019069722606101e+00
2.734358281530245183e+00
2.814779146958900746e+00
3.094366299951313515e+00
3.046501469115914240e+00
3.024942241199966908e+00
2.941099351516675675e+00
2.866733040291457257e+00
2.999749263847574010e+00
3.052907454471855075e+00
2.997655972307406991e+00
2.954428482652631249e+00
2.876324361153220543e+00
2.773326157935931846e+00
3.001010916726477795e+00
2.768604927936554105e+00
2.730889045265809667e+00
2.356344761646564478e+00
2.296230726131062383e+00
2.438499375505987388e+00
2.635216285263021874e+00
2.521994242140188636e+00
2.400582079070664676e+00
2.494633620402013197e+00
2.551976150101456842e+00
2.428899958541035797e+00
2.540473710659322482e+00
2.410627124100762408e+00
2.471534683557445877e+00
2.457910608014790999e+00
2.440002355241971621e+00
2.489863498345552983e+00
2.685662079786826695e+00
2.745821214099448682e+00
2.605452173749017941e+00
2.629318752344579568e+00
2.530772633634231994e+00
2.578006079312209931e+00
2.523892585224007945e+00
2.733819126870828065e+00
2.568017089295631994e+00
2.627169774071495212e+00
2.577475665903911306e+00
2.511652863106247136e+00
2.486553957205453358e+00
2.447782642516957541e+00
2.326539012493281433e+00
2.481186117617354192e+00
2.395628387917548174e+00
