2.611744678045111057e-07
3.730328627735188252e-01
5.307862244589771628e-01
7.765275588984399402e-01
7.703205207675684063e-01
6.945622122113244146e-01
7.901182338377239489e-01
6.990151466563347959e-01
6.782130556930738852e-01
7.863138316671902661e-01
8.871200029488790495e-01
7.889022328038276521e-01
8.986389111356574144e-01
6.765394447164403413e-01
8.403729055247511903e-01
8.153805053677515291e-01
7.916646919135200688e-01
7.959736438118989454e-01
8.766074788068685120e-01
9.631322102285827524e-01
9.004245836899112954e-01
9.212943133206277224e-01
1.108314937773318798e+00
1.101231577340572976e+00
1.105538047956393877e+00
1.129987843641939937e+00
1.106952098477262059e+00
1.074725528714032929e+00
1.013987923216230103e+00
1.204924346776872657e+00
1.277511791139212205e+00
1.336063162508893232e+00
1.328671421007964204e+00
1.315178908145369308e+00
1.509244594801620210e+00
1.506843888628059513e+00
1.617467606107753975e+00
1.835716602062133163e+00
1.707785040321703640e+00
1.814074144073857919e+00
1.785405997082672114e+00
1.697998188383132323e+00
1.753364096321109677e+00
1.696532573829804047e+00
1.934516736709889884e+00
1.688946520584269972e+00
1.733246860069690198e+00
1.792436055992921773e+00
1.969129272975967515e+00
1.938127479764290451e+00
2.092243024089317505e+00
2.197440656797033043e+00
1.950562586582838875e+00
2.082988218233546629e+00
2.044699217181210837e+00
2.067223943590489110e+00
2.153182407642153517e+00
2.173312479777448125e+00
2.066825674039164173e+00
2.162397336637446710e+00
2.176764602529867698e+00
2.124355673412457346e+00
2.152731252204935775e+00
2.262912066432508418e+00
2.423752852660332024e+00
2.313616457246434166e+00
2.285424286845146202e+00
2.330137176855410885e+00
2.155299685373634588e+00
2.188206944725668457e+00
2.325399510712310214e+00
2.325393838099639066e+00
2.479939749507240609e+00
2.451885924924706917e+00
2.446421119730538329e+00
2.321412603471068259e+00
2.160988975572591286e+00
2.233408196297355541e+00
2.275127037995014589e+00
2.346999397705425761e+00
2.558397997404713298e+00
2.593431871324015869e+00
2.617275246334398453e+00
2.746339373432121977e+00
2.701781345473738494e+00
2.568601006295657019e+00
2.528991705118446287e+00
2.624664357933625070e+00
2.650889729310387466e+00
2.678521261470951931e+00
2.651892925298719561e+00
2.625597784185623507e+00
2.752707958054748882e+00
2.835033707069358311e+00
2.800506995412825884e+00
2.909529427262509849e+00
2.838343153819514519e+00
2.808105103563504290e+00
2.938548624949676835e+00
2.664962900402692458e+00
