7.387129490294298213e-07
3.276558117857461538e-01
5.451292573511651307e-01
7.409248353795997444e-01
9.883900554589756249e-01
9.568218978606091163e-01
1.227668566728428168e+00
1.350150349673126193e+00
1.311282783069039448e+00
1.191878722898427778e+00
9.615640140598273877e-01
1.000718491118244069e+00
9.948872279376410610e-01
9.987748349608640552e-01
1.056674912877685335e+00
1.308229056494837339e+00
1.227300816601829769e+00
1.285851494585138255e+00
1.304554605793631028e+00
1.342795541574345330e+00
1.250191830244546276e+00
1.202303556645247129e+00
1.533232367928318851e+00
1.591343129508440146e+00
1.478898104369391620e+00
1.601919856141027276e+00
1.674243244779554773e+00
1.990135443907124824e+00
2.195472390146717245e+00
2.240657690113159628e+00
2.196831348578309751e+00
2.212860349234595514e+00
2.387229396039106000e+00
2.426862844413118836e+00
2.387291627194650268e+00
2.368471412044780067e+00
2.445112861725520226e+00
2.280354003382101258e+00
2.332929145551547290e+00
2.256784749156702574e+00
2.309214364611944958e+00
2.062529454080554103e+00
2.132536129429160265e+00
2.211659322916295967e+00
2.226234824091965159e+00
2.406276748711663860e+00
2.497113734985530797e+00
2.232267261739966369e+00
2.121931697662772009e+00
2.159702291924725959e+00
2.225699612574443265e+00
2.218596997596558040e+00
1.931875285290508337e+00
2.027343301211336879e+00
2.073355386258095567e+00
2.161805863084202528e+00
2.235100473082513695e+00
2.336692747656709201e+00
2.408957200513191399e+00
2.353596705407898337e+00
2.289471651017330966e+00
2.103958862205771663e+00
2.217093671795107745e+00
2.292136661228313166e+00
2.102255863131270441e+00
2.357705864587422262e+00
2.149252485356035969e+00
2.125983934818140852e+00
2.114185443021155297e+00
2.066752407046961615e+00
2.048138637626460756e+00
2.041417730700599176e+00
1.953957993407431593e+00
2.071855483568230571e+00
1.943072635348908062e+00
1.935939483869371092e+00
1.883673301705360181e+00
1.804785806062833897e+00
1.874450103532093292e+00
2.038334036232104296e+00
1.978585356717696531e+00
2.044545890125975429e+00
2.184881794913136943e+00
2.261333459861126105e+00
2.102098285752770579e+00
2.040858674698917685e+00
2.107686071721549759e+00
2.280709925437649943e+00
2.405981504063907650e+00
2.506439099778932977e+00
2.649403417574346609e+00
2.698264275518492905e+00
2.695679642824889477e+00
2.959977874407890841e+00
2.730856285350412804e+00
3.096751157992478021e+00
3.118377973310876072e+00
3.069878518925881927e+00
3.152409559998282429e+00
3.091132890077662232e+00
