0.000000000000000000e+00
5.040546720170462347e-01
5.804148060397822384e-01
6.420616968926302626e-01
4.761650449930014406e-01
5.542170380694283471e-01
8.893847722134271550e-01
7.712757141417023732e-01
9.570566929583450566e-01
9.318235815090025742e-01
9.464996834789054514e-01
1.073639313468479184e+00
1.034945866849954044e+00
1.055441102501021078e+00
1.031028912939957021e+00
1.237710656997342396e+00
1.300077518033538881e+00
1.141122307379790035e+00
1.296868841813487938e+00
1.385422094979412044e+00
1.428146254635574763e+00
1.384937074536030766e+00
1.252263477364307764e+00
1.182265714933715683e+00
1.319516146505390619e+00
1.260769352888123418e+00
1.342109772117678235e+00
1.369200326123406697e+00
1.472583848192741129e+00
1.491549441528499997e+00
1.518237185973388081e+00
1.560630277654386555e+00
1.402344778127464053e+00
1.496260299181313647e+00
1.573639891306913841e+00
1.620293040697526443e+00
1.571023687984985262e+00
1.821063357649238990e+00
1.579525684155685505e+00
1.550987381112487462e+00
1.627276757979857269e+00
1.661968871556310789e+00
1.529476131418428420e+00
1.471265074379582094e+00
1.499800477533087317e+00
1.400493043048425701e+00
1.561165550797932067e+00
1.457967143205577853e+00
1.403738420494472727e+00
1.271651048342869794e+00
1.260689804432673977e+00
1.225883345957670123e+00
1.552093039506166505e+00
1.535421426700517067e+00
1.347256339927310753e+00
1.453801890926453177e+00
1.502578802197530372e+00
1.347813457671670268e+00
1.105763394258983734e+00
1.161970220023953448e+00
9.987822676733217886e-01
1.013451892944547295e+00
9.707005879024483974e-01
1.117090685114789261e+00
1.152173483735403181e+00
1.010033004473127827e+00
1.132678719318322313e+00
1.229935062584733840e+00
1.094103695560995293e+00
1.113512732010498274e+00
1.140105731457972560e+00
1.015620221114307498e+00
1.018891202778956950e+00
1.049133311830878323e+00
1.018664774272621809e+00
1.122576985443746400e+00
1.166939616953742265e+00
1.164350281231939066e+00
1.055823256409693656e+00
1.161400225221838944e+00
1.219188063657565602e+00
1.276511996217902345e+00
1.202226224487611184e+00
1.192588353612614949e+00
1.302185977294512798e+00
1.172038692365954038e+00
1.272086487085327233e+00
1.298074335083341024e+00
1.420991414827089905e+00
1.275366966895188137e+00
1.273846479745518456e+00
1.281635969282588938e+00
1.425180070063609250e+00
1.274070699676188578e+00
1.384260766399469045e+00
1.429495259448523736e+00
1.334358225544579613e+00
1.363542231500232793e+00
1.294029916000268843e+00
1.423868708264205640e+00
