1.507891492923917490e-07
3.010512284077612177e-01
3.797468035077182225e-01
3.521573848747047153e-01
4.878088360336761409e-01
5.430500752474771708e-01
6.439313734125088340e-01
5.629750154406069074e-01
4.465817153209899470e-01
5.393940870087292616e-01
7.309117858502889309e-01
7.305005206879037205e-01
6.348698707279127884e-01
7.270623289660727018e-01
6.227763265452952446e-01
7.094490408429439121e-01
6.749861549332909494e-01
6.596962142874784885e-01
6.930959969837854340e-01
8.245963518198317077e-01
9.112894969488478658e-01
5.663082350472508075e-01
5.208346100001310930e-01
6.700931443269065868e-01
7.096160506819411129e-01
6.676614066443439244e-01
5.799529333640374151e-01
7.736701469049206414e-01
9.713686614486607418e-01
9.126258059564946734e-01
1.000395301018502270e+00
8.970703981622778489e-01
8.203254703925717539e-01
7.263035988799676490e-01
6.994168358741772451e-01
7.689007835992919260e-01
7.385245150812168591e-01
7.789860821586038764e-01
9.102156245576360494e-01
1.106131188100916374e+00
1.083436969206932554e+00
1.053379021167945240e+00
9.337414698212641584e-01
1.016033108027941001e+00
1.145390146615776539e+00
1.185735777433809313e+00
1.062138936589166915e+00
1.121341472290168007e+00
1.194903417207830110e+00
1.227890094800714538e+00
1.118952005598784938e+00
1.104574785142888427e+00
1.022471462906018314e+00
1.017220927066364133e+00
7.724083915510527865e-01
8.356710921658226932e-01
8.805825630111546731e-01
9.332106740802295075e-01
8.421751363966514248e-01
7.402780284641863329e-01
9.446810591298295812e-01
8.877948198413978531e-01
9.294862592618196029e-01
8.061865994998929086e-01
8.860261374478035634e-01
7.794989772956476548e-01
7.770776520761306649e-01
7.849512249966328348e-01
8.184871457663942529e-01
6.779582139256536966e-01
5.842110254335189934e-01
7.489500601019549730e-01
6.708309542533194003e-01
6.962961984578450725e-01
6.991959091144414051e-01
8.180319658153428763e-01
7.965433267687495045e-01
6.511602462604265673e-01
5.389298493558913883e-01
7.121067187188434566e-01
6.476012774281296736e-01
7.636666065188877361e-01
7.614305199748950814e-01
7.656471510791371671e-01
6.632064346149870726e-01
7.877321137244466254e-01
7.637812046658765119e-01
7.679583069762900838e-01
7.332838860657879820e-01
8.803305727097819888e-01
9.493382682613721313e-01
9.525685078309164000e-01
1.166022454532980257e+00
1.160065378445227502e+00
9.604453306308766702e-01
1.027288457785984654e+00
9.143321570338113213e-01
9.305833191958675643e-01
1.168836692312072545e+00
1.329494727479906713e+00
