0.000000000000000000e+00
4.188235946944390831e-01
5.061355491297656606e-01
5.436933459202265562e-01
6.541872519124545260e-01
5.904533823529883874e-01
5.071377093456476137e-01
6.613832140193919296e-01
7.572381709395882288e-01
7.819698914720450977e-01
1.124261254797988663e+00
8.930495117229717561e-01
1.090214092266831747e+00
1.057521608712924888e+00
1.181336915595843529e+00
1.350950637425871292e+00
1.613050437812417526e+00
1.610767721221836091e+00
1.669559259867959611e+00
1.687009205535950462e+00
1.748777959697398243e+00
1.853880871053088297e+00
1.584997001967459740e+00
1.679653745448584923e+00
1.803658542441160861e+00
1.845224496359169519e+00
1.640611315208395871e+00
1.721325161674865045e+00
1.762628354414788268e+00
1.838929796620179635e+00
1.991586785694974271e+00
2.033421178874687207e+00
1.818414555586675307e+00
2.071548707424577085e+00
2.147323640837547565e+00
2.140370288163683021e+00
2.222755053913659573e+00
2.105772284724033661e+00
2.128060326570129668e+00
2.135223687334383502e+00
2.187344642742790946e+00
1.846280344906907178e+00
1.999273068542366083e+00
1.750046758450916951e+00
1.846346834892684141e+00
1.816527135019193162e+00
1.844303934440282511e+00
2.167160266051393780e+00
2.103718477776467033e+00
2.333955205802785926e+00
2.338488013533567944e+00
2.480795142855357849e+00
2.515827978997278613e+00
2.427130732384212841e+00
2.518825698657756629e+00
2.700798088569551947e+00
2.796015207266310032e+00
2.761391000816988406e+00
2.705662447660031500e+00
2.494014034866168572e+00
2.685248441436564271e+00
2.678401252298977298e+00
2.724422440579122640e+00
2.539426451529886997e+00
2.575484409104132233e+00
2.615049136218505765e+00
2.388306165543386150e+00
2.575960724209190200e+00
2.613187854754456918e+00
2.328911284935202719e+00
2.627403329460025638e+00
2.577104917361141112e+00
2.395171685421238372e+00
2.281710874820433776e+00
2.474281783993406592e+00
2.693113384336204508e+00
2.778658264127897848e+00
2.857121736066452478e+00
2.724990020944263236e+00
2.906841458161522951e+00
2.922850528720215113e+00
3.134297943105838424e+00
3.135484395085336384e+00
2.883143000365967268e+00
2.687450674070890333e+00
2.863396805321502203e+00
2.841881510151988532e+00
2.918761086158645934e+00
3.068722846067165388e+00
2.946140068237011800e+00
2.927475967598139661e+00
2.952440355482855772e+00
3.011260673958381151e+00
3.108495445792790246e+00
3.107253748111865388e+00
3.033948973229766644e+00
3.282325262653452924e+00
3.269314904628037866e+00
3.330266111272636387e+00
3.160461507169708639e+00
