2.132480599880017890e-07
4.218030859981832248e-01
5.708200647462569055e-01
6.645603057612625708e-01
5.678768679260117747e-01
6.078729509873228576e-01
7.074084703918867012e-01
7.153377422590194712e-01
8.279971105555374855e-01
7.632111812969685216e-01
9.186681912021165131e-01
8.653110323722050801e-01
9.826409354373210059e-01
9.213036022662753899e-01
1.033567239531998361e+00
1.128579357922002702e+00
1.245410138238336017e+00
1.330276563538546286e+00
1.057435257961386821e+00
1.399722583281038935e+00
1.379545224001566650e+00
1.495076396609092750e+00
1.432716377975679967e+00
1.488480842507998947e+00
1.575005892634732563e+00
1.408341052269454607e+00
1.420663939641393370e+00
1.552984971082251864e+00
1.368521659224783971e+00
1.382768736349907490e+00
1.495088317419138724e+00
1.525702111031371544e+00
1.626608544216658236e+00
1.699837490031219867e+00
1.789701069624209051e+00
1.508288130232186663e+00
1.554760283780616037e+00
1.541226829188795833e+00
1.720129398753430738e+00
1.782845678200452699e+00
1.573888642971939866e+00
1.522088155602615567e+00
1.440392882753546600e+00
1.758307481991441490e+00
1.786770722929409194e+00
1.660462129531120601e+00
1.763625868447831646e+00
1.824761381658618342e+00
1.930976411422138606e+00
1.998149868460850076e+00
1.815025089060423591e+00
1.951852475466875791e+00
1.865358360672522142e+00
1.951266358887565167e+00
2.019904061294137687e+00
1.987100668727370456e+00
2.010210840845368718e+00
2.068504622053108921e+00
1.985965795508519482e+00
1.973648084479398213e+00
2.046063732643245370e+00
1.961013118168057234e+00
2.036644263292563206e+00
1.855557467092943558e+00
1.760110361713421501e+00
1.711653864441389006e+00
1.718556401274317968e+00
1.809370140681510586e+00
1.728359019819319942e+00
1.843087697774581368e+00
1.961277771837352413e+00
2.119081839316918625e+00
2.133708549350869177e+00
2.218118549713624432e+00
2.294372886702641168e+00
2.176235151799366996e+00
2.368498823281928622e+00
2.281812774187034876e+00
2.576749863441183397e+00
2.461192126718496187e+00
2.448715256686647468e+00
2.313769264867526321e+00
2.292995234431737028e+00
2.402179669422438213e+00
2.268572323130461754e+00
2.426882070648366696e+00
2.346232045331884120e+00
2.221530934136747071e+00
2.341622424320231488e+00
2.459407590474477878e+00
2.333291756162812369e+00
2.255381378529862424e+00
2.502229369376337775e+00
2.638131209340092376e+00
2.585234667316042678e+00
2.589871670293917738e+00
2.629439246955263432e+00
2.384378424337151525e+00
2.299571832766020840e+00
2.191785338573250197e+00
