7.387129490294298213e-07
4.436456584648373336e-01
7.622774857413509020e-01
7.602933547359403965e-01
7.002288259876137122e-01
7.830127275957434740e-01
7.106615259823942932e-01
6.550885056501044579e-01
7.120321526377701993e-01
7.090459012138291550e-01
7.705113553920404090e-01
9.243229337014235991e-01
1.088107803256979977e+00
9.591063544300395538e-01
1.220143226768734213e+00
1.350142635700062765e+00
1.518916044104519747e+00
1.520355425475707456e+00
1.520489373803342703e+00
1.484611827868872691e+00
1.580455209805536665e+00
1.687029511036370888e+00
1.801980301513669280e+00
1.726785415759145348e+00
1.822704940325881484e+00
1.752081871736307583e+00
1.767534256364287515e+00
1.799965921755920073e+00
1.914581571790303860e+00
1.872924343592786922e+00
1.796385457491581850e+00
2.030851666076964879e+00
2.227378089479393530e+00
2.194513586792497861e+00
2.277831036304560186e+00
2.420310672998469581e+00
2.325572222513511367e+00
2.428450523956013463e+00
2.392508487202607892e+00
2.473050907080264427e+00
2.689484363331972716e+00
2.586192075625793674e+00
2.539673522590465637e+00
2.502764736231979814e+00
2.537314603101134658e+00
2.609435544975216903e+00
2.694277993460680420e+00
2.654711354041366267e+00
2.540456017565884572e+00
2.502051567510125363e+00
2.675123436682799838e+00
2.810610555203446825e+00
2.663170555241079374e+00
2.775985987179263592e+00
2.503018319489346943e+00
2.405051652605687096e+00
2.302137141971448475e+00
2.270232332690653720e+00
2.217834600413732815e+00
2.229803401769284932e+00
2.095950545541714671e+00
2.239852702259874651e+00
2.173802429360566890e+00
2.242014825976361259e+00
2.365289555673943500e+00
2.230475560998436357e+00
2.211876018000845878e+00
2.178301169280029814e+00
2.164905761790238969e+00
2.152732215046418318e+00
2.297042249795092417e+00
2.626788707843386472e+00
2.649951446586231274e+00
2.735687060100692403e+00
2.941156832717086278e+00
2.920707964182491789e+00
2.915895484181789232e+00
2.872215522049689884e+00
2.752612911643326221e+00
2.911860575097012127e+00
2.976621695506387333e+00
2.860059558017158832e+00
2.615271588518602197e+00
2.567127124682763828e+00
2.379040068165871880e+00
2.374010118190781782e+00
2.339923179527817254e+00
2.302727966002767523e+00
2.517349006148815516e+00
2.544500849918919450e+00
2.582780174473094270e+00
2.480653797616909184e+00
2.817750626772107303e+00
2.661122061288190732e+00
2.763653879050273598e+00
2.750478692984339446e+00
2.428789172368035043e+00
2.573557373937453985e+00
2.287821138097983376e+00
2.368686840523489767e+00
