2.611744678045111057e-07
4.812143959974629626e-01
4.737263371752165608e-01
6.917457814124726712e-01
6.712198582703660099e-01
5.414377022623002578e-01
6.600510171994635744e-01
6.768738773152050969e-01
8.796268249863885558e-01
7.792687690896760166e-01
1.060042285339212409e+00
1.173215663881752135e+00
1.207548529461650810e+00
1.250808886304414669e+00
1.245719342800577722e+00
1.028526811647808792e+00
1.182653649312110700e+00
1.054407409991559685e+00
1.348565533306965492e+00
1.486428482783412219e+00
1.444203067559718834e+00
1.431527379823489765e+00
1.192490319919436326e+00
1.258310027172423240e+00
1.298949835001049102e+00
1.338060739658934795e+00
1.562132502346206042e+00
1.554798009538611803e+00
1.650927217495451460e+00
1.690106365660548171e+00
1.789848761926025711e+00
1.708530518893044636e+00
1.900125445020827586e+00
1.787091021820432557e+00
1.930783554035695238e+00
2.069085681564002854e+00
1.998207858113550062e+00
1.980129987421444637e+00
2.042496878785762693e+00
2.131422549774975916e+00
2.184366018618151717e+00
2.244236586625413032e+00
2.294367695389581296e+00
2.420527877153467955e+00
2.236284467082404692e+00
2.094849410278736723e+00
2.123963070551917021e+00
2.102110500786606107e+00
2.168780854745425923e+00
2.039736444150249906e+00
2.133699245868589500e+00
2.185947795536066884e+00
2.125730004538794127e+00
1.931675979093011364e+00
1.708978731336505685e+00
2.063988339192845967e+00
1.829684867501040868e+00
1.674774544125957387e+00
1.420082901994905722e+00
1.431694552744785964e+00
1.567920558298089295e+00
1.561019371046883597e+00
1.409996144331310264e+00
1.474694868286161142e+00
1.450775532062331008e+00
1.422680477097130636e+00
1.380085131009970434e+00
1.396393019782331102e+00
1.456326997361771625e+00
1.474948222247214780e+00
1.524660987082393948e+00
1.489056017529847287e+00
1.598741656489873320e+00
1.642445762302084278e+00
1.643482779460595733e+00
1.643727612473011579e+00
1.571889713205754990e+00
1.531210104059713917e+00
1.612161222186233589e+00
1.739175380573510621e+00
1.553065200185367090e+00
1.658575215159912020e+00
1.568881045526461682e+00
1.515509808240642853e+00
1.500968057691521418e+00
1.552438241649006123e+00
1.478869116124101213e+00
1.540169735342610924e+00
1.515651886547040750e+00
1.427045304745384158e+00
1.394246476246947530e+00
1.455166235141677866e+00
1.655389723529327561e+00
1.492341220226154341e+00
1.533209445520198999e+00
1.547722481156342145e+00
1.513168810353089144e+00
1.355195285449744436e+00
1.484053517995336691e+00
1.440453719839863478e+00
