2.132480599880017890e-07
5.917010920241095873e-01
7.925455068487500254e-01
8.862104264875799720e-01
8.587548322553085756e-01
8.195093996108415713e-01
8.910921381475604974e-01
8.229684609359042557e-01
8.424857183503570157e-01
8.525575442371311485e-01
9.554315622815742204e-01
1.099456786000132524e+00
1.160738094342855131e+00
1.153625257027164785e+00
1.270926038357081289e+00
1.180714146850292634e+00
1.303502351084475208e+00
1.286579292942660269e+00
1.326009965161044413e+00
1.523613493060413493e+00
1.421836141299035239e+00
1.395526880457710561e+00
1.269386344842290182e+00
1.426673201728530405e+00
1.580052281867365460e+00
1.523731796998913257e+00
1.732353310098525556e+00
1.621518503205165107e+00
1.758452964525472728e+00
1.716157199497789554e+00
1.701299765369659767e+00
1.615923231605846944e+00
1.763775780306610974e+00
1.596165977645581213e+00
1.640635474937944815e+00
1.882346313308958852e+00
1.785778903367617021e+00
1.770455287082743245e+00
1.820798885968288428e+00
1.561321747757469680e+00
1.853588391257857459e+00
1.692077051230831630e+00
1.552181609660802764e+00
1.691542872088006133e+00
1.541717539692218697e+00
1.705568412375303655e+00
1.804621276659872819e+00
1.765894179488282312e+00
1.823927341283685610e+00
1.907906713660395104e+00
1.967752628277073423e+00
2.099051386246167716e+00
1.947427383806995094e+00
2.117733732102956345e+00
2.241154757339655301e+00
2.224241032382236583e+00
2.229477821816047811e+00
2.294728811342124697e+00
2.310256205968273413e+00
2.243056832689734659e+00
2.319986683189381615e+00
2.535092585048129177e+00
2.652317142470856925e+00
2.778649692463727394e+00
2.539597387783093296e+00
2.521890298331315616e+00
2.406157149113125726e+00
2.504186432203189927e+00
2.561167087864737013e+00
2.648608215629657092e+00
2.794064812944349274e+00
2.600499544259109896e+00
2.608506664497500793e+00
2.772420803717908555e+00
2.806867523735482539e+00
2.797793074373223110e+00
2.687911944233289052e+00
2.750381815854228584e+00
2.941364459791687480e+00
2.736459338947678788e+00
2.751079403768407872e+00
2.580353573255290467e+00
2.383042663224232527e+00
2.553917043688797683e+00
2.573999844331210429e+00
2.495193963485605959e+00
2.616129692921543626e+00
2.619814951598534059e+00
2.554056379690098577e+00
2.612164557031179335e+00
2.601325599517236853e+00
2.435769177276823516e+00
2.461334068653187934e+00
2.537460308849449397e+00
2.502375834694787748e+00
2.528694300010942086e+00
2.564418251090884393e+00
2.626770436338849546e+00
2.544563798211759931e+00
2.563785943867298300e+00
