0.000000000000000000e+00
5.683542927494675823e-01
6.514521688244658826e-01
4.992799877721715296e-01
7.938608745087699647e-01
9.467186551016777418e-01
9.641896864113362886e-01
1.013990730369411786e+00
9.883449185560365668e-01
1.065701689778969063e+00
1.050291635028613557e+00
1.003479432253478132e+00
1.022189828442302106e+00
1.251373137434938165e+00
1.151455857842911490e+00
1.198230628727839475e+00
1.234809151184209419e+00
1.372752616619642652e+00
1.437928993713162296e+00
1.373689105659525289e+00
1.583606922071202572e+00
1.722954392493504461e+00
1.642283003745780956e+00
1.681742378817861150e+00
1.673242455005127693e+00
1.499116222305924895e+00
1.462914779304016699e+00
1.434552925520714783e+00
1.654856919814422067e+00
1.539541711592549378e+00
1.572311668424843711e+00
1.840310423743276580e+00
2.042344065718094903e+00
2.176938142026644929e+00
2.190034108864009621e+00
2.147710355590918940e+00
2.224533073815532003e+00
2.050691396101842923e+00
2.071815084582163458e+00
1.977583177151132743e+00
2.041834671618064867e+00
1.926310091677540859e+00
1.894696756907370938e+00
1.932154252441877551e+00
1.726384295030257476e+00
1.820415279189998792e+00
1.603373962415088005e+00
1.778109624327799176e+00
1.763913527489712196e+00
1.966328750644010581e+00
2.041934310623292337e+00
1.890273598828572821e+00
2.156114248134579636e+00
2.209276256230865432e+00
2.158100857366211933e+00
2.213453492513424603e+00
2.077863663352293777e+00
2.119723016168210794e+00
2.122671133993224934e+00
2.193077045522040969e+00
2.053507181107411483e+00
2.202531580572420822e+00
2.102862994900963844e+00
1.963804581350909295e+00
2.076587632920542159e+00
2.124344940599303122e+00
1.950721910348373944e+00
1.915708101154622867e+00
1.919180854179892481e+00
1.869521417298691590e+00
2.252337496092540192e+00
2.072781410682930314e+00
1.928657816788874158e+00
2.016384068822678177e+00
1.905212021182403292e+00
2.120952108104706024e+00
2.290509076970505209e+00
2.245944902154995759e+00
2.245479209277041921e+00
2.239503852912504200e+00
2.225060957875147682e+00
2.388733937369462712e+00
2.271518201033751794e+00
2.082550595966370377e+00
2.275209475533729542e+00
2.121541760573494084e+00
2.213114255171535927e+00
2.256727951084949613e+00
2.315926909044580206e+00
2.471075703597336748e+00
2.701485141953043456e+00
2.585936583372622444e+00
2.639444724622476812e+00
2.638433014281818423e+00
2.724754002470703096e+00
2.761728285364725810e+00
2.673704704791609821e+00
2.611287060263232096e+00
2.662264579740611037e+00
2.434548918743788981e+00
