0.000000000000000000e+00
3.670897697364075007e-01
5.081818082939904002e-01
4.536450094652860754e-01
5.016720192291894698e-01
5.023014665880811691e-01
4.296283220233841349e-01
6.983245259205790312e-01
6.832393090018071824e-01
5.750885945953764233e-01
5.518803725123632153e-01
5.936719762867932459e-01
6.942457973646947167e-01
8.132344348854471106e-01
8.944058485624420962e-01
6.923694071502711767e-01
8.164882116758421793e-01
8.212951227097033957e-01
8.095319291867221212e-01
8.654457611441703779e-01
8.508717146261776110e-01
1.072307884570650405e+00
1.056591182927759220e+00
1.072124269573401678e+00
9.267858329809275375e-01
9.100629534835981138e-01
9.858622113348630700e-01
9.557981739673739874e-01
8.679593168163959316e-01
9.588048831876206934e-01
9.403478991888858385e-01
9.045689436985905330e-01
9.993432776280775087e-01
9.254596907437596665e-01
9.701141921460976203e-01
1.043093464074770660e+00
1.052333579852765544e+00
1.016246397384181543e+00
1.137656434261539395e+00
1.176137859047313272e+00
1.350655538970479963e+00
1.302882655794954436e+00
1.325933041717970662e+00
1.166692412104504806e+00
1.160107864438131076e+00
1.112474573462849392e+00
1.201546682613059636e+00
1.005746351398324467e+00
1.066397265939004857e+00
1.153902273020997349e+00
1.192828650227009124e+00
1.200682562039791845e+00
1.247148807129191184e+00
1.082817113817235555e+00
1.186090808169911082e+00
1.122010861642015245e+00
1.116624716053930877e+00
1.321673318162654320e+00
1.242155871191846783e+00
1.350123001368073394e+00
1.391161080302338204e+00
1.061871018834553482e+00
1.074770362606583429e+00
1.181017341810875587e+00
1.103455926275463517e+00
1.074786443626204235e+00
1.136737455417520914e+00
1.345625080493993986e+00
1.259005004294657670e+00
1.394677021467908951e+00
1.636346685899723985e+00
1.369453564745304996e+00
1.498114379204238178e+00
1.487344179465155625e+00
1.536857639758992589e+00
1.517948667296219911e+00
1.759454562245543752e+00
1.672025678799720527e+00
1.881447514094518603e+00
1.806910180653510833e+00
1.723229274596893568e+00
1.945940302086545781e+00
2.102805726326428370e+00
2.313542663439571712e+00
2.185771147826659266e+00
2.233909492135747854e+00
2.418084910545412303e+00
2.544155513998874518e+00
2.910893004719869559e+00
2.805108453879630925e+00
2.882963004579877531e+00
2.943555198649421278e+00
2.872480314451366201e+00
2.575437904128460520e+00
2.541192002501252212e+00
2.584033470601434956e+00
2.554854718208018571e+00
2.493953728747889453e+00
2.375575520487089420e+00
2.506430702212949502e+00
