6.031565971695669960e-07
5.015694254998999124e-01
6.833675210083983709e-01
8.533299890631648177e-01
8.228842459122853725e-01
7.906678152887037792e-01
8.449099430970694602e-01
8.825269847319379135e-01
1.135847423542323487e+00
1.299528165455895667e+00
1.302098566925894430e+00
1.378707620237327180e+00
1.502184370359040733e+00
1.423754884973260415e+00
1.465942057759465511e+00
1.310449869894277475e+00
1.691681877681781465e+00
1.422860041968557532e+00
1.788222169322300825e+00
1.760793555074066763e+00
1.844658975857302874e+00
2.022676200451970274e+00
2.106993609979884052e+00
2.122336484024093917e+00
2.320684593793457484e+00
2.311065476877844471e+00
2.279876565855123882e+00
2.412749869715414608e+00
2.313048937714009767e+00
2.369570700657594564e+00
2.285145107906024986e+00
2.312426238154358327e+00
2.355841151573699666e+00
2.471089261242854551e+00
2.553049736066317354e+00
2.470600081879635201e+00
2.499585114980504841e+00
2.401147602774567069e+00
2.346803646390122289e+00
2.359728127218972737e+00
2.427861738459070384e+00
2.329844478353594983e+00
2.263748037851600614e+00
2.346960663990627971e+00
2.520798759477867357e+00
2.556380339332428697e+00
2.643788243784471970e+00
2.621260847817203921e+00
2.613565266544734200e+00
2.773016032494842076e+00
2.726682173748133931e+00
2.600431470941008349e+00
2.333840077171548177e+00
1.879753502918734220e+00
1.929433291454085486e+00
1.986807710167493246e+00
1.988294867569173618e+00
2.024686953454395866e+00
2.175349801983853304e+00
2.246154980286281244e+00
2.083905831346485549e+00
2.230092430036961115e+00
2.111956308513944336e+00
2.062782928477676858e+00
2.106716795424601330e+00
2.016184347017096812e+00
2.239429456117103534e+00
2.282717866634850878e+00
2.400740966665320997e+00
2.466139933217989633e+00
2.665267428985151454e+00
2.627205702348927030e+00
2.444564854851889013e+00
2.349898308107726486e+00
2.124613865818933078e+00
2.216122489917677907e+00
2.330988229762335884e+00
2.360844751003644770e+00
2.168685749903050741e+00
2.122760496132263253e+00
2.153992164154024724e+00
2.275903111432313164e+00
2.035828172613153519e+00
2.186626095232054201e+00
2.111869940908861487e+00
2.111262169249764842e+00
2.184077478555852991e+00
2.293730133200409416e+00
2.356204635468298392e+00
2.261418505331166173e+00
2.227602158307234959e+00
2.449416715718623738e+00
2.525839721819469474e+00
2.604163176705912797e+00
2.747158554642313177e+00
2.766897771889957891e+00
2.641155018771063734e+00
2.694540877187051819e+00
2.681639573361255025e+00
2.416622537322474784e+00
