4.264961199760035779e-07
6.147302945368577909e-01
6.112626605320060635e-01
7.477260644582710558e-01
8.399150503253102196e-01
9.670127846918058490e-01
1.121815970275535257e+00
1.129965804367367488e+00
9.703873011425208084e-01
9.425564361542103642e-01
8.435049280497817215e-01
1.038382917152036011e+00
1.122804744562708512e+00
1.257393961916109859e+00
1.380821284524583969e+00
1.328335505859800536e+00
1.307318005166301145e+00
1.244535998991351589e+00
1.348620873140962351e+00
1.278952020915326671e+00
1.336384888794267756e+00
1.520813887427797217e+00
1.377986354219247200e+00
1.477576690550961969e+00
1.517316432020577199e+00
1.502076280299819544e+00
1.431146374460668058e+00
1.358376951999391791e+00
1.351503229478897561e+00
1.400227881888115977e+00
1.280271048767236408e+00
1.405843756389542065e+00
1.359937965456684106e+00
1.363762320890585578e+00
1.493687772986991291e+00
1.595400507579286309e+00
1.571146416943565827e+00
1.675802009377541646e+00
1.669361997124070962e+00
1.623432465974319339e+00
1.661473794465546661e+00
1.643716151650552737e+00
1.715425999254131417e+00
1.543623534056767443e+00
1.679548405251364285e+00
1.826277840897539306e+00
1.644477313663099682e+00
1.561275244576067145e+00
1.351894323964913935e+00
1.315379697700034045e+00
1.480291697916064519e+00
1.566826871272367416e+00
1.597073566898933539e+00
1.442295799196711359e+00
1.551722576473335780e+00
1.473434985494866289e+00
1.417663476583919335e+00
1.438154050109564430e+00
1.428692974593521736e+00
1.501210311779286988e+00
1.555718902310603724e+00
1.534073529163237470e+00
1.694329222878166785e+00
1.777785799071019301e+00
1.554437069068552280e+00
1.599527654015096445e+00
1.564632085805109485e+00
1.548747020033697686e+00
1.770480414077205022e+00
1.757183894069094476e+00
1.767708922049997966e+00
1.712836151597350254e+00
2.024142559822829757e+00
1.931334423221716889e+00
1.953328927834655948e+00
1.791110433267971702e+00
1.596289820556823225e+00
1.776629767828537210e+00
1.690906821352381462e+00
1.615021921712509245e+00
1.640617171642375638e+00
1.631439562716284319e+00
1.637766714488105624e+00
1.504896954384118413e+00
1.657673462718529889e+00
1.607927452434200655e+00
1.559233759836447186e+00
1.591793650138393357e+00
1.588121852972518511e+00
1.724452424480408919e+00
1.856456689175075558e+00
1.970965138201458577e+00
1.724551139980222025e+00
1.733704810787671802e+00
1.769586651773932928e+00
1.639045080360075790e+00
1.658675717782431391e+00
1.677149825030949559e+00
1.609548806130073118e+00
1.758133017940031850e+00
