0.000000000000000000e+00
4.780872451577703464e-01
4.455127794042456069e-01
4.999892586491497259e-01
6.627358385050873268e-01
6.913896460445213554e-01
6.559976044362413328e-01
7.937139150224783446e-01
7.633011402862517336e-01
8.172047959438349940e-01
8.908497611375624237e-01
1.098742964551733925e+00
1.082330064779732259e+00
1.290018867725795548e+00
1.291568083450892468e+00
1.429717323433249865e+00
1.506409184074505747e+00
1.440265458992364689e+00
1.485718562030820422e+00
1.227553491412110231e+00
1.523930824281004126e+00
1.550721863122309419e+00
1.654220891109342340e+00
1.399478766565159349e+00
1.368141996400928262e+00
1.475574201348442749e+00
1.587057126927704509e+00
1.455937536357625683e+00
1.296239043293635262e+00
1.374016527850313585e+00
1.365190978979615499e+00
1.342172663045980707e+00
1.245524044916157536e+00
1.318365718457763736e+00
1.258556046318048516e+00
1.409335550274267268e+00
1.560443843872943770e+00
1.563652390301027761e+00
1.487091189411430703e+00
1.507392619622683227e+00
1.540594433657710427e+00
1.646448625350447115e+00
1.780463871948435584e+00
1.738360618768331811e+00
1.826864450587620592e+00
1.740386597115026079e+00
1.645292420661655708e+00
1.754504421419298188e+00
1.823124750490537238e+00
1.873134473348696760e+00
1.916209926770390037e+00
1.649423563272594873e+00
1.677376791049816962e+00
1.706316044754381700e+00
1.808272975160029494e+00
1.812726337346816541e+00
1.791054579312896244e+00
2.141734247681761349e+00
2.060864498756184382e+00
2.021531994089366790e+00
2.052641881199179785e+00
1.875036253378961515e+00
1.790365861281047577e+00
1.888716477845374886e+00
1.830522116319953208e+00
2.124898021143149407e+00
1.842741323124417185e+00
2.066312791263432480e+00
2.248988224635926070e+00
2.219514851850725723e+00
2.220841149513260948e+00
2.252714029402703932e+00
2.265490473050000730e+00
2.466608526469918683e+00
2.231338088714505563e+00
2.135413646330410753e+00
2.108713356239805936e+00
2.212518464033485177e+00
2.274862016277503507e+00
2.293321513552091240e+00
2.399959289282425079e+00
2.649078298048064717e+00
2.382071719980221491e+00
2.330422726235880759e+00
2.499885819133759401e+00
2.613949793643652875e+00
2.620846796449257443e+00
2.464510334794657531e+00
2.564825868507013329e+00
2.507787863718403898e+00
2.623999875631604528e+00
2.542984064824145296e+00
2.641320003579493481e+00
2.676711870853156316e+00
2.446220902624584248e+00
2.395102471823973289e+00
2.617820341067709222e+00
2.466798802706993143e+00
2.355633941122287744e+00
2.367593523838647851e+00
