6.031565971695669960e-07
5.487317709300433277e-01
6.406788735570062565e-01
6.839709454757987306e-01
8.408027767783518014e-01
8.212980215246953319e-01
1.098543802242482048e+00
1.170499009941414981e+00
1.107806443165619381e+00
1.173488669590785349e+00
1.298679661504960725e+00
1.389364901816125819e+00
1.501150433570749509e+00
1.507916584692039264e+00
1.712090661519573009e+00
1.608186998520793276e+00
1.912303985808394113e+00
1.747800761389023627e+00
1.854543633380471679e+00
1.754816179583879920e+00
1.742609320751986823e+00
1.873808149297797154e+00
1.684503059043124917e+00
1.654800404201277164e+00
1.646386279340841474e+00
1.676138150233123403e+00
1.578582597158094680e+00
1.509518204181087953e+00
1.493578880919872898e+00
1.143109842160741074e+00
1.348069887178673820e+00
1.473699366265661892e+00
1.539334632572397776e+00
1.714770008459030048e+00
1.846127846146482732e+00
1.780754216546799551e+00
1.881029709046061704e+00
1.994475804463871293e+00
1.908038475619912022e+00
1.893398394795247741e+00
1.964245843037978778e+00
1.756501070540197773e+00
1.769028188268456203e+00
1.752917268365070891e+00
1.910220791793559636e+00
1.741890494515787147e+00
1.891024098436623113e+00
1.918585945353262545e+00
1.639012267767748776e+00
1.826336607895227226e+00
1.554464960463748380e+00
1.314809664184710014e+00
1.617824925077245846e+00
1.598233735533923783e+00
1.812446036563744700e+00
1.638633812829038972e+00
1.456848539910978069e+00
1.403034057101155474e+00
1.544181353671931545e+00
1.588302483859238112e+00
1.719532693665591028e+00
1.787987702731805184e+00
1.844805227206284037e+00
1.957742560045468538e+00
2.061134629749121761e+00
1.960828697092011019e+00
1.831297265667121588e+00
1.880546588428172017e+00
1.777480268057329393e+00
1.821635855731885023e+00
1.750472895300313469e+00
1.892283368683846945e+00
1.947262546374472159e+00
2.131245973749469336e+00
2.249918913042015411e+00
2.266467918876189369e+00
2.111492562614886825e+00
2.139683866073823548e+00
2.058652241309156583e+00
2.298867496767062146e+00
2.027578606368168668e+00
2.081474292041540775e+00
2.165138170055542322e+00
2.270186403767310068e+00
2.395999022655284083e+00
2.353251582831087152e+00
2.496008353109467226e+00
2.572451835935168241e+00
2.502089609758663791e+00
2.314133877383338422e+00
2.347036994946273492e+00
2.380028476432699325e+00
2.581585605751537837e+00
2.728880688102170105e+00
2.699595811200556028e+00
2.681188464297652008e+00
2.595316918638188586e+00
2.552462385560775093e+00
2.468837233467532144e+00
2.405709846102642491e+00
