5.642013342952361972e-07
4.731976624058916725e-01
6.149356480172598616e-01
8.044058021287644467e-01
7.661390050928039708e-01
6.544922576097498279e-01
8.137932517431037960e-01
9.192007389721814636e-01
1.000357254714893784e+00
1.058821863752168912e+00
1.294942130150869675e+00
1.259609952948059330e+00
1.266754249916531849e+00
1.234000807525388543e+00
1.469851024912253834e+00
1.571336762284409438e+00
1.329873268596929448e+00
1.513195322077166560e+00
1.456251043860845140e+00
1.301608637685947700e+00
1.334995164250310618e+00
1.140167666441340932e+00
1.215147705146205848e+00
1.077601483881694966e+00
1.270461858758244134e+00
1.451421703452142387e+00
1.644568707535490004e+00
1.623442597227771511e+00
1.783478722498023528e+00
1.854502213487774442e+00
1.692235192774786512e+00
2.050668195057400833e+00
2.106348328003161630e+00
1.944917903653818891e+00
2.079439274800441773e+00
2.326090229148618072e+00
2.601357678260383555e+00
2.660105202253345791e+00
2.541121144061445847e+00
2.881413591102494731e+00
2.889189872717188745e+00
3.001996657652959755e+00
3.007681722676214253e+00
3.260387444114247302e+00
3.241744778783393066e+00
3.217923206379745160e+00
3.154880744318981911e+00
3.354106306685957328e+00
3.247949743128193401e+00
3.438860041064866646e+00
3.642255080113808940e+00
3.723311836407718456e+00
3.692979175667944425e+00
3.867142302549016808e+00
3.565775156419019876e+00
3.521477104318088802e+00
3.512843080650291050e+00
3.423108396464827674e+00
3.272613518517320852e+00
3.189766078186957454e+00
3.291074089410107373e+00
3.496784696404554804e+00
3.269722094283369351e+00
3.288746735327357840e+00
3.453383597401324945e+00
3.273314366589891833e+00
3.083879812085526417e+00
3.295511994132814593e+00
3.352882285779342109e+00
3.617412479997946129e+00
3.380544541413308846e+00
3.587012222491912983e+00
3.526170602527293862e+00
3.420272430072172742e+00
3.497925294109110794e+00
3.539815751385388953e+00
3.517768080290813781e+00
3.433898002970933394e+00
3.613995424974622672e+00
3.982244954380230073e+00
3.856712787772545337e+00
4.092414282692837801e+00
4.160093811646397910e+00
3.976920865559933294e+00
4.057472579785991407e+00
4.169221324552482955e+00
4.170118367051014019e+00
4.107539413007104123e+00
4.240641091993860634e+00
4.058096610913138669e+00
3.916397105591930661e+00
3.976486989898602165e+00
3.943451834270056189e+00
3.950214421368264173e+00
3.882979660383935272e+00
3.819556671114760604e+00
3.876279908343728042e+00
4.094265512559485565e+00
4.039520264823226015e+00
3.915739300624849761e+00
