0.000000000000000000e+00
4.865186123170032184e-01
6.466782183529745653e-01
6.862907261339347142e-01
5.272373191744204046e-01
7.122286068907806023e-01
8.954589283845340031e-01
9.202004406634485267e-01
1.025955199019389141e+00
1.029957941316361758e+00
1.062614681153174478e+00
1.203751907674244892e+00
1.100160579578423503e+00
1.114911302593939002e+00
1.303459760775796505e+00
1.230111061472032308e+00
1.322623827886890036e+00
1.415594825701297577e+00
1.517482950004119591e+00
1.526295023591177857e+00
1.671528301939842809e+00
1.641464753810830235e+00
1.532975827720435280e+00
1.281777977035492233e+00
1.217615688956169118e+00
1.374664111998944449e+00
1.533217061831074979e+00
1.554678880440991895e+00
1.549326766563149826e+00
1.671755210413228721e+00
1.752609879965389084e+00
1.771981675359460606e+00
1.756318843944194352e+00
1.721617687744422920e+00
1.804010341973489417e+00
1.660928257256977014e+00
1.770010285508236914e+00
1.713337018172074622e+00
1.785385982064470412e+00
1.810287228711037200e+00
1.746744545022346440e+00
1.678774022646980946e+00
1.710866421954746253e+00
1.949571854123529624e+00
2.152010358494573339e+00
2.146839972856517953e+00
2.127897352785676155e+00
2.340180605967725036e+00
2.140730433104319541e+00
1.963040336074784786e+00
1.915107034315661538e+00
2.061202947836580535e+00
1.956748255784463764e+00
1.993723789423919923e+00
2.321516245970839165e+00
2.400456548095059706e+00
2.509634024127844754e+00
2.432231799792177185e+00
2.373256234167618661e+00
2.259549168723298695e+00
2.044154549865745629e+00
1.979309486658952011e+00
2.213967205686401041e+00
2.205171545337593297e+00
2.282166171809107080e+00
2.256358222290389737e+00
2.378537939519163036e+00
2.445897533376887978e+00
2.510759870399676075e+00
2.514804068160973127e+00
2.489510894823080189e+00
2.412542916965803474e+00
2.302461118972815690e+00
2.535612220974971187e+00
2.403741446968986395e+00
2.316725525315662892e+00
2.365464582057783094e+00
2.476252218687027273e+00
2.578697613056309290e+00
2.530069107960995378e+00
2.280248594967858811e+00
2.457238581989504400e+00
2.383218120050439648e+00
2.338057911867665428e+00
2.389122318738058581e+00
2.454991541986865755e+00
2.473272714514781701e+00
2.351097172665893797e+00
2.391573958939183342e+00
2.337993250966500014e+00
2.635358454812402496e+00
2.867032184354282975e+00
2.742691116138602503e+00
2.675534809455033081e+00
2.591643935455440140e+00
2.632147852675130739e+00
2.843810243422862261e+00
2.926197552750144038e+00
2.799338472607233452e+00
2.988683014470003840e+00
