2.132480599880017890e-07
3.176648286469623272e-01
4.298200639820710656e-01
6.386117476511150581e-01
7.159619990165625447e-01
5.840638190649314332e-01
5.643276012615925374e-01
5.213071113210919760e-01
7.878204222597903206e-01
8.632896437726004235e-01
9.285725718393074146e-01
8.502274063484965838e-01
8.700707415502969555e-01
9.507792405646241507e-01
9.292228885181149645e-01
1.090316714181536195e+00
1.143544150124998549e+00
9.370471815916006086e-01
1.101569291210257706e+00
1.220472468799621346e+00
1.251098093257451582e+00
1.416635359704985664e+00
1.364477835818956875e+00
1.489797472459011063e+00
1.492949774364413784e+00
1.471142111684363485e+00
1.636868821113374173e+00
1.410038042862420626e+00
1.364439679298073527e+00
1.383545216709969772e+00
1.045488338915320226e+00
8.487565534876382323e-01
1.131490630279752274e+00
1.088468690369037484e+00
1.138043207291984604e+00
9.429698701329202182e-01
9.019753352293030657e-01
1.053309787848416779e+00
1.040438412652987976e+00
8.353502143778516187e-01
9.744397792023651306e-01
7.834651588885410689e-01
9.105078311990506545e-01
8.962265632614083710e-01
9.461433331039320604e-01
9.312572506947621731e-01
9.973523777723064532e-01
8.525158514487310990e-01
7.673121185728729587e-01
8.084983722049923216e-01
8.783486150348754906e-01
7.158092061092455882e-01
6.775371284302568187e-01
7.646565517821026781e-01
7.204360843908333978e-01
7.376682139029996366e-01
8.443669385726002563e-01
6.927648093401121976e-01
7.148838334848732767e-01
9.596126011199733741e-01
9.768484303658064860e-01
1.134946135355127117e+00
1.003944339422118581e+00
8.984041960546663708e-01
8.944101082577994299e-01
8.472862829561786935e-01
1.002057291024284424e+00
1.208598383765935980e+00
1.200881354969968839e+00
1.276950783714826620e+00
1.260954733517520854e+00
9.528570591209273299e-01
1.123120275838757953e+00
1.003307617561304266e+00
1.002634990667742532e+00
1.012155014867284208e+00
1.024411591163017610e+00
8.322912184797206514e-01
9.576283824032655323e-01
1.050616743251151730e+00
8.399061395730911261e-01
9.510252866831955254e-01
1.019801318715046978e+00
1.105299598864091237e+00
1.256707177032839295e+00
1.246252518967207124e+00
1.175020009056119807e+00
1.116693399544054000e+00
1.175259781096238632e+00
1.243049628585080502e+00
1.079408681906320000e+00
1.121446338341487214e+00
1.200477190350512924e+00
1.245812616852542964e+00
1.202708163641392769e+00
1.169125006351892315e+00
1.278885237070637393e+00
1.361046411440090864e+00
1.132777016354894251e+00
1.169564242926303121e+00
