6.031565971695669960e-07
4.657305604303359492e-01
4.968722156428880266e-01
5.279795267243286849e-01
6.973680451919547219e-01
6.559233061900632267e-01
8.171479060314011944e-01
8.226109732315745049e-01
7.565387910222870493e-01
8.031726268514082223e-01
8.670723011229103383e-01
8.890010129102423608e-01
7.895814774235869749e-01
7.164292973558389344e-01
7.826836495469037258e-01
7.765066067440954400e-01
9.201644452817486775e-01
9.028996849007560055e-01
9.443307476161232339e-01
1.186763311844031499e+00
1.314715792681610429e+00
1.199882223067132436e+00
1.469265824585111124e+00
1.402578082588876507e+00
1.428597305391930083e+00
1.414942164207400710e+00
1.374807836900125535e+00
1.498937747452918856e+00
1.472637062666360963e+00
1.658553832789843696e+00
1.621697978285780106e+00
1.702945558197906495e+00
1.810662261204687651e+00
1.793099612639684315e+00
1.841118966549539770e+00
1.928441862322947342e+00
1.917785973305311531e+00
2.129496695994228528e+00
1.790637417131528242e+00
2.071708313919446987e+00
2.244993536061218098e+00
2.360919409247594025e+00
2.052649497515462773e+00
2.166454117523791467e+00
2.139111022524069927e+00
2.316777553894707520e+00
2.276306707369085025e+00
2.571316584006592354e+00
2.561811110421691406e+00
2.598449368944608207e+00
2.574275486509625122e+00
2.600392783805550501e+00
2.467473116853636128e+00
2.551572256812507433e+00
2.337232643217837857e+00
2.290353531308307655e+00
2.512103166363500062e+00
2.220301433918388412e+00
2.346889157082896915e+00
2.351273680314259540e+00
2.325453395226539932e+00
2.339767499490485125e+00
2.170944054049648742e+00
2.116397429240837624e+00
2.304167021503030099e+00
2.278338701954442769e+00
2.428306017868292255e+00
2.403289744418554363e+00
2.218270384744621015e+00
2.272649498153666237e+00
2.079844993881932336e+00
2.099966748016367291e+00
2.118653125914283564e+00
2.245224427901273412e+00
2.268876924424034325e+00
2.326715870328621261e+00
2.155679980769822368e+00
2.336790035901856299e+00
2.419867629799706599e+00
2.565931513394456243e+00
2.524861161445000945e+00
2.573003315996174045e+00
2.760356857224908200e+00
2.780953366387424186e+00
2.764343015230021905e+00
2.595200033967276276e+00
2.700226560389930253e+00
2.465446444999124687e+00
2.270128057688463041e+00
2.198539600044236320e+00
2.084428712921868598e+00
2.151305556406155173e+00
1.942829597496143146e+00
2.047288296107882211e+00
2.150222356054342310e+00
2.151034827444717745e+00
2.074763565209922334e+00
2.037556904047550521e+00
2.099480183485908036e+00
2.024331561343692965e+00
