2.132480599880017890e-07
4.694503633361871708e-01
7.552475052355792640e-01
7.528863313311230376e-01
8.732865010060866240e-01
9.015426424273740302e-01
8.190498895069068253e-01
9.736884895280520924e-01
1.071476683985146394e+00
1.073469452320653827e+00
1.184855262008602805e+00
1.136715507003312364e+00
1.010400751455877932e+00
1.256419067574468640e+00
1.276926529119283504e+00
1.343832840508699666e+00
1.341619365773180084e+00
1.239579654538180309e+00
1.258179634220615739e+00
1.242924545282755533e+00
1.190327942905750724e+00
1.214678248574642350e+00
1.186674504059630930e+00
1.058186610346775636e+00
1.105770632703308776e+00
1.267775907864945539e+00
1.198512494021944708e+00
1.142204247268363559e+00
1.276901148086875715e+00
1.235317518908399137e+00
1.128854926149890581e+00
1.040781674875750795e+00
8.521696633328976755e-01
1.062964730255939960e+00
1.123944494380265224e+00
1.089023174967760355e+00
1.269337604691635368e+00
1.257515332293348553e+00
1.249712376689627868e+00
1.394612389501356686e+00
1.348440902076236902e+00
1.297567136605442650e+00
1.207319194187571165e+00
1.157684049014132466e+00
1.143828224960742768e+00
1.273966600668300142e+00
1.301399048711546325e+00
1.398048221755072928e+00
1.384746176884267488e+00
1.335056065943182269e+00
1.193840322210752314e+00
1.211518199402117801e+00
1.236191121342845145e+00
1.323118188915346494e+00
1.357267197769619127e+00
1.208063056141026159e+00
1.329189726460184406e+00
1.261568477407297051e+00
1.282698722309607131e+00
1.315246454655410568e+00
1.467959055041432537e+00
1.349760066006477022e+00
1.373652002346693157e+00
1.174815819203136824e+00
1.303244856674482310e+00
1.252323650317617387e+00
1.465112158619978011e+00
1.647881441103557387e+00
1.634680982247380454e+00
1.686533903941519918e+00
1.558941918847114527e+00
1.559504797480682825e+00
1.679904226692630065e+00
1.643562999068919783e+00
1.503262465468379272e+00
1.515022217424040196e+00
1.726703701626189691e+00
1.851705097748649109e+00
1.741671274072610576e+00
1.761215983771627469e+00
1.695929475409933440e+00
1.756874803458774892e+00
1.858345051406049553e+00
1.993343339729727548e+00
1.989203630623057606e+00
2.062045299391908060e+00
2.098390889185164809e+00
2.274575023963498310e+00
2.144939154773070733e+00
1.963073101825002276e+00
2.080166121292804426e+00
2.319357769469805763e+00
2.232848435970936851e+00
2.420412316581385337e+00
2.099562109005542077e+00
2.304011586411481183e+00
2.361850481626638132e+00
2.351006495347030878e+00
2.317682890231379744e+00
2.437825642198239606e+00
