1.507891492923917490e-07
3.568049484009875871e-01
6.360198942003615352e-01
6.320785568105854457e-01
6.440590079297777715e-01
6.107320939563662954e-01
6.400834086861716399e-01
7.557915389833058661e-01
9.357083896930727951e-01
1.011054245232692717e+00
1.202845191017369642e+00
1.327205244781065607e+00
1.029291077391574882e+00
1.150671974979687429e+00
1.131810607246528377e+00
1.037877294598694267e+00
1.019606894865467517e+00
1.126146979653983804e+00
1.146143755016847399e+00
1.085630690656613773e+00
1.338908673736522559e+00
1.475294786765443567e+00
1.545411427550055450e+00
1.361431232233387467e+00
1.472143583907269404e+00
1.378562940199773212e+00
1.665412694884566003e+00
1.435241386551687093e+00
1.416845841852030219e+00
1.462552092819601857e+00
1.352924578354583574e+00
1.607941288036371708e+00
1.608971105621481490e+00
1.705745207654291828e+00
1.835774760189750721e+00
1.762213487818875324e+00
1.977660845246258514e+00
2.010199848489392149e+00
1.968923506761745656e+00
1.933651830292872464e+00
1.880017468556616889e+00
2.060739356412586432e+00
1.915117125470759740e+00
2.000884980263552659e+00
1.823449386397562932e+00
1.954962832509312909e+00
1.921645754792816518e+00
2.027345342815049634e+00
2.142043610222093886e+00
2.373625631431293570e+00
2.417493335392283615e+00
2.428967456005540093e+00
2.369278581324110622e+00
2.349505103264186712e+00
2.288593842010277601e+00
2.539054020430725700e+00
2.410906161876208209e+00
2.323842752510641763e+00
2.096608187369318088e+00
2.358736071055150152e+00
2.323200388757163282e+00
2.403598075326094818e+00
2.490241959830338914e+00
2.537245896316144833e+00
2.462027266106470602e+00
2.518306234868346483e+00
2.451142612244721963e+00
2.372454467343330986e+00
2.316270050901391819e+00
2.352378725320596775e+00
2.245206860089949075e+00
2.246512643039318302e+00
2.301500560748355184e+00
2.229667302568538290e+00
2.159897075649568787e+00
2.058163767717748449e+00
2.050001375114181457e+00
2.099650080089249471e+00
2.136927987365375259e+00
2.340583114149262123e+00
2.103849959228441424e+00
2.207495951901639053e+00
2.255305435158795113e+00
2.273057872205289431e+00
2.239764018587615979e+00
2.303064355497102422e+00
2.160937466269809093e+00
2.158024300462820122e+00
2.285517691465703383e+00
2.478747160203294886e+00
2.397584012205852044e+00
2.598456487222009503e+00
2.295634356650553709e+00
2.325500603762821417e+00
2.220957682098825714e+00
1.893687437325120015e+00
2.112397116432535693e+00
2.335580643953042657e+00
2.476767191338741458e+00
2.347384568837324714e+00
