0.000000000000000000e+00
4.466131363040891644e-01
4.859440096991891611e-01
4.406045657949387850e-01
6.164983408247751706e-01
7.485932243798666397e-01
1.012278551185202158e+00
9.420725297857496239e-01
1.040715533923288083e+00
1.039962476618914833e+00
1.060051201128172416e+00
1.119239741915976083e+00
1.152091452649541381e+00
1.245372489468806965e+00
1.285676504640171691e+00
1.250511073457464262e+00
1.328224093826652075e+00
1.213707311105120645e+00
1.159873952201075920e+00
1.113936545389214716e+00
1.084055371787719269e+00
1.227510692793034597e+00
1.519197571873214248e+00
1.254047307166527903e+00
1.373064416432666413e+00
1.266279585055421375e+00
1.494352756417041350e+00
1.625686587974106700e+00
1.643273126011837171e+00
1.829343265676859120e+00
1.905993816403166674e+00
2.025883027765275290e+00
1.926939211001936991e+00
1.750027433324137238e+00
1.878669945714739997e+00
2.098113069423076738e+00
2.097571756903083617e+00
1.980174277340280842e+00
2.098035680709898543e+00
2.075357532993597598e+00
2.320638766290855415e+00
2.275020435723727363e+00
2.428387319508155340e+00
2.467611945588651157e+00
2.303047928618171092e+00
2.364266868201510441e+00
2.211907263112383504e+00
2.218298850252729437e+00
2.222306124617834833e+00
2.397764545119762225e+00
2.288214933350764646e+00
2.324891292811025245e+00
2.280013884363984555e+00
2.289293691618179860e+00
2.405037858187847988e+00
2.645589148754726949e+00
2.622922265711183254e+00
2.273349337128023784e+00
2.300546029879254384e+00
2.170132550548355077e+00
2.111053470578592606e+00
2.049483863197193223e+00
2.028551197013744201e+00
1.925168833640754640e+00
1.929304015932003846e+00
1.870969432871478766e+00
1.758332135331727608e+00
1.975146326725862655e+00
2.096519470204551538e+00
2.027503386413878950e+00
2.103672366909621783e+00
2.155927629046275662e+00
2.171508336322115706e+00
2.319375627979185506e+00
2.466364022180850046e+00
2.455461410826137225e+00
2.254574995937866255e+00
2.342320514690039435e+00
2.459917442285702638e+00
2.387969962271749846e+00
2.667204419643510516e+00
2.691668566867734036e+00
2.538323286354975394e+00
2.724452352739852756e+00
2.482511498293961782e+00
2.563733212404339490e+00
2.480580063559023607e+00
2.445443545575677557e+00
2.387428792503028419e+00
2.281079728605708734e+00
2.527908909643298951e+00
2.526092330955768794e+00
2.430997223663351470e+00
2.566639241009927019e+00
2.579247403376974113e+00
2.738597787056715305e+00
2.762570710987879874e+00
2.580747386981677494e+00
2.574700495978605730e+00
2.542672445072935883e+00
