2.132480599880017890e-07
5.380466632027660623e-01
5.723866847402153679e-01
7.126435583408448071e-01
7.966968867573883673e-01
7.592144725787473014e-01
7.094676769047798537e-01
8.090413081103069448e-01
9.206219153495746044e-01
1.143786255661737528e+00
1.145316492346246662e+00
1.056987377521619864e+00
1.038825184517060407e+00
8.994257029780313717e-01
9.323519556898220983e-01
9.098732530305762012e-01
9.588246489600984468e-01
1.019142411372200296e+00
8.789185206363641090e-01
1.002261640045465585e+00
1.185007183510282447e+00
9.952723727398880005e-01
9.591854775707532310e-01
1.053588770433838029e+00
1.060313472504135657e+00
1.335080657348514110e+00
1.206265711850552202e+00
1.228115501605776760e+00
1.415000340860238071e+00
1.440378744609487116e+00
1.511317957755313524e+00
1.401750586029253398e+00
1.379776702495038920e+00
1.211195220986422516e+00
1.282729310971994829e+00
1.161112291064499313e+00
1.489513535317144033e+00
1.521331859694941002e+00
1.521888466778039906e+00
1.516957430013288866e+00
1.068468376891061444e+00
1.183957669479856145e+00
1.236656311664446894e+00
1.343309488415376673e+00
1.346699696723310913e+00
1.516986021806024043e+00
1.588238145421250858e+00
1.793920019972571334e+00
1.909962057231322285e+00
1.974892271024961454e+00
2.012064517813227926e+00
1.947826089450046094e+00
1.909458134320755063e+00
1.656377889192808039e+00
1.735500897491639938e+00
1.741140210386743270e+00
1.831321691966104837e+00
1.780412078747315441e+00
1.656478330326655701e+00
1.771225440643300786e+00
1.636895785558285521e+00
1.702624776096411496e+00
1.570461656386503257e+00
1.762041538823039266e+00
1.713650934402577874e+00
1.624704350669192721e+00
1.689310564914898505e+00
1.706965072124375427e+00
1.923844998440195742e+00
2.148566407349965957e+00
2.159373707995881464e+00
2.096923245213003995e+00
1.821407886007492705e+00
2.007299641434841408e+00
1.956825472380860687e+00
1.850223983822808504e+00
1.823882528785432333e+00
1.903178803807457742e+00
1.811084872734892270e+00
1.779784104881755535e+00
1.842894584762049481e+00
1.818779397308292411e+00
1.875439383657282022e+00
1.999083029922395394e+00
2.121610837378476333e+00
2.034920356301321398e+00
1.764263625528483370e+00
1.836554077731996415e+00
1.930594705598253524e+00
2.139116197494100646e+00
2.150314676340311149e+00
2.246557147484580241e+00
2.347403144090655758e+00
2.465010092287789778e+00
2.625142657363869425e+00
2.861253132968284429e+00
2.635945665230519985e+00
2.726556470035820912e+00
2.535674258886338794e+00
2.457127255325052051e+00
