2.132480599880017890e-07
3.514589406481624101e-01
5.478815783560759822e-01
4.979698684239166617e-01
6.384241992299889423e-01
6.091888954055900696e-01
6.792913821038993882e-01
7.551044539197887540e-01
7.648771398057887527e-01
1.040454504838496996e+00
1.005439687063402365e+00
1.232191422698935668e+00
1.228841015336489484e+00
1.105542030998293956e+00
9.987354524186012883e-01
1.096055142892613743e+00
1.206250471819128256e+00
1.410841900208387623e+00
1.533113572134898517e+00
1.228056167505852114e+00
1.418235117277660606e+00
1.249608214576569676e+00
1.514824934312039906e+00
1.451883785914268588e+00
1.548518896287338631e+00
1.217264189019130027e+00
1.169101865183517885e+00
1.445717276749556079e+00
1.312986475259798391e+00
1.422227750120352407e+00
1.215859650436242889e+00
1.381824211698878813e+00
1.381693104797536265e+00
1.433583108407529449e+00
1.533787957402918734e+00
1.498286136598797835e+00
1.432911153687350447e+00
1.444609683403347722e+00
1.479187786660551840e+00
1.387777441554138402e+00
1.427662343408776069e+00
1.531137198571900448e+00
1.442971833559199446e+00
1.564012398995890729e+00
1.462933363014855770e+00
1.507749134360048870e+00
1.394466995490245109e+00
1.340506381649831935e+00
1.349759923853920407e+00
1.419208197804743943e+00
1.570748567891296243e+00
1.598154997211353345e+00
1.754050144704202285e+00
1.596583688288315317e+00
1.780914253317374074e+00
1.734060498124019523e+00
1.792768070566488570e+00
1.888044930497719376e+00
1.770577788980848277e+00
1.726520580197205446e+00
1.619519797849120035e+00
1.751237233085526590e+00
1.725465517957140094e+00
1.515824488613360055e+00
1.507498440356797476e+00
1.490117353841560188e+00
1.718454026262686840e+00
1.666185639128906937e+00
1.659949823178967110e+00
1.699032348066281894e+00
1.655121088688412456e+00
1.727911844793857288e+00
1.744280301365697561e+00
1.792156255042213875e+00
1.628709422184740685e+00
1.554221215737199291e+00
1.439356795454165061e+00
1.617007754404159448e+00
1.728418463540676742e+00
1.796816494340637060e+00
1.754939346582169435e+00
1.823622330468819941e+00
1.838820403406007165e+00
1.794419161757242920e+00
1.757460826381809893e+00
1.870266791672049678e+00
1.709488879751076107e+00
1.782715544127147611e+00
1.759135124898623781e+00
1.801056372195309896e+00
1.879344462184162179e+00
1.796746603601559578e+00
1.741393433928008161e+00
1.951858344181538252e+00
1.807590002027777754e+00
1.965885413008550575e+00
1.906129227153130046e+00
1.827436625716922336e+00
1.848633299933747809e+00
2.013747504593693449e+00
