1.507891492923917490e-07
3.729931313837947515e-01
4.936180743215329292e-01
5.885351765822347536e-01
6.150904337125607801e-01
5.625983439702259004e-01
5.799338448259778733e-01
6.507155811038335402e-01
5.738661031231465648e-01
8.213061281741276254e-01
1.008800177492494843e+00
7.566296190879474581e-01
7.377719182944900700e-01
9.317119802624982405e-01
7.773620718644942418e-01
1.066378306666379450e+00
1.016195065849260892e+00
1.126262195718112258e+00
1.220706787681234973e+00
1.311718721725345871e+00
1.358863349029937106e+00
1.225973237514722092e+00
1.117669330104163139e+00
1.137373647243620001e+00
1.149287080782883663e+00
1.147816024888492548e+00
1.315275903440165983e+00
1.248306916027819069e+00
1.217916224703381234e+00
1.242940713137606901e+00
1.243387656491595772e+00
1.304921690009325896e+00
1.462396185234645651e+00
1.752275112549732894e+00
1.937853643946386040e+00
2.236480227721889147e+00
2.054372120399824198e+00
2.107162200640045668e+00
2.109994936798174070e+00
2.322205287910849680e+00
2.368432754330188850e+00
2.222931327138857771e+00
2.209176049885447135e+00
2.095212799201339848e+00
2.257088048004488368e+00
2.186497450480741289e+00
2.089806064335430147e+00
2.060408179501870052e+00
2.177822416464751498e+00
2.119459047186542211e+00
2.084933370725814861e+00
1.877411714777510010e+00
1.979196861900666349e+00
2.010407712810700076e+00
2.042405323733566203e+00
1.884848155251578561e+00
1.713472408950965642e+00
1.851986243193118886e+00
1.913779682113829539e+00
1.758241583058369306e+00
1.711139309969672118e+00
1.887706195049196678e+00
2.032673540442928584e+00
1.671520488015848294e+00
1.700559900323343587e+00
1.892922619519638250e+00
1.980073203117110214e+00
1.762910293902280268e+00
1.665127403487898894e+00
1.645519130455196377e+00
1.704282111287652945e+00
1.856653594920784300e+00
1.885448358253186907e+00
1.995734219878409155e+00
2.125543324258774014e+00
2.152028943423552665e+00
2.146803694478806257e+00
2.038288850128247898e+00
2.347228511154861863e+00
2.439432385430213568e+00
2.617357316777807252e+00
2.404557190924754728e+00
2.583022988221308935e+00
2.733372244741093748e+00
2.791976246929554595e+00
2.671572748389986707e+00
2.416617412078564620e+00
2.466789337522330428e+00
2.432225288565489141e+00
2.569924515510719765e+00
2.509912385080445674e+00
2.721513150585154861e+00
2.847300222943141446e+00
2.942940579982758820e+00
2.814825084004116018e+00
2.996163941215804982e+00
2.993768700965024010e+00
2.698348953118070881e+00
2.932633914482865034e+00
3.025486977857303916e+00
