5.642013342952361972e-07
3.652704769844427601e-01
4.730021274416733035e-01
5.588592359931534581e-01
5.125948279851956224e-01
6.146591512371983868e-01
7.962698759128500337e-01
9.234073460785697796e-01
8.870578488113223248e-01
7.310215124789600782e-01
1.006425183428411474e+00
1.064421807069564130e+00
1.065227220253735174e+00
1.276327663291255465e+00
1.326577083923917266e+00
1.204262836716706531e+00
1.469183388443183302e+00
1.159989766329809990e+00
1.200514197981361164e+00
1.122998161609432444e+00
1.106631864913738772e+00
1.314611846812765439e+00
1.031889501925854713e+00
1.151007909560195941e+00
1.202782085266285605e+00
1.132087002598333392e+00
1.164286616231167359e+00
1.176082843972760195e+00
1.303407427994592194e+00
1.325916347274650686e+00
1.221473656796135954e+00
1.370777045387209458e+00
1.248728970697752461e+00
1.343424541419606655e+00
1.272416928575345496e+00
1.289356288688151331e+00
1.329399476299102600e+00
1.579345676495811146e+00
1.739697063784015230e+00
2.079738550773063910e+00
2.041316069278220624e+00
2.015134979695345052e+00
2.006402182281954438e+00
1.929377531998297979e+00
2.037286328411291425e+00
2.186320736131354803e+00
2.046422594372131254e+00
1.847231531559260231e+00
1.786291155504976524e+00
1.733336663306509040e+00
1.722418714244400517e+00
1.804140565619924086e+00
1.715433594606074141e+00
1.695584955382634540e+00
1.792719848029246332e+00
2.021630960366089802e+00
1.892032674782320845e+00
2.119908546744193156e+00
1.953331661268123520e+00
2.033580415107580031e+00
2.059024020553017920e+00
2.105791811962718807e+00
1.929525990072829877e+00
1.888272519893011481e+00
2.034683519147027386e+00
2.125935439492048662e+00
2.063384761990989080e+00
2.018846176097980560e+00
1.917077836094994492e+00
1.852151013406810875e+00
1.888316621080946112e+00
1.834772225276917634e+00
1.870064166741210343e+00
2.045402335239049574e+00
1.981814739840839001e+00
1.849694050038420912e+00
2.124188418904681797e+00
2.175322741239040347e+00
2.107947016982999688e+00
2.020176594841179174e+00
2.129993910844146132e+00
2.187112987432119127e+00
2.143521765266752865e+00
2.048673585875159908e+00
2.051003769532521392e+00
1.960807226120038438e+00
1.859174503785679056e+00
1.819351841728434227e+00
1.588826571746481564e+00
1.749117074414741513e+00
1.804862367938621537e+00
1.842949058985880351e+00
1.851127118338234512e+00
1.896632995359470275e+00
1.823383429163836444e+00
1.726363004348022034e+00
1.822090489258475277e+00
1.863372789228701309e+00
2.025667388901154276e+00
2.313723839458220244e+00
