1.507891492923917490e-07
5.746816187525631836e-01
4.865935109582075202e-01
5.199012046749739158e-01
6.556895582959233471e-01
7.568180028559252648e-01
8.881378443290679492e-01
8.924965767695757224e-01
8.009040633790924790e-01
6.554595054699045020e-01
5.740627156070128301e-01
9.106110558599964655e-01
1.013934766986425373e+00
9.232670000225899898e-01
9.579836684221373355e-01
7.639582846063779353e-01
9.519563617000611488e-01
9.442459257797443106e-01
1.065146961224101130e+00
1.030549370808056642e+00
1.038657443517986056e+00
1.103382578189204821e+00
1.128177218657620662e+00
1.154788103230813823e+00
1.180345931989288166e+00
1.489401850754719314e+00
1.266210602581502087e+00
1.086111022993984321e+00
1.108378581221957537e+00
9.777807848116059075e-01
1.066365005893993079e+00
1.141302531128152831e+00
1.147539898406263470e+00
1.129171374838726427e+00
1.215267984691061454e+00
1.159955588734941756e+00
1.155024732622522254e+00
1.228064677778093694e+00
1.348856236161182887e+00
1.110063797555436160e+00
1.145227624194040006e+00
1.271101489169156773e+00
1.483058941005978237e+00
1.391480250846902855e+00
1.486312255850081643e+00
1.409511847291878173e+00
1.505113760294312319e+00
1.264884222361832622e+00
1.209072846202724705e+00
1.007320267079834686e+00
1.024605195831562732e+00
1.008090717635767408e+00
1.171262332955770313e+00
1.168875701600818884e+00
1.161228210476531464e+00
1.180198110971701242e+00
1.155275017326683695e+00
1.212579961189986788e+00
1.261012826075363469e+00
1.395008616665073253e+00
1.458083981440529975e+00
1.417497137648412675e+00
1.621915106097906678e+00
1.743001711800907794e+00
1.651358663664669546e+00
1.649117163545448239e+00
1.516985407337643421e+00
1.582868644074041597e+00
1.438600149318585819e+00
1.515885001605587812e+00
1.407321427440399786e+00
1.384215527926029754e+00
1.230394046841781552e+00
1.262127066032005640e+00
1.189084064032453369e+00
1.173742834528976209e+00
1.082382369420518353e+00
1.227876317093825831e+00
1.304313370783049875e+00
1.203453004942880655e+00
1.416553747473339175e+00
1.577437970196002182e+00
1.510743549901124361e+00
1.599208673030807049e+00
1.482877216183458025e+00
1.582714223593078451e+00
1.504127084218301214e+00
1.621626196717638857e+00
1.513335857879208213e+00
1.803756700693114334e+00
1.849967957342127267e+00
1.732462137624800613e+00
1.862390648190197506e+00
1.806317775697935613e+00
1.938195300613314132e+00
1.952747761736436827e+00
2.116809619393557274e+00
2.054124225501070988e+00
2.022457788574966386e+00
2.145656740993410416e+00
