0.000000000000000000e+00
5.147970804320339822e-01
7.981963261700675272e-01
8.356547319834685128e-01
9.360629898647049307e-01
1.090747066957349798e+00
1.351415938855237142e+00
1.354893070688527379e+00
1.499385226086578093e+00
1.561505514365287839e+00
1.576027339176661268e+00
1.616367504920120712e+00
1.688543408021497827e+00
1.759311627104484188e+00
1.806081041998526038e+00
1.781884116679510965e+00
1.820920104267404582e+00
1.817523254302850555e+00
1.662575839289729407e+00
1.796477212718438299e+00
1.942720180045206080e+00
1.853973373952578552e+00
1.680171900995851786e+00
1.664755867758508812e+00
1.651362635645996280e+00
1.677387836094075491e+00
1.786961767150171854e+00
1.796594028411559130e+00
1.963127327319205806e+00
1.951839726703034961e+00
2.239185866817049231e+00
2.124299442544053118e+00
1.949495741324922982e+00
2.061272787943587481e+00
1.963479964239200681e+00
1.980137358745411413e+00
2.006600439376114320e+00
1.945389216256842246e+00
2.082817689805809724e+00
2.064335549676840298e+00
2.294733124801115576e+00
2.299392557679213134e+00
2.200247824530376484e+00
2.357326420261947497e+00
2.196564110331418629e+00
2.180296753070119831e+00
2.140084048767031177e+00
2.410783862175450043e+00
2.559012863482137856e+00
2.433843807578132790e+00
2.350309594146289260e+00
2.477451133094068503e+00
2.342412816875024006e+00
2.349502183870144645e+00
2.142866413343926357e+00
2.289505855464015305e+00
2.415069486764330087e+00
2.305751767146905440e+00
2.314851321114943516e+00
2.219000590776746940e+00
2.243493116598608061e+00
2.438483658809374344e+00
2.295905675439588567e+00
2.453578370334830172e+00
2.553435123685400931e+00
2.626686158104302837e+00
2.478590675771753737e+00
2.198371967013810657e+00
2.349312202159665297e+00
2.256980645370906480e+00
2.213688212626886198e+00
2.306999300458547619e+00
2.303283315944529175e+00
2.359697607392232221e+00
2.285752377241468736e+00
2.329703894010707987e+00
2.281617705513124150e+00
2.442818692724500806e+00
2.623587527579845702e+00
2.690023389964217859e+00
2.769524772068031382e+00
2.750827565457748758e+00
2.854550345859118821e+00
3.086485347761299902e+00
3.194039626279868038e+00
3.290965814135311973e+00
3.138164121107153370e+00
3.161744499813920140e+00
3.040825507357777013e+00
3.158973330275921754e+00
3.073691866831053332e+00
2.823966977135027978e+00
3.073596362993904485e+00
2.978040223529335062e+00
2.968569931459946964e+00
2.770221420191974815e+00
2.731033643692813762e+00
2.974045646528718834e+00
2.799829453380682232e+00
2.751513509560863824e+00
