2.132480599880017890e-07
4.984041692520549960e-01
6.477421487996544158e-01
7.581740613888116043e-01
6.558541889191273899e-01
9.044844824070700229e-01
6.393676168880897404e-01
6.227584176983386177e-01
5.426089054561352709e-01
6.978525789755141151e-01
6.795947259588587253e-01
6.579690440712245847e-01
6.897126197957950122e-01
7.149198492580990383e-01
6.010220750162482695e-01
6.451569995889971931e-01
6.980215578579271885e-01
8.373269910141525330e-01
8.307379891727767474e-01
6.993760553024604976e-01
6.386822673519558791e-01
6.588371172897646844e-01
6.360378361386542778e-01
7.645962688745437941e-01
9.685886618223824573e-01
9.365548031178816402e-01
1.252980198050211325e+00
1.299975938934195163e+00
1.222441861323582346e+00
9.866260296724046475e-01
1.156915513562645659e+00
1.258166133680188814e+00
1.219988120347355487e+00
1.099559413552305021e+00
1.226154506902405128e+00
1.230681765680538442e+00
1.143620453199581721e+00
1.213546542109574800e+00
1.194112232092772619e+00
1.127717087073387914e+00
1.112356754173799311e+00
1.068080531280467760e+00
1.138119147588558366e+00
1.148215723494519391e+00
9.757191373557109193e-01
1.262274638041650743e+00
1.003479426583611778e+00
8.371707673555751628e-01
9.523584079564904048e-01
9.861737467810277602e-01
9.813742775322216172e-01
1.017227173045938127e+00
1.035185147893624258e+00
1.096776262280851233e+00
1.050094421176687387e+00
1.065676101649108309e+00
1.091721451736497039e+00
1.015530099343830983e+00
9.346994760269422553e-01
1.071867645898590515e+00
1.010868976576075662e+00
1.278754214572891845e+00
1.357271177824733499e+00
1.216255367572026014e+00
1.325051990419715109e+00
1.217955209385518600e+00
1.413877373817429284e+00
1.356144881294731874e+00
1.599564438009192680e+00
1.502181063307546305e+00
1.748194827419341513e+00
1.786405267620412518e+00
1.445210902919542129e+00
1.351808148283623945e+00
1.472148420580708272e+00
1.837420017333726729e+00
1.795512730824987413e+00
1.618896070231935713e+00
1.922924994272987576e+00
1.765011793827012454e+00
1.572551956168022347e+00
1.531299080409268099e+00
1.607612214277963192e+00
1.629395373715740725e+00
1.801830365268802803e+00
1.841699202051722883e+00
2.009340957615119549e+00
1.735999107331972713e+00
1.821864029131095686e+00
1.881501023828018759e+00
1.916308537564548775e+00
2.129742414015947105e+00
2.033315915542635466e+00
2.116701532500050220e+00
2.121572050103476936e+00
2.077715193460182075e+00
2.376405388144561037e+00
2.706408318141825475e+00
2.653347182637322721e+00
2.663554788976300269e+00
