2.132480599880017890e-07
4.653448874123483625e-01
4.647534582524200930e-01
4.873448586114477732e-01
5.631933399225473869e-01
4.927600997140684780e-01
4.991489553380675237e-01
6.101824041132135612e-01
7.267485560831021818e-01
7.715172320243052217e-01
9.214450411624681703e-01
1.081135531105750891e+00
1.032562471874045595e+00
1.003115793052311133e+00
1.107818021278941467e+00
1.185826550581106531e+00
1.192802507665696510e+00
1.304005496248741069e+00
1.516989810494143942e+00
1.499483646963754246e+00
1.407245589282078546e+00
1.231719023782341216e+00
1.173726574455965066e+00
1.089280201947911531e+00
1.168572156193389500e+00
1.031483527860812988e+00
9.604203828180537528e-01
9.840852721685082738e-01
9.167220528343158481e-01
8.102581535294137716e-01
8.234786140394072529e-01
1.054824594200419297e+00
9.651264866792137465e-01
1.076702844410760029e+00
1.153059402005481182e+00
1.127387686034710734e+00
1.053908807327658126e+00
1.131969929725334278e+00
1.087491597924871600e+00
1.012550053124539717e+00
1.013026301547138575e+00
9.650169860105699549e-01
9.927582170059091604e-01
9.164006646362041764e-01
8.705047276674593437e-01
8.800733351452229014e-01
8.460783856638196543e-01
8.505046640242954759e-01
7.847825667715461195e-01
8.387472608794510620e-01
8.482942666291424239e-01
1.059511213727597712e+00
8.125789775782141788e-01
8.884289241861262898e-01
8.790006506527466845e-01
8.266124314357553571e-01
8.790333439749005162e-01
8.493473217477190973e-01
8.246227325353789883e-01
7.923855457382240619e-01
7.249855089055372570e-01
7.958058413633427586e-01
8.530291390991132650e-01
7.968905278572090412e-01
8.218469283135843018e-01
9.467502488935835014e-01
9.514765936062572482e-01
8.892905608548903329e-01
1.014496578889235279e+00
1.034233453747136711e+00
9.728777745320936754e-01
8.969503473097746316e-01
9.524044805475344599e-01
1.192801158249516602e+00
1.204164264928916150e+00
9.940794888705941634e-01
9.184934546448703108e-01
1.123670777279404343e+00
1.004435364023756661e+00
9.920104870799540953e-01
9.210144478160160464e-01
9.418970670519823951e-01
8.694897761856876794e-01
8.925888988050690864e-01
1.024831002603117547e+00
9.957991233762339967e-01
1.121360233204125256e+00
1.071681431961243325e+00
1.206720025565424237e+00
1.101014719049860702e+00
1.007181263801423921e+00
1.023662088242736079e+00
1.026946090879436113e+00
1.131611977557093418e+00
1.194870347474413119e+00
1.134562393577801975e+00
1.209841177787758681e+00
1.225452792946907232e+00
1.160925767725067059e+00
1.265366928615244690e+00
