3.693564745147149106e-07
4.229627988932002647e-01
6.075221852055875393e-01
5.242687283100150308e-01
4.797255047717354226e-01
6.071849041400678715e-01
6.722068457705868694e-01
6.942018119388759789e-01
8.436525856540453283e-01
9.554478179387695391e-01
1.104498256784311350e+00
1.001029510837066594e+00
9.015026133211789805e-01
1.014790207414282941e+00
1.005274517177406235e+00
1.094971101999795859e+00
1.109673016944977553e+00
1.108256445057089978e+00
8.829443196639721325e-01
8.620805893266509923e-01
1.036789490742733966e+00
1.252504375888555233e+00
1.428184881932478945e+00
1.451790608532844917e+00
1.573255786536947864e+00
1.463722492649123241e+00
1.377318754854443217e+00
1.465760524002520215e+00
1.560340626377245909e+00
1.496962398684747342e+00
1.421594577009409388e+00
1.610271520672182266e+00
1.587567526801515028e+00
1.885317311289110398e+00
1.990276100515244950e+00
2.000278954443289070e+00
2.274179178583810579e+00
2.275107250399215353e+00
2.181586888646585010e+00
2.134132299181345616e+00
2.019171101613678410e+00
2.225272417714222684e+00
2.241314359202798201e+00
2.265491606686833581e+00
2.391359325924737878e+00
2.423279000464808597e+00
2.405866750525107900e+00
2.256736889248196043e+00
2.197442139799312244e+00
1.850520878243871792e+00
2.018788765699465859e+00
2.013942509211290144e+00
2.016093232879496711e+00
1.870473979742595771e+00
1.829139646455552493e+00
1.830546966508770357e+00
1.909564475073639800e+00
1.879798516637016359e+00
1.945464799933020794e+00
2.102976520405260175e+00
2.171167709260008127e+00
1.964964185789174422e+00
2.024102582967767905e+00
2.027878010007146070e+00
2.082303215089567949e+00
2.184287461255932428e+00
2.359525417785004908e+00
2.183178406504958424e+00
2.001773905512536089e+00
2.112806595269496324e+00
2.099281122176726910e+00
2.029291760932502076e+00
2.024399718359282119e+00
2.007544636124027448e+00
2.121007803627453114e+00
2.167336448366999679e+00
2.071454113358109250e+00
2.082859308731835224e+00
1.936729067499417756e+00
1.906407733798730852e+00
1.695709553291329774e+00
1.757624947257079739e+00
1.981134949411771151e+00
2.014830983661265229e+00
1.941519137397240469e+00
2.066396141665550967e+00
1.865734077854503958e+00
1.850189545805483116e+00
1.883902319826534777e+00
2.068390588661831675e+00
2.083062978284321076e+00
2.196982516355479031e+00
2.408309254577619907e+00
2.480161291657204448e+00
2.535218547420674540e+00
2.628547549942425121e+00
2.589414814749457339e+00
2.204326761499499909e+00
2.449993901314455158e+00
2.359544423837574900e+00
