2.132480599880017890e-07
4.027972989896834166e-01
5.493257809690874627e-01
5.357479088548113833e-01
5.624307926779352762e-01
7.382198929665397813e-01
8.320226770144217854e-01
1.011752920832053926e+00
8.269202493621400363e-01
8.090508163335125014e-01
8.047403781195354711e-01
9.280290111082585280e-01
8.002570232759703694e-01
8.814665997031884137e-01
9.042001262764275404e-01
1.044447777740451944e+00
1.261435537200235490e+00
1.014916524888080929e+00
1.095565391871347050e+00
1.212802014927608196e+00
1.251774805801485702e+00
1.253545906763845919e+00
1.108998063259029276e+00
9.694427372147830235e-01
1.113763693716900205e+00
1.114121711928214298e+00
1.085865564972849473e+00
1.075291586006630995e+00
1.089826612207878798e+00
1.084014193347360377e+00
1.156203328405094322e+00
1.094116621575823345e+00
1.266032707736814311e+00
1.285851226437697115e+00
1.468356445283123257e+00
1.653347361325829379e+00
1.529916252750005201e+00
1.427210902875102772e+00
1.473912721904349299e+00
1.435308181544319828e+00
1.677814220708570225e+00
1.586853804009516367e+00
1.203614494426511028e+00
1.241514370499009479e+00
1.076873229620443961e+00
1.034120270057778068e+00
1.243148671008985184e+00
1.375314834904851624e+00
1.558229654188828750e+00
1.549191519436665443e+00
1.598386038208531534e+00
1.575088277790851921e+00
1.618478550350411771e+00
1.554904705065025983e+00
1.577943341777343633e+00
1.635110602246412803e+00
1.674253553286984886e+00
1.668217568870463241e+00
1.621057328660701069e+00
1.419877554347133808e+00
1.315522213595523127e+00
1.279338538514203094e+00
1.304853625166540798e+00
1.448431814700660958e+00
1.517269244377066784e+00
1.344347367736695276e+00
1.650406854233020360e+00
1.644186427084636248e+00
1.622578066898455074e+00
1.605300224545945786e+00
1.563757596320132004e+00
1.566980656072982869e+00
1.524266245777612383e+00
1.515356834934214580e+00
1.507422442600288681e+00
1.376412999667264492e+00
1.430391019826394938e+00
1.509588167060085695e+00
1.406067761972056740e+00
1.401353517752893074e+00
1.280143734687331003e+00
1.269123025997287879e+00
1.313340537872657698e+00
1.425686932073970237e+00
1.475322147621140889e+00
1.515222395367440189e+00
1.586415305817545862e+00
1.490907102590195654e+00
1.366872830809539030e+00
1.445038257757225830e+00
1.511630504227016836e+00
1.388718026365891145e+00
1.470822344817829253e+00
1.587808650250967846e+00
1.444314040289781609e+00
1.539036852485009765e+00
1.635274039162087911e+00
1.738936681816448004e+00
1.663743910070154097e+00
1.872133771307046279e+00
