3.693564745147149106e-07
3.527665453276639940e-01
4.205609714259945231e-01
4.601933332500342533e-01
5.165558756029806631e-01
7.818454741122325968e-01
7.864811841841907736e-01
6.626224809751793954e-01
6.706581068508565835e-01
7.295720210805525241e-01
6.476710375509181494e-01
8.225590059234145768e-01
7.710126885870350888e-01
1.049499715282804280e+00
1.143164564701362851e+00
1.125182735010544777e+00
1.218251308858663506e+00
1.261195373706357703e+00
1.137854235092491839e+00
1.152706097927717499e+00
1.174591342695836538e+00
9.281166481962628279e-01
9.207316644574011777e-01
1.014420893203589413e+00
1.182561187304672412e+00
1.218625372508455929e+00
9.596167393448928884e-01
1.062959018095791741e+00
1.084845262360965901e+00
1.012212888578489345e+00
1.177010429405555003e+00
1.185750678577305761e+00
1.144525991786357055e+00
1.114894815521592975e+00
1.177028579321189872e+00
1.227127674570616334e+00
1.278396947266345451e+00
1.171775666517812509e+00
1.317961004557292704e+00
1.304847948385523093e+00
1.378832988836622198e+00
1.338538642007220059e+00
1.358018847641379701e+00
1.467211811172949965e+00
1.372793612390790674e+00
1.157474245386467926e+00
1.230454469300084952e+00
1.234405824102016380e+00
1.202924027966329135e+00
1.253237730604158218e+00
1.166912404164866857e+00
1.440381909151345896e+00
1.532364538221027583e+00
1.459441422104417851e+00
1.303937919295310000e+00
1.362023543944396398e+00
1.507253998913990811e+00
1.446199739724360667e+00
1.485854600009439697e+00
1.521088413490818025e+00
1.547191049457048218e+00
1.465683833101712796e+00
1.456061324969687876e+00
1.501104905772496556e+00
1.607613781728985947e+00
1.569805239448451628e+00
1.716438592666893248e+00
1.701620520947563664e+00
1.667137641465252340e+00
1.718958352927006050e+00
1.839804315322817851e+00
1.949878916076835722e+00
1.897154234482206103e+00
1.840835976417612541e+00
2.206039826619193622e+00
2.140677104512603623e+00
1.906184636106926344e+00
1.837256748306499876e+00
1.792472624221410182e+00
1.877778095007550663e+00
1.795248647972727873e+00
1.935562958843788373e+00
2.085998305445138534e+00
2.059895268488197928e+00
1.892788717490585304e+00
1.881986888137796132e+00
1.758865328252037230e+00
1.583151870495544511e+00
1.635391490280077686e+00
1.779033892348276025e+00
1.801809542813789911e+00
1.706087456180801265e+00
1.553800598158038948e+00
1.442751071904941229e+00
1.652212195155123631e+00
1.465023290616297436e+00
1.318228237189959851e+00
1.429589362720899537e+00
1.239014641326789290e+00
1.214890082983233643e+00
