1.507891492923917490e-07
4.700601423426742920e-01
5.416241080889644399e-01
7.184747821178434357e-01
7.540575809050014122e-01
8.747856374498343968e-01
7.097222903052625709e-01
7.202253184559658239e-01
6.636667577203738677e-01
8.285568547475358203e-01
8.218524440230827732e-01
6.808628604725665001e-01
9.564051291578146152e-01
7.911669740845937993e-01
9.293004155792390364e-01
9.596829661853996107e-01
8.361124958214211089e-01
1.023444040215621298e+00
1.151883870952098654e+00
1.110691832539880908e+00
1.283400409944545295e+00
1.329145435352520943e+00
1.292539850263191958e+00
1.290710521266033250e+00
1.341294338673880482e+00
1.429443395338573453e+00
1.364367709080894997e+00
1.229956979566046549e+00
1.219617095134224671e+00
1.124568306450948851e+00
1.184208362832342321e+00
1.296781565609530951e+00
1.385686873475443948e+00
1.459622198965312645e+00
1.417541249431317985e+00
1.360043858570248787e+00
1.252603844301694691e+00
1.337296872952831839e+00
1.179902865077288920e+00
1.184345634227331523e+00
1.439545251713494789e+00
1.296907072664445382e+00
1.253297333447528583e+00
1.303679161130484321e+00
1.273272326768863039e+00
1.283314180276511340e+00
1.375195548908103804e+00
1.367138752763405130e+00
1.514533871375618235e+00
1.423081497198220191e+00
1.442350943848195843e+00
1.390084087974803762e+00
1.428052315832004870e+00
1.539910734322065933e+00
1.313621347820701279e+00
1.406736473556456923e+00
1.371874471270033480e+00
1.507438731203865512e+00
1.343737858816470121e+00
1.516316014684107705e+00
1.561558217213282473e+00
1.601740869351317542e+00
1.470703134314903071e+00
1.581406473296203430e+00
1.421239125698728456e+00
1.480728017525059892e+00
1.275391696783378492e+00
1.187549823709414420e+00
1.121447073875793343e+00
1.122326070796209496e+00
1.130208192402316181e+00
1.129744004575441885e+00
1.383428415000135026e+00
1.107779397419711875e+00
1.047575192597707705e+00
1.106380478088859531e+00
1.206786589309119639e+00
1.261242419684357463e+00
1.233227489410866573e+00
1.157330425834792953e+00
1.049945690969864343e+00
1.108702364855335354e+00
1.220250126386946077e+00
1.037494328352729811e+00
1.220083718207364498e+00
1.264556301610127775e+00
1.267108484400473412e+00
1.400677262519040456e+00
1.386012280547989972e+00
1.200796997457867166e+00
1.419204098303396666e+00
1.489298097447706803e+00
1.305821667186520152e+00
1.456992942969305149e+00
1.302032737728658018e+00
1.390129058781153226e+00
1.323970525020902178e+00
1.377298777538389363e+00
1.427721645189288902e+00
1.444806552112276821e+00
