2.611744678045111057e-07
4.834849159004083741e-01
5.453891149454866971e-01
5.610086209177659322e-01
6.862982646900396277e-01
5.854476260434644530e-01
7.233444581895158709e-01
7.322488857082961600e-01
8.355181495140185932e-01
9.018207575306013135e-01
7.477682824291733699e-01
9.048421335967131718e-01
7.940795239910678482e-01
9.155252148213072205e-01
1.088225501109731930e+00
1.246666806582281906e+00
1.196156422205012504e+00
1.210699158565488487e+00
1.483440309050439998e+00
1.415214417693466675e+00
1.532785729304605882e+00
1.336062078156285082e+00
1.388867082040626366e+00
1.349014376594340980e+00
1.393059517624343879e+00
1.638336983144786707e+00
1.564131753213527265e+00
1.555601280938999409e+00
1.757652727847391683e+00
1.658718758202035515e+00
1.932128431167992266e+00
1.674279448109692980e+00
1.772464411851454313e+00
1.906526280729860190e+00
1.918520691506663711e+00
1.946409480387385926e+00
1.778020082722183481e+00
1.735122164029511138e+00
1.863924857957157899e+00
1.917986503064997850e+00
2.073259462574108536e+00
2.013503700689867060e+00
2.239314320512336920e+00
2.370055326643895732e+00
2.350443956709491466e+00
2.215011847914310383e+00
2.302805793632775710e+00
2.357866386984590612e+00
2.368063464967484322e+00
2.284577898850532751e+00
2.240577016558506163e+00
2.232365750808089633e+00
2.379912666180063585e+00
2.354891582014581708e+00
2.501666454554839714e+00
2.442280403668733779e+00
2.302702557514633153e+00
2.366890642823844537e+00
2.234618725445651766e+00
2.223335513388602802e+00
2.226555402001950235e+00
2.261541412581637100e+00
2.300108219967315737e+00
2.436583922861182305e+00
2.333125429723220456e+00
2.416532129186878208e+00
2.385774669021089256e+00
2.310679827597597935e+00
2.323019011314749971e+00
2.324236756254267178e+00
2.384559291535501835e+00
2.400427806756328053e+00
2.436175856211783675e+00
2.445410334409738873e+00
2.361254841864722565e+00
2.426749353761691097e+00
2.511558652663003155e+00
2.481030102029153639e+00
2.550079849504271579e+00
2.504148889480007689e+00
2.402230726440165665e+00
2.343347572453415406e+00
2.351322149715565413e+00
2.338922361218049417e+00
2.292887436450024907e+00
2.393847225591381189e+00
2.541128947703454877e+00
2.589311590934596286e+00
2.795220819080323604e+00
2.862161917273443823e+00
2.851130853308604607e+00
2.912265850115701937e+00
3.030030870660341158e+00
3.019650871769308687e+00
3.018191909841038800e+00
3.137474316816800002e+00
2.978891461549634023e+00
2.930333547550870943e+00
2.906843066854797986e+00
2.948978190609831351e+00
