4.768371582031250000e-07
5.150666527125428162e-01
7.708924998909597592e-01
8.080090377584806527e-01
6.293225554380241782e-01
7.162663546267121761e-01
8.009882350032879739e-01
1.009516713679289746e+00
1.043389508150423417e+00
1.014476347151820335e+00
8.154626976690236839e-01
9.605997443684504145e-01
1.032082502232804844e+00
1.117832839798211797e+00
1.153357537087068119e+00
1.066851872874636120e+00
1.152766776512192282e+00
1.056526636962528354e+00
1.154691806498577167e+00
1.010368268119044455e+00
1.065441049480264857e+00
1.018875349575310452e+00
1.217088603242684863e+00
1.361705936888355728e+00
1.204720656438170723e+00
1.150051514763027916e+00
1.347299680161417434e+00
1.356027165697467396e+00
1.453011859964095986e+00
1.591391272625674258e+00
1.776930583267788633e+00
1.771600048878480660e+00
1.889750965678396399e+00
1.974615415833419041e+00
1.924064289824961804e+00
1.834655633011186504e+00
1.812821660445678162e+00
1.793089656969102386e+00
1.804932918612607295e+00
1.967976459643717924e+00
1.764963998701406078e+00
1.881356872791314361e+00
1.725581610684134848e+00
1.921827236813771433e+00
2.032720983717406948e+00
2.033990477875999847e+00
2.119746242963743477e+00
2.273266103636928825e+00
2.167955863819250428e+00
2.218354393248993528e+00
2.229514305154968845e+00
2.328764279105983714e+00
2.265610815136925638e+00
2.236414515825704719e+00
2.341898447049626686e+00
2.323943384490621877e+00
2.395994695815741427e+00
2.446092739675386429e+00
2.347324304682564478e+00
2.272901674943068606e+00
2.317347155675757886e+00
2.197441279872200948e+00
2.326592855677391380e+00
2.374268565581163948e+00
2.387652705799190755e+00
2.328133076749983044e+00
2.516836601903084780e+00
2.474320445385065792e+00
2.251246304707791523e+00
2.352187284591090055e+00
2.252732683083655818e+00
2.172044927897348821e+00
2.181903577698906194e+00
2.194948916786447324e+00
2.059119600128898053e+00
2.138211057682267935e+00
2.067944698704617057e+00
2.124718105087219033e+00
2.140535002608935145e+00
2.353733808432840302e+00
2.361538256358981069e+00
2.437159214977041799e+00
2.538101309577105003e+00
2.441231933633922768e+00
2.348954505937401294e+00
2.444262464621451247e+00
2.526263042100688860e+00
2.300091527667407210e+00
2.044348893598039840e+00
2.277670562767803109e+00
2.656769082837725726e+00
2.653778322214241037e+00
2.510798901894579327e+00
2.767778037160001592e+00
2.849399336299491381e+00
2.973908307138930063e+00
2.778928816649230082e+00
2.808394487596705957e+00
3.018538592454548919e+00
3.229834210661075122e+00
