1.507891492923917490e-07
4.928384845199863529e-01
4.452107193548453523e-01
4.705873766337395070e-01
5.351739171443412602e-01
5.681425633981755929e-01
4.452749368199018232e-01
6.136295605369461725e-01
6.475735138384914880e-01
6.465638689575751163e-01
6.190433609474128573e-01
6.690458976189920248e-01
6.052407224432365673e-01
6.079168990158358987e-01
6.223896555092851557e-01
5.580841549328665607e-01
5.709208281760712600e-01
5.993669279791811189e-01
5.560990270395015367e-01
7.401234688731206379e-01
6.168698770545395504e-01
5.875625274334846937e-01
6.412085280943042864e-01
7.872320666081442653e-01
9.154068858729060842e-01
8.984994354687924067e-01
8.511612646904631596e-01
1.003581924067000086e+00
9.751935429224406482e-01
8.598170599128659441e-01
1.063198911212700049e+00
1.076261151590401921e+00
1.128960272750103355e+00
9.645217201551260500e-01
1.119999034484357114e+00
1.227853414305490221e+00
1.046192239150737668e+00
1.071802399876335077e+00
1.138097796938099426e+00
1.031566547422484215e+00
9.293122269921053613e-01
9.819746129211832653e-01
9.301225273520793424e-01
8.133033395338390426e-01
8.352595958707901280e-01
8.722228848354230957e-01
8.152725287266099352e-01
9.689864187592481803e-01
8.938099583988988739e-01
1.219023233752563495e+00
9.805244628575856547e-01
1.014442528447898617e+00
1.138032429220760644e+00
8.259976282540110182e-01
9.055494963720868151e-01
7.944845597655414426e-01
1.065795984422922560e+00
1.057272104660531342e+00
9.092935466210648743e-01
8.588408693178637421e-01
8.414006580696982152e-01
7.723643288273427387e-01
7.715101122118768195e-01
7.986961561383651986e-01
6.787599043106550267e-01
9.136217918905685798e-01
7.205344315810291445e-01
7.716825457647383812e-01
6.463557064170943889e-01
7.571612359470666354e-01
6.753132631849879663e-01
7.951002693051938408e-01
6.176775966817338315e-01
5.945377035137067168e-01
7.092446207581256656e-01
7.121004361420649742e-01
8.227115405121465663e-01
7.501410362453162506e-01
8.796290118237822808e-01
1.225022099813637411e+00
1.155828936822902664e+00
1.219671134667114076e+00
1.349475395279144729e+00
1.182457236127418376e+00
1.304690193235497730e+00
1.135828901959560433e+00
1.099256998021983955e+00
1.116972919856293878e+00
1.096699519652114319e+00
1.133456807372166253e+00
1.128652295459209309e+00
1.266603070373495177e+00
1.422982777134651489e+00
1.411801177618141390e+00
1.339051412656792506e+00
1.275022438889111820e+00
1.196427697011984481e+00
1.317186209596092894e+00
1.251815620918762306e+00
1.340022239446489571e+00
