1.507891492923917490e-07
4.986635548669679507e-01
8.761340222920340759e-01
9.176938362523311410e-01
9.770342168324971377e-01
1.081385269322081344e+00
9.744991851828028739e-01
1.192348692301266055e+00
1.203665637278456879e+00
1.090417803262525132e+00
1.156885946154058376e+00
1.217419541913612013e+00
1.163728249611989840e+00
1.042063720802500759e+00
9.864042395132442964e-01
1.131831699949392478e+00
1.304406779236159775e+00
1.539956095083129473e+00
1.486412430017443276e+00
1.526927341314914255e+00
1.602624359029224177e+00
1.488084967495955757e+00
1.345526560214630019e+00
1.334332323782253749e+00
1.350112475979782012e+00
1.390464442769703268e+00
1.365550693375822799e+00
1.424677686437068047e+00
1.361642555937826904e+00
1.289307191887349768e+00
1.172146671668044204e+00
1.500407946396834280e+00
1.448944169104575241e+00
1.318445678043222546e+00
1.568585539769211223e+00
1.600205552899474748e+00
1.629394913682185475e+00
1.888216463722580230e+00
1.784416656948720536e+00
1.825984673866470231e+00
1.909663606193424901e+00
1.854401958775258041e+00
1.881405427292481392e+00
1.991773261662664218e+00
2.044399884456928440e+00
2.132439730599354544e+00
2.162926892385796940e+00
2.027433209003276282e+00
1.918531057535865170e+00
2.014028595427057589e+00
1.902389173943684897e+00
2.178750909293864613e+00
1.973286664528604906e+00
2.033242501708089289e+00
2.139692532781719780e+00
2.193200735714304628e+00
2.004139321843656507e+00
2.109097499967516498e+00
2.137474488884576473e+00
1.951577594612966982e+00
1.965761188958563110e+00
1.787483364200050051e+00
1.810507225144481147e+00
1.730923998398266717e+00
1.736328081411339763e+00
1.852187186882891634e+00
2.071835941016109128e+00
2.048918078884498506e+00
2.081178202938501975e+00
2.021334934786656490e+00
1.861048147163870903e+00
1.913828172352698420e+00
1.867728781707175489e+00
2.019662381014204477e+00
1.960641113188923867e+00
1.862118233245786403e+00
1.590244126202632557e+00
1.735421750712105249e+00
1.915980098013640776e+00
1.847627435219707959e+00
1.738214227920283905e+00
1.839142406632100046e+00
1.889419566169215692e+00
1.882161283503763993e+00
2.053942069216777799e+00
1.950723026138958760e+00
1.983188990474543001e+00
1.836624476623363922e+00
1.921920347049938860e+00
1.670517517542378760e+00
1.816434973368177941e+00
1.833468657781604838e+00
1.958821151361666901e+00
1.971645481759521479e+00
1.843644699702620571e+00
2.009227175697792411e+00
2.099329205563141620e+00
2.017758919170947518e+00
2.205762739186122978e+00
2.231079105061209322e+00
