0.000000000000000000e+00
5.477891128298134626e-01
6.555425464693813709e-01
1.006596085646030092e+00
1.078265663205930869e+00
1.008760191780885052e+00
1.015995801670844356e+00
1.224809823492551075e+00
1.605193580371116147e+00
1.969651690817375789e+00
1.755094592878175819e+00
1.479391091424404170e+00
1.511153857242530041e+00
1.416836695565546256e+00
1.547834812994786757e+00
1.655413892000155540e+00
1.547120160855476767e+00
1.785546272370430287e+00
1.743041684983504647e+00
1.741263968354270997e+00
1.891722619015676177e+00
1.787315011390004926e+00
2.087135374838043678e+00
2.197287172179052117e+00
2.412926432615147831e+00
2.315529226028895771e+00
2.092872803968349071e+00
2.021012477480498060e+00
1.898527750026803407e+00
2.187678817588304625e+00
1.978955978532984439e+00
1.910142293231375188e+00
2.043228820046139926e+00
1.999431178033056256e+00
2.113364862141735578e+00
2.146770398260076540e+00
2.290531877865295218e+00
2.327926740692976892e+00
2.218134151151689881e+00
2.263925981039184521e+00
2.289745689878061263e+00
2.288846897160560445e+00
2.441608154902981553e+00
2.347742985273312044e+00
2.328916197001355215e+00
2.349375804141833779e+00
2.429761614654371904e+00
2.797833418181749909e+00
2.739651011961211413e+00
2.545941200419770123e+00
2.736967874594946615e+00
2.572135078294915278e+00
2.691472970247223540e+00
2.598998128500093152e+00
2.449981840351604490e+00
2.494006051105821076e+00
2.508549193701638647e+00
2.602623151167975379e+00
2.807157364005854472e+00
2.737703707852798818e+00
2.854383802082026911e+00
2.954249492169608970e+00
2.959309162428140905e+00
2.817146384951159099e+00
2.839274331895060843e+00
2.786003560332380946e+00
2.651737981100832808e+00
2.694186974110770905e+00
2.806124191322996619e+00
2.797568045327415653e+00
2.809504246988653531e+00
2.642918329890142637e+00
2.644665132549965492e+00
2.679172206299471615e+00
2.510461105401914583e+00
2.545811633442814248e+00
2.538623063489009457e+00
2.441006526327555104e+00
2.735192631020402221e+00
2.760700196233797588e+00
3.052284832914252011e+00
2.861466743167449867e+00
2.800709813244756763e+00
2.538330769643893703e+00
2.358608014738522662e+00
2.503165939090482794e+00
2.553203183876119553e+00
2.677255608176746904e+00
2.533797187605303147e+00
2.564167846698341080e+00
2.597558180363853442e+00
2.535433008571504221e+00
2.522090409390512544e+00
2.507202217796295596e+00
2.716303141468501270e+00
2.369452571239835770e+00
2.570684880811717310e+00
2.791313480201379704e+00
2.648847612553530073e+00
2.852071184878496535e+00
