0.000000000000000000e+00
5.172247960814378986e-01
7.295724154522725824e-01
8.663521628551918985e-01
7.832428652443084172e-01
6.759106719636465144e-01
7.850992514456573979e-01
8.142066244069616765e-01
9.368286112088828332e-01
7.729428140956026150e-01
6.528478110717040872e-01
7.433014662938089989e-01
9.740537874100934079e-01
9.006691552545703638e-01
9.103580615640820550e-01
8.269274003972620912e-01
9.247307084323179716e-01
1.008884821103551710e+00
7.691113671119164108e-01
1.119441517245679307e+00
1.186480289428321511e+00
1.139758100063800850e+00
1.066887142705876812e+00
1.185854453338807346e+00
1.227549381417623264e+00
1.267981129653428907e+00
1.260247177355259263e+00
1.176208918733087527e+00
1.190199822264980112e+00
1.322423138262935005e+00
1.161697642063741265e+00
1.377582826516492442e+00
1.469249488545603333e+00
1.591154229447170554e+00
1.533693689466034016e+00
1.623908921770722102e+00
1.737664200524100089e+00
1.766103121182176716e+00
1.781757221788960344e+00
1.942137145266791043e+00
2.000389461772307698e+00
1.709709787176212803e+00
1.723118573998469349e+00
1.731830063516903939e+00
1.606227330766668127e+00
1.538590640507553342e+00
1.565828288110445499e+00
1.677490603416578629e+00
1.550805158171982834e+00
1.411090232444317527e+00
1.450903624320935892e+00
1.371638384847508885e+00
1.359030830010680591e+00
1.259331117374872688e+00
1.293030290106388369e+00
1.462255986991856327e+00
1.228387417476650700e+00
1.452519750515423702e+00
1.473996516369372456e+00
1.628534711644523236e+00
1.562801314611844905e+00
1.277386762712785506e+00
1.190495726864077675e+00
1.219534453980650079e+00
1.405740856276933570e+00
1.390863425008670440e+00
1.489017667481117302e+00
1.230581474755853000e+00
1.330443479742089430e+00
1.382380414335683483e+00
1.513255016141503928e+00
1.767141234176958120e+00
1.473665390616160309e+00
1.729773412232193941e+00
1.763509578619521179e+00
1.901526244754576878e+00
2.059918267746835951e+00
2.024337492585549736e+00
2.111999143135494084e+00
2.231968693775486123e+00
2.378917924227980318e+00
2.568652372827745722e+00
2.428616048902518809e+00
2.451619289492581899e+00
2.438174763549609381e+00
2.255614227628499169e+00
2.577352621538741229e+00
2.679539211149404743e+00
2.926384717949844116e+00
3.084468488115101881e+00
2.993797713290680118e+00
2.822216731112789478e+00
2.573340222806201449e+00
2.789852434923749680e+00
2.732492705788533094e+00
2.893607744782419555e+00
2.768988214533253611e+00
3.075015387191596172e+00
2.962260355197682049e+00
3.154490710956844968e+00
