3.693564745147149106e-07
5.261353681037105323e-01
5.433512100569836134e-01
7.022139138464570385e-01
7.229900828940146740e-01
7.915761900141364826e-01
9.692470101389434323e-01
9.753164806474603488e-01
8.729436558072193320e-01
1.036646360122348787e+00
1.142948688495075471e+00
1.219321332397441449e+00
1.142051617242085815e+00
1.317402133341999404e+00
1.281440433598728168e+00
1.152805624079547675e+00
9.970765210269285639e-01
9.316980107249696053e-01
1.068035553725167786e+00
9.862750842115491912e-01
1.072548495520586842e+00
9.851723839626633783e-01
1.027601566867772265e+00
1.041758264797427946e+00
1.152325282236562165e+00
1.155303763939906414e+00
1.337823106345754853e+00
1.186543020751213540e+00
1.300238758803406780e+00
1.509275182177907348e+00
1.409439863154696271e+00
1.410299692384484382e+00
1.417067045399372116e+00
1.368034185341751474e+00
1.162117760338925665e+00
1.158609429758491904e+00
1.336742124383605290e+00
1.188011877109284242e+00
1.316662889812667769e+00
1.420783315069448882e+00
1.498957959479186863e+00
1.461838280304083471e+00
1.417770011951300813e+00
1.431250753006810372e+00
1.306307632685389297e+00
1.542583568159408891e+00
1.553397749187767740e+00
1.577882737504045396e+00
1.626261231616052516e+00
1.928054843181813638e+00
1.679529011832815000e+00
1.728230417222627047e+00
1.755623330515750480e+00
1.940704362073653044e+00
2.169672514133477836e+00
2.386050342830597693e+00
2.274163804025095104e+00
2.292457887202197675e+00
2.192985841702879579e+00
2.202129794930828499e+00
1.848374847687057176e+00
1.968068898219772933e+00
2.088934743260677518e+00
2.043350337477479073e+00
2.025603756412921896e+00
1.977908915246536781e+00
1.702362258573326459e+00
1.884529818785130262e+00
2.006421731216506466e+00
2.262038643229461243e+00
1.889632716387792399e+00
1.920296233218548698e+00
1.961058607567103040e+00
1.990525201161992053e+00
2.085804523299839008e+00
2.102171609709409861e+00
1.914087423673717980e+00
2.086562302246554701e+00
2.146400920977174831e+00
2.085998264664786550e+00
2.057408227507797172e+00
2.038400786796781716e+00
2.035948511161474350e+00
2.225900366263684482e+00
2.257556467729521010e+00
2.156901389704763972e+00
2.129712702867647689e+00
2.158415021555262658e+00
2.366010782979847793e+00
2.325004045344401415e+00
2.145340397920409981e+00
2.224477302403211176e+00
2.239259625928190278e+00
2.044841769124100761e+00
2.198729280647944151e+00
2.318509987936201000e+00
2.215621672372800166e+00
1.944632680153028925e+00
2.242762695410450036e+00
2.101896321594487471e+00
