5.223489356090222115e-07
5.648940065121322851e-01
5.944555669689046695e-01
8.713807474604791103e-01
9.144305252369152592e-01
8.862347959700940248e-01
1.064373208559638462e+00
9.257535700532906198e-01
1.202911889606869122e+00
1.234451013307426237e+00
1.250277821579323101e+00
1.313871738947096857e+00
1.288543111084274440e+00
1.290407454155085620e+00
1.412843882949831098e+00
1.398893387642639263e+00
1.388047011901787586e+00
1.489580209778486042e+00
1.460479635029525047e+00
1.432835616262385869e+00
1.318509747903408469e+00
1.578253236621796507e+00
1.625840184528547505e+00
1.843896449834972362e+00
1.816922650330610400e+00
1.775742661989709870e+00
1.852793066801615485e+00
1.818440731658739873e+00
1.772919644599253663e+00
1.898529548516525667e+00
1.731856590305745236e+00
1.828607774016687948e+00
1.873849590243071406e+00
2.018462485991129096e+00
1.967793704348602679e+00
1.942627663962636309e+00
1.780971796698580745e+00
1.943574773771960862e+00
1.898344394290452097e+00
1.979346861423320947e+00
2.085163405829685956e+00
1.854172505606249022e+00
2.037744286814317185e+00
1.735615768364415779e+00
1.607578906186896806e+00
1.948611747840211628e+00
1.932476678822362848e+00
2.113712197038100093e+00
2.248046407151472081e+00
2.098560629885795059e+00
2.362264642621794586e+00
2.342663184595799475e+00
2.279480717992301564e+00
2.309075337428969199e+00
2.430476286707308198e+00
2.433255534662171815e+00
2.506663327237852457e+00
2.452399802985743893e+00
2.658107387240483455e+00
2.570930690785591555e+00
2.409399515577345330e+00
2.446672546527800307e+00
2.561737485897035871e+00
2.524259432930159530e+00
2.583524743384632227e+00
2.499679684373440569e+00
2.385862721116624563e+00
2.108666794637344744e+00
2.374755288790251218e+00
2.101354319342882970e+00
2.268935238809970834e+00
2.304682369356733762e+00
2.241999974615180857e+00
2.114801075399775687e+00
2.283786927426187496e+00
2.244493103218723196e+00
2.373878877136815113e+00
2.373698258408651451e+00
2.242300703477751789e+00
2.325394175196394464e+00
2.312746932583912063e+00
2.282661295598702456e+00
2.207131933495086518e+00
2.217868283047503830e+00
2.474680898146941033e+00
2.374960827727981005e+00
2.492492559095087934e+00
2.436649718866162218e+00
2.565282514442440931e+00
2.531758159950122877e+00
2.406319967803196125e+00
2.560446694327385142e+00
2.557911201378662458e+00
2.417745099222594174e+00
2.476420354813336111e+00
2.511116782523837632e+00
2.442538206618213970e+00
2.714167317544528224e+00
2.727318415354861525e+00
2.928807773297805284e+00
