6.031565971695669960e-07
3.736437998788547654e-01
6.376953630913870796e-01
6.692747787306404517e-01
5.643036147701823158e-01
5.928408076544062766e-01
8.761384535109918437e-01
8.746477362627761432e-01
9.651802809175359377e-01
9.590966944980016118e-01
9.813196954508284220e-01
1.047467946994237842e+00
1.013078400804130474e+00
1.016921412273184444e+00
9.878272811074039206e-01
1.005773027704676137e+00
1.210871851507562269e+00
1.424647318119696582e+00
1.454293096531949381e+00
1.420111239114666635e+00
1.500069549170429006e+00
1.464004971144761136e+00
1.391894349903262329e+00
1.330584633577069242e+00
1.302337937140788604e+00
1.119139889453460324e+00
1.187854102117507082e+00
1.040534849598038880e+00
1.119761531451141767e+00
1.316114710548434541e+00
1.402383478144661355e+00
1.438301413195156808e+00
1.776726629770198240e+00
1.824865445190179347e+00
1.856612895752636438e+00
1.610968989159384801e+00
1.626988317049996358e+00
1.897570845067761525e+00
2.099914831024496387e+00
2.171759211964189085e+00
1.931908694742931365e+00
2.077976545036019029e+00
2.009145880344619162e+00
2.031794664817267115e+00
2.244149811813814122e+00
2.298357108103373569e+00
2.131729825172849591e+00
2.645983722718357800e+00
2.531696976434612889e+00
2.545223049380815006e+00
2.840156313867663762e+00
2.549865259217022118e+00
2.659168452239361269e+00
2.738177507509536923e+00
2.723628078405606168e+00
2.853658267336829812e+00
2.909064437587823626e+00
2.946753315088405767e+00
2.811315325790439967e+00
2.900463683404422177e+00
2.960619387118110346e+00
2.899849096668556392e+00
2.907427729023480900e+00
2.983396395069271900e+00
2.761332322381423232e+00
2.704508424167025638e+00
2.583821127652640826e+00
2.517017639622395109e+00
2.647140601756930334e+00
2.728470062508888461e+00
2.519092241933768239e+00
2.437660405086968129e+00
2.650734065946187989e+00
2.561159583718610300e+00
2.568797901008789797e+00
2.457140985420994017e+00
2.468985715373141598e+00
2.519124671118343706e+00
2.387872115757498026e+00
2.263324242503616635e+00
2.272150758781243951e+00
2.457661920661819988e+00
2.570379540310367084e+00
2.705815372801988250e+00
2.519539828033017681e+00
2.516013621508808917e+00
2.526199768852808170e+00
2.829822097186675656e+00
2.788015727881687500e+00
2.725136435532331536e+00
2.886053460824202332e+00
2.850440170369212378e+00
2.890011544976561986e+00
3.110026175066309406e+00
3.041826469039342840e+00
2.958676123038394667e+00
2.891245037178134414e+00
2.861308369558912545e+00
3.135617114835523633e+00
3.215768375206196961e+00
