0.000000000000000000e+00
5.809162891334781476e-01
4.947978367801091348e-01
6.577195336908879808e-01
6.531530294660037317e-01
7.725452474269384195e-01
7.426266194355246597e-01
6.917045551880508514e-01
8.372953228441215590e-01
7.947230120406810761e-01
8.949843457681940784e-01
9.236752818034426049e-01
1.028748418189064706e+00
1.158944037304478591e+00
9.952752740342607485e-01
1.261010308091047527e+00
1.313463527643441875e+00
1.168808249853011683e+00
1.135690057619067828e+00
1.286427524869365957e+00
1.592278460886914493e+00
1.769940176847382363e+00
1.615757173071667330e+00
1.510268738250449383e+00
1.496653937791521116e+00
1.556525320984290861e+00
1.656099523731517253e+00
1.562771264529298820e+00
1.587923064640423210e+00
1.654363609774218924e+00
1.721885654294653012e+00
1.890791300837716182e+00
1.754264103696699273e+00
1.749496327153486908e+00
1.811907085546975216e+00
2.056659440870587829e+00
2.043516928134842647e+00
1.949345688363461671e+00
2.075678109356531298e+00
1.902366495645767763e+00
2.092914679881694884e+00
2.078418396994590633e+00
2.058489536209116899e+00
1.893051792757641127e+00
2.065598424843896552e+00
2.168456513829858601e+00
2.194306595217029976e+00
2.120031777357381131e+00
2.271964285544688433e+00
2.249291810441372608e+00
2.175749471624260245e+00
2.245225860294301157e+00
2.189800080847941643e+00
2.366149141583488991e+00
2.116505287017811376e+00
2.067410089359555947e+00
2.005558335042262108e+00
2.181958620897368029e+00
2.218542824884028875e+00
2.240772518676427350e+00
2.241508822843242044e+00
2.197420131787207964e+00
2.167927400783797420e+00
2.231974412670825192e+00
2.218895915337026459e+00
2.090174416366929133e+00
2.065654958000564090e+00
2.128608249721441137e+00
2.283410260555298166e+00
2.253127864535831471e+00
2.241140617388930778e+00
2.283764627241701817e+00
2.097487566588914110e+00
1.725746210496586164e+00
1.753896148151635526e+00
1.858238474698367559e+00
1.880127144470177702e+00
1.900987851464288170e+00
2.224906741413751554e+00
2.299209152568864489e+00
2.178156243950922999e+00
2.075152221169713318e+00
1.953054574502229634e+00
1.992009580840836014e+00
1.908928902966345431e+00
1.754867917975821090e+00
1.878362896431829077e+00
1.930167099430090127e+00
2.176679760224602855e+00
2.116969693944579678e+00
2.202512753383905064e+00
2.218617116730203342e+00
2.263239778578905792e+00
2.149875363365889136e+00
2.364213449148914403e+00
2.396232230449966139e+00
2.378259436419873918e+00
2.480085746534410607e+00
2.491290177993967792e+00
2.560236805069484589e+00
