0.000000000000000000e+00
4.038744163629490735e-01
4.377781697275842099e-01
5.311332574257321415e-01
5.039395695428875444e-01
4.807215664993985671e-01
6.362214889617077151e-01
5.928861594831311699e-01
6.804535595245090329e-01
6.239465887830362156e-01
6.181123637309708929e-01
7.379521380740055037e-01
7.092915784229908427e-01
8.459772390484616711e-01
9.151916754963906886e-01
9.016049936500801776e-01
1.083156411085835158e+00
9.593224998454261687e-01
1.085824458290302941e+00
1.378252070893937198e+00
1.279451545320733574e+00
1.527732280912631246e+00
1.534615718005857499e+00
1.544334927522295509e+00
1.561296173228631678e+00
1.603473663250102543e+00
1.495175569664915383e+00
1.216995909162480904e+00
1.085394215650121952e+00
1.170189195578644759e+00
1.128814510234332769e+00
1.122691735345770603e+00
1.166396322048319556e+00
1.272866662078482092e+00
1.267086915095713362e+00
1.384002625886338489e+00
1.477321358170398113e+00
1.222609518236497106e+00
1.332406465893397618e+00
1.442377541122836337e+00
1.449268084319780714e+00
1.676581456434228956e+00
1.592232882090065749e+00
1.551318109338234441e+00
1.403625401315408805e+00
1.525350577772212501e+00
1.572115882970850587e+00
1.521532448039392138e+00
1.738212004142011269e+00
1.613557256074242163e+00
1.646532948773030025e+00
1.527522125651422646e+00
1.572307131803565516e+00
1.468107614031288088e+00
1.454703585011020595e+00
1.453516590760271177e+00
1.457702132105365367e+00
1.393179969683087327e+00
1.343232035251782364e+00
1.167323380501732011e+00
1.219264223676695957e+00
1.134750219664719229e+00
1.153048783752899320e+00
1.306831996490634085e+00
1.277571952284582313e+00
1.232011686745723811e+00
1.241959586094888657e+00
1.124188544800160283e+00
1.163361699542264427e+00
1.100282684834950953e+00
1.054216292962225632e+00
1.141875000792580197e+00
1.288567007028107225e+00
1.331361085962234236e+00
1.209806255454617396e+00
1.571435862051889121e+00
1.709680696179469050e+00
1.634646077820763210e+00
1.721015251973232241e+00
1.704851048055597174e+00
1.527272146848146051e+00
1.696107947812200312e+00
1.624588949075207234e+00
1.477972543460059685e+00
1.586877700852204143e+00
1.683807405943554603e+00
1.643908046578877791e+00
1.495927961606806189e+00
1.424716488139788462e+00
1.427787858300322954e+00
1.493890658435892194e+00
1.469107298150732044e+00
1.488467238733871101e+00
1.573681473910653272e+00
1.658647849125482798e+00
1.556249005602208024e+00
1.602232221783609800e+00
1.648204965299592928e+00
1.691257387273364055e+00
1.681882749215155570e+00
