0.000000000000000000e+00
6.441687490069367694e-01
7.097418577352968549e-01
8.497566754613007367e-01
8.826393129983158836e-01
7.083978523060238119e-01
7.940663261580008792e-01
1.002335943136765550e+00
1.106223791484582497e+00
1.017199378924612319e+00
9.916628958458856280e-01
1.307506677618713864e+00
1.125320498105682576e+00
1.183356819061124776e+00
1.283458860695675163e+00
1.107160311368406314e+00
1.172198659376233021e+00
1.012545137271501083e+00
1.069222416286854882e+00
1.085356506356446982e+00
1.234067839803432598e+00
1.217982104418773748e+00
1.295753546418004554e+00
1.281412781284267943e+00
1.401400885279699304e+00
1.333056151165726622e+00
1.450194931865528725e+00
1.603132494919240481e+00
1.564077431505325411e+00
1.651778057914615738e+00
1.607512600774016587e+00
1.488760973412335042e+00
1.443558243154244858e+00
1.626649928600762962e+00
1.712346347491500609e+00
1.660131259182635155e+00
1.356956658920727365e+00
1.209302528777416841e+00
1.091410493153417649e+00
1.290756541032617832e+00
1.389719636196701913e+00
1.492920638865916860e+00
1.361302529551483786e+00
1.340581498905236479e+00
1.550231903609071704e+00
1.589626431340760426e+00
1.882420154360015196e+00
1.798466176609174738e+00
1.911620260234431212e+00
2.239992441588915195e+00
2.423498972991585454e+00
2.116058843436429804e+00
2.180186267848575721e+00
2.192961666130500475e+00
2.243711445857439646e+00
2.218926008990297127e+00
2.308005711320611830e+00
2.447301273495221530e+00
2.318932266573429768e+00
2.441886655243307835e+00
2.472922983806344011e+00
2.546649887798357881e+00
2.468350726832972963e+00
2.157960987986844437e+00
2.353095792929385865e+00
2.406818559020781123e+00
2.326822914798742481e+00
2.197013950806927518e+00
2.356600713689875004e+00
2.146746819072501644e+00
2.245904984809230509e+00
2.158809124067575524e+00
2.042756963586766616e+00
2.336277625597879659e+00
2.446763944102156696e+00
2.561733648209132852e+00
2.622283931425622772e+00
2.716695123695380243e+00
2.780160482981682168e+00
2.742505189422890233e+00
2.583652894909143516e+00
2.355717970903697722e+00
2.201908028269471185e+00
2.350905171193685916e+00
2.261523243079488932e+00
2.411470269112461207e+00
2.615348095674419060e+00
2.392165709638633952e+00
2.379022383150696918e+00
2.421212400939810827e+00
2.471418742029815707e+00
2.496753785857506180e+00
2.474522792218068812e+00
2.501130346236306590e+00
2.631640186756343702e+00
2.656248282552706286e+00
2.973828458067850455e+00
2.873616773474338526e+00
2.939781112641582705e+00
2.700524057923881838e+00
