2.132480599880017890e-07
5.502213760711438528e-01
5.479051949729782933e-01
5.076225559047035096e-01
5.012129391711391824e-01
6.219899661516543610e-01
9.816641268554319177e-01
9.373677336701311535e-01
9.479234430534290157e-01
1.078515470022646250e+00
9.408000968534515618e-01
1.064065036121223828e+00
1.206241242602859476e+00
1.264335239996057236e+00
1.288828476115445820e+00
1.218799215955248094e+00
1.160606194597544771e+00
1.315055387605079007e+00
1.313707472974804169e+00
1.344700585749991184e+00
1.684261944283761636e+00
1.630618943887599537e+00
1.651240548651717877e+00
1.786637516549808513e+00
1.825988218049536149e+00
1.759626872793182972e+00
1.651177445414051537e+00
1.768973446818735695e+00
2.007451276877374902e+00
1.958584171677856034e+00
2.184823030983300995e+00
1.938989248718790082e+00
2.263073861701181855e+00
2.311908860885732331e+00
2.250523714848053469e+00
2.322107386708057497e+00
2.452794219294997635e+00
2.505420574150325930e+00
2.539120897026129420e+00
2.602484569484247778e+00
2.537227290126670365e+00
2.413534924166789164e+00
2.553500570710010908e+00
2.624679445311985049e+00
2.369035085053874390e+00
2.213763101660952248e+00
2.353457468812395703e+00
2.183071811786196914e+00
2.076502297659451823e+00
2.169295716188169187e+00
2.224208690014502388e+00
2.304895987940817736e+00
2.542443580539570203e+00
2.440157687334143510e+00
2.359999099108501142e+00
2.446131797600101354e+00
2.378961782684733350e+00
2.270627674679122521e+00
2.131190360964564157e+00
2.019837574877993092e+00
1.856660774943609260e+00
1.903476633016061070e+00
1.993459709590841067e+00
1.965118421869715748e+00
1.851748423007685940e+00
1.697720244698742054e+00
1.710168668076819332e+00
1.580077078808526991e+00
1.733985529188975638e+00
1.846326756742525665e+00
1.992368266484251471e+00
1.884672499944564983e+00
1.818740133164328254e+00
2.095959246715715985e+00
1.877782898382868160e+00
2.073436326278200070e+00
2.130564994716547922e+00
2.081351338886511915e+00
2.282586736664434124e+00
2.142368852894922959e+00
2.022506385878085844e+00
1.994856914649843160e+00
1.861204003275040986e+00
2.219860009862588246e+00
2.131326363354756115e+00
2.204262611804842731e+00
2.343932303460581679e+00
2.306583111342307646e+00
2.418167012743420496e+00
2.626907122377941217e+00
2.594446930799613860e+00
2.738935848595938527e+00
2.543694507660362980e+00
2.565025860831877669e+00
2.449893275774997381e+00
2.417905017984137039e+00
2.366600155318102416e+00
2.317298092553242483e+00
2.515758288687400146e+00
2.522630821843457660e+00
