0.000000000000000000e+00
6.190995407566317610e-01
5.244160589665496364e-01
7.105854901141392954e-01
7.660920533828750045e-01
8.414266086025632418e-01
9.374031971893000970e-01
1.072471180403072877e+00
1.108929458780805843e+00
9.855685831326118640e-01
1.043435304686110010e+00
1.131446581826219600e+00
1.080735547009881392e+00
1.161479506129430517e+00
1.016405571625014215e+00
1.079678557532420813e+00
1.219695679051111759e+00
1.057817854197207197e+00
9.574977110307427708e-01
8.760760740640102240e-01
8.572851231317991649e-01
9.514542671255641348e-01
1.081792608666403366e+00
8.347928132290296510e-01
9.329200334166412034e-01
9.108997068241903028e-01
9.352517094041664647e-01
1.080499768432825691e+00
1.072688911962714986e+00
1.290364004669920517e+00
1.230580526418971754e+00
1.095912759572740924e+00
1.072508784341406951e+00
1.158850762349824981e+00
1.465190311256076239e+00
1.381065338137425158e+00
1.568971662468449324e+00
1.504255814898770360e+00
1.440982928071419256e+00
1.440435489841573435e+00
1.508174680586251482e+00
1.471237954487908395e+00
1.451065286441631352e+00
1.463180552266422296e+00
1.581174689554189605e+00
1.663607096050780720e+00
1.796244214732802158e+00
2.019977245721364945e+00
1.885871652278727995e+00
1.909189713080696071e+00
2.050047780776755868e+00
1.903540354919347921e+00
1.914299391077386003e+00
1.742397595277024980e+00
1.617078263064000154e+00
1.665260481084078314e+00
1.722415167589476326e+00
1.960236076468664823e+00
1.996413067206307623e+00
1.990658590305729669e+00
2.081762162124789040e+00
2.131316929494534218e+00
2.199463125017118603e+00
2.424445389967246012e+00
2.511219445507644643e+00
2.512480619721098041e+00
2.529022764466095641e+00
2.406455516080121537e+00
2.470236820630810293e+00
2.373416589179556002e+00
2.317110928387167590e+00
2.216844826541789271e+00
2.180483524537601969e+00
2.005312802557198015e+00
1.849321317930357811e+00
1.977743272738028191e+00
1.994389959234021514e+00
1.816243435198118261e+00
1.939549872598767211e+00
1.943336854635486111e+00
1.591045977752476581e+00
1.574051850529137653e+00
1.319066608453859146e+00
1.150127092597938772e+00
1.201013463904779144e+00
1.183846357901361834e+00
1.162189047751751803e+00
1.112371119203852565e+00
1.257965062716027260e+00
1.246182793424946311e+00
1.337152662663503300e+00
1.453555831397983944e+00
1.289721061707641336e+00
1.274544642352384738e+00
1.376637936904044679e+00
1.387591419115884239e+00
1.496378558497754918e+00
1.317868794672509392e+00
1.467999012082469745e+00
1.475633398048864509e+00
