0.000000000000000000e+00
5.596345483015209288e-01
7.044951980311254802e-01
5.438789889163951896e-01
6.397081555591201951e-01
8.381453039208532907e-01
8.505099772324945517e-01
8.588778192867266847e-01
9.361425129726561600e-01
1.161183669842438482e+00
1.039005137788464150e+00
1.050440040686981602e+00
1.045077117379934695e+00
1.036865062517232872e+00
9.971175473496930453e-01
1.074016733839398219e+00
1.236313226762736139e+00
1.299689930604371213e+00
1.287962465254507860e+00
1.285373751169125445e+00
1.232472157944564994e+00
1.161996255754440099e+00
9.578207252437082042e-01
8.638419477314722705e-01
9.585531471521387958e-01
1.033897547564181396e+00
9.240555555302867319e-01
1.012735847910052112e+00
1.020468097251799655e+00
8.803349940282167996e-01
8.486544666930835312e-01
9.119019383303694770e-01
1.064584868292703046e+00
1.024202905868779823e+00
1.147051367663997290e+00
1.160276302033176554e+00
1.003276552695282930e+00
1.153612612172196350e+00
1.197103571462355021e+00
1.449635243679354257e+00
1.676262180756092457e+00
1.739703932224426097e+00
2.061168278505524309e+00
2.117584041398492545e+00
2.226628764797201843e+00
2.158914862211100516e+00
2.466851339095405216e+00
2.559029912271969298e+00
2.506412782259943128e+00
2.700894441047026362e+00
2.457292956418290597e+00
2.426608320040331002e+00
2.440523425165148197e+00
2.401158318546747328e+00
2.323082253529641150e+00
2.215853403193396076e+00
2.308173702843741903e+00
2.504109485706384586e+00
2.628513619451655625e+00
2.717647741347881230e+00
2.837752025045840121e+00
3.056960771335335281e+00
3.076978806986302661e+00
3.281269941234859377e+00
3.271781765632127748e+00
3.420265457729966929e+00
3.364127051527547430e+00
3.265287593749238493e+00
3.193728447671465354e+00
3.134316707475759411e+00
3.132266943149693894e+00
3.122854673871694686e+00
3.164663596678248592e+00
3.079963924415360932e+00
3.208795302170839747e+00
3.191785211493547880e+00
3.415207869970639631e+00
3.435670910805625144e+00
3.467686311695262535e+00
3.377580644347007777e+00
3.510445275414903143e+00
3.439392395369723854e+00
3.422599108240952592e+00
3.300415851926243871e+00
3.346189501453879611e+00
3.199790799590263468e+00
3.219859853478777900e+00
3.099256065245326042e+00
3.057235986652577786e+00
3.108163789832855795e+00
3.055459526578940821e+00
3.012960132149130832e+00
3.191887729821039077e+00
3.024739807003865355e+00
2.874045056692072997e+00
3.189283089652132919e+00
3.019952747103205493e+00
3.013422043599295108e+00
3.002667197343061645e+00
2.929646306428515423e+00
