3.693564745147149106e-07
5.700689200666912981e-01
6.088906978953743110e-01
7.801998764563785604e-01
7.382516841431076005e-01
7.861612054701957453e-01
9.894893310432056888e-01
1.066290301370214744e+00
1.052515953533978976e+00
8.846443027215946664e-01
6.799011169734427984e-01
7.526343017944435720e-01
8.024724671756910954e-01
8.697267878508528893e-01
8.658621492119545904e-01
1.006607473471311742e+00
1.054015671086545369e+00
1.059382167377522777e+00
1.138523983406160900e+00
1.066955096626347466e+00
1.189795788959235212e+00
1.032225201390676084e+00
1.029962880325321350e+00
1.031505667418599170e+00
1.101198334586572569e+00
1.089864152911143691e+00
1.059316345725906050e+00
1.300551131508129732e+00
1.116901511768463751e+00
1.160414119708800040e+00
1.233664172184691044e+00
1.400710860957170789e+00
1.430080331263649640e+00
1.393243433147302701e+00
1.340789391417718468e+00
1.204309781525200629e+00
1.315398143294421951e+00
1.215856311934501832e+00
1.235362517226565426e+00
1.201230057719073319e+00
1.361344886094570716e+00
1.311478114712991916e+00
1.272593698202542756e+00
1.325180642457766789e+00
1.444123715616227654e+00
1.394444520898661333e+00
1.361482110371644128e+00
1.430757013431151359e+00
1.414982288123900700e+00
1.544802621442616042e+00
1.292001436303142681e+00
1.227963171554667721e+00
1.219752628148226048e+00
1.543163123003389980e+00
1.501896002630213944e+00
1.508950360997236562e+00
1.604753430828134153e+00
1.563243183795499425e+00
1.749608663213182869e+00
1.681560279640571975e+00
1.638710883133407847e+00
1.680773591733494943e+00
1.772515774728641746e+00
1.726246348845289935e+00
1.845347844434815032e+00
2.072174854070313099e+00
1.842529474046184834e+00
1.674339744527256091e+00
1.727465204502826479e+00
1.746731476482902279e+00
1.853638600166598760e+00
1.879548545083149946e+00
1.682006403799714445e+00
1.725960013826360218e+00
1.839521814039109193e+00
1.891464993157944585e+00
2.113320992938970466e+00
2.003449402634010390e+00
1.925330961376765293e+00
1.888199538094901042e+00
1.934823984460843693e+00
1.858411500903613289e+00
1.911681662745980281e+00
1.997535485264454902e+00
1.988548013696426642e+00
1.934046106995988223e+00
1.977714453371062220e+00
2.109495569810034610e+00
2.049318650178459045e+00
1.974209113708834673e+00
2.084551144564789738e+00
2.147259598774002409e+00
2.174440630641565786e+00
2.413923623436092569e+00
2.355397502542639021e+00
2.306792233023084560e+00
2.018712601289271991e+00
1.698273613453835873e+00
1.791919547396578549e+00
1.899302658495836571e+00
