6.031565971695669960e-07
5.176041826969782766e-01
4.861021399768097329e-01
5.082609853221338181e-01
6.871120861594062212e-01
8.703727205810843914e-01
9.954026108349264268e-01
8.595071101214752929e-01
8.673403448224995538e-01
9.448236965799093889e-01
8.786564708882447228e-01
9.065772794171070847e-01
1.026304788174501992e+00
8.844001515022007487e-01
1.234901385869004109e+00
1.116771085153774878e+00
1.112801199728449486e+00
1.047573294680328893e+00
1.344128273836387555e+00
1.676298277577573881e+00
1.665812294700298457e+00
1.493660970723588610e+00
1.536364297198012041e+00
1.581831376141533685e+00
1.578444900279302843e+00
1.605281413678624869e+00
1.614381930241848062e+00
1.752937588707499383e+00
1.641468836074566617e+00
1.732802165645423553e+00
1.683545549300426991e+00
1.685080559909745368e+00
1.786415090069294109e+00
1.975453026736303519e+00
1.972466067387986577e+00
2.048454839410583705e+00
1.983219957041359560e+00
2.348767820690721653e+00
2.293487935660823318e+00
2.144851271989563379e+00
2.148003292852799895e+00
2.120896663326710563e+00
1.954199009119867547e+00
2.014850972337368429e+00
2.273535319452002046e+00
2.377055180308335736e+00
2.409776703137015641e+00
2.128565242987265016e+00
2.246827032458486251e+00
2.488708028730442834e+00
2.545803528175420549e+00
2.716470899260248650e+00
2.770085518573794925e+00
2.621532996597408349e+00
2.370192073944433986e+00
2.307845898309670574e+00
2.552093974427109391e+00
2.508900918399985525e+00
2.392727692438605835e+00
2.323390437962876476e+00
2.492062376485738362e+00
2.764405317131322537e+00
2.575930315295182460e+00
2.664782967653285262e+00
2.695193571722995340e+00
2.742005575114398574e+00
2.731582124436194636e+00
2.614676383315675867e+00
2.704224651915337674e+00
2.629062849371909927e+00
2.726134814022451280e+00
2.906099519513880569e+00
2.812721787401137874e+00
2.851470438419774212e+00
2.968832070994245509e+00
2.906717882276327547e+00
3.053593634203533913e+00
2.785890970261617916e+00
2.888910011738312633e+00
2.769861871953722243e+00
2.610169903308607875e+00
2.467031834757744235e+00
2.573832078492811259e+00
2.610576235665672762e+00
2.683617181114271499e+00
2.514218285837150457e+00
2.303193486844349991e+00
2.386807386608566173e+00
2.428991082241453547e+00
2.701966621645540467e+00
2.652411729965732601e+00
2.482935138292748256e+00
2.713670591621237360e+00
2.568925534968406144e+00
2.376072842587386713e+00
2.480944824178426877e+00
2.531345448304616053e+00
2.634844101028007479e+00
2.871366283554615872e+00
2.822516883773598995e+00
