2.132480599880017890e-07
4.387287560614538950e-01
6.216271380191633611e-01
6.694909387292341529e-01
9.374071014433180693e-01
8.781973664270107394e-01
8.479704789867923420e-01
8.614257782835353927e-01
8.812166953680464765e-01
1.008268014062880136e+00
9.029885748231987197e-01
8.259426447190445497e-01
8.893283479872374775e-01
9.392522552356944443e-01
1.035202514222805181e+00
1.035464648327310222e+00
1.047327691516362069e+00
8.432822388706427974e-01
9.152710837116305731e-01
9.534693882043050461e-01
1.003357623074497385e+00
9.884720369754909086e-01
9.761616971170564705e-01
9.994340719294423359e-01
9.571099745377995571e-01
1.250594823375035469e+00
1.282415275446866509e+00
1.338293678745720250e+00
1.382771376681226405e+00
1.363050436398285825e+00
1.229511945183007882e+00
1.436429800397629464e+00
1.469956715091294663e+00
1.849624695181429024e+00
1.691273368960901191e+00
1.646637963864452603e+00
1.598807343385631574e+00
1.340934202234204786e+00
1.438013009146168253e+00
1.314544911206768418e+00
1.312480673241210205e+00
1.168510260015031887e+00
1.251857637734205886e+00
1.205805119068940945e+00
1.242466708394313724e+00
1.253542487067426103e+00
1.453129646053805013e+00
1.257677681389398172e+00
1.214736148678430938e+00
1.450366725070537877e+00
1.483414699656650182e+00
1.580305637504526572e+00
1.842075589640954636e+00
1.653365923060547082e+00
1.470702547471954835e+00
1.629085266294531875e+00
1.721334417071975098e+00
1.611842298887711911e+00
1.710520232454253442e+00
1.874426174293481573e+00
2.190667245979301736e+00
1.794129095510075489e+00
2.006826561503087802e+00
2.195487452070305157e+00
2.046818049844580933e+00
2.114710366700441657e+00
2.000418084927209073e+00
1.973515374253357324e+00
1.985592492062122405e+00
2.085806626715334122e+00
2.059965928130143897e+00
2.452264024648095120e+00
2.466315184711173725e+00
2.412177125718909299e+00
2.332950727349575537e+00
2.356458905335786280e+00
2.084235837098544764e+00
2.121064163981527972e+00
2.190703217625232124e+00
1.975453795387659195e+00
1.953618272887245766e+00
1.753031693608723351e+00
1.878660545359967848e+00
1.915780690921657037e+00
1.822907734663955281e+00
2.024606536407153712e+00
1.954187790533862268e+00
2.079815213310524769e+00
2.038914579420244788e+00
1.941614857403293204e+00
1.957120971872564175e+00
1.939803940660093096e+00
1.804577964053216022e+00
1.806360334509463428e+00
1.946457489229206139e+00
2.090627075933293444e+00
2.129330803275175654e+00
2.128562493832112601e+00
2.017583360966052730e+00
1.993818481552244171e+00
