4.264961199760035779e-07
5.095976194613806021e-01
7.761832322112460769e-01
7.416908089114655489e-01
8.270198129170917012e-01
7.239275153011193176e-01
9.139230351568794486e-01
8.303898959254349954e-01
9.888412500167437225e-01
8.718918257166491381e-01
8.538772754891390537e-01
1.073927544578510807e+00
1.293737641233536850e+00
1.640397574032646411e+00
1.752764565169013133e+00
1.620752565879117979e+00
1.856466472522268818e+00
1.841122120216374558e+00
1.874974910913066450e+00
1.990759285832812697e+00
2.117220552806963862e+00
2.072502864464784711e+00
2.190660594476292911e+00
2.329489444713148227e+00
2.327252654586774661e+00
2.447679460939617080e+00
2.302114268781076500e+00
2.209415521621249656e+00
2.195681911085105131e+00
2.070566554313204133e+00
2.079537212481676889e+00
2.113590592946887448e+00
2.151916056349011175e+00
2.059370481603086223e+00
1.998048517339641172e+00
1.931701627094412954e+00
1.811529610264844381e+00
1.994203917084822253e+00
2.367907441501609700e+00
2.286272547006138023e+00
2.109367933413346829e+00
1.985437707624003290e+00
2.217680145457050944e+00
2.343505412318640513e+00
2.000275848967452141e+00
2.143322652842487575e+00
1.955575941575770083e+00
2.059005356494395755e+00
2.163841701796286543e+00
2.332091212282712434e+00
2.376095770936034413e+00
2.161931826097757803e+00
2.233506240351197825e+00
2.502835294996800020e+00
2.385432896632907696e+00
2.213316053040379039e+00
2.126360928242593484e+00
2.183403110614815290e+00
2.302737559875908335e+00
2.262660752961298094e+00
2.346387268377472690e+00
2.314330627179981725e+00
2.315546035447832995e+00
2.352397091611558189e+00
2.411623332109747331e+00
2.627237575712133566e+00
2.717571428085586493e+00
2.738611440254971718e+00
2.728383633989440948e+00
2.777060288008485589e+00
2.984540701459557077e+00
2.955590399968235804e+00
2.923539503332428957e+00
3.014441397196427896e+00
2.844013348148515252e+00
2.865600691349319717e+00
2.840879050574828923e+00
2.878214973757626360e+00
2.912215245198276570e+00
2.930722261266953232e+00
2.906557043832910470e+00
2.873500691516568839e+00
2.933732209177089878e+00
2.922263257502554445e+00
3.016713486836549496e+00
3.044548793767263284e+00
3.211477713784594012e+00
3.247111023502351923e+00
3.284220445914377340e+00
3.327571224359127999e+00
3.370662175806886651e+00
3.258432280279391247e+00
3.285669253687027336e+00
3.475876699870430464e+00
3.625629145176094248e+00
3.451897915690878449e+00
3.661555386479816487e+00
3.654693859346475282e+00
3.714153951970588174e+00
3.660983517083300498e+00
