1.507891492923917490e-07
3.996486303582481581e-01
7.490515448351767747e-01
7.629798103115693619e-01
8.026521088359085399e-01
8.581617130778055325e-01
9.605150560181605623e-01
7.215261355234390273e-01
9.021683378673346354e-01
9.999024821338533542e-01
9.125116604476136706e-01
9.922351093277790302e-01
1.112130932354096213e+00
1.022794100490318270e+00
9.552614000302582786e-01
1.150027341863106622e+00
1.460356277614412335e+00
1.434737986956551525e+00
1.469708751869776009e+00
1.453398969396144214e+00
1.352124984579017752e+00
1.435339777275049356e+00
1.301811102220493677e+00
1.373789538114181141e+00
1.412578187491401627e+00
1.415081968027301684e+00
1.264307157970399498e+00
1.251156152211468475e+00
1.245791056487861148e+00
1.275514924158556607e+00
1.482027335806731738e+00
1.459327669133754668e+00
1.560827918913445966e+00
1.557259074925551046e+00
1.655033897200216542e+00
1.793470402029948119e+00
1.892391354867941633e+00
2.043757841375101414e+00
1.870457388018450073e+00
1.723600891882498098e+00
1.769236101311317810e+00
1.846565345339954201e+00
1.802848898914344078e+00
1.857204468577793532e+00
1.778758046970820628e+00
1.872360035134510436e+00
1.672216610799064362e+00
1.648940714694786314e+00
1.583408497351669997e+00
1.533558292735536455e+00
1.667911268580596573e+00
1.686832751991699464e+00
1.706036979274135668e+00
1.602701819362384539e+00
1.786808221471200664e+00
1.653239259540928874e+00
1.484095402583140100e+00
1.506037595677721441e+00
1.340440688415621695e+00
1.325960355378865252e+00
1.378610460878317623e+00
1.500236198413498423e+00
1.528253251761269249e+00
1.545528536476129755e+00
1.311314991495860616e+00
1.562880863355547323e+00
1.552413264778319535e+00
1.645716579583968331e+00
1.576976023683359207e+00
1.665345908175123624e+00
1.597145829655770566e+00
1.825510961521938924e+00
1.912630906699759770e+00
1.911756972229404328e+00
1.945959707226619928e+00
2.030394724207316592e+00
2.320784518290748277e+00
2.119192618862440813e+00
2.188698358848572667e+00
2.116769458978950524e+00
2.060280205249318097e+00
1.930940224738566968e+00
2.032314355300942399e+00
2.339877242357896847e+00
2.266030150831667811e+00
2.316978107633101303e+00
2.205953988741745864e+00
2.319256347226159587e+00
2.290735274074661820e+00
2.301894875788318640e+00
2.328398469833405038e+00
2.153295066172114858e+00
2.356115104828839790e+00
2.393825558002956377e+00
2.416686020981689609e+00
2.549608381219481412e+00
2.578281908360463781e+00
2.544672951033842612e+00
2.798463591815739893e+00
2.926385973478455416e+00
