0.000000000000000000e+00
4.923088732140457613e-01
5.065802441831624980e-01
4.443650014073503574e-01
5.032087218373065829e-01
4.084937398184361190e-01
6.376015739351806877e-01
6.981906868549455636e-01
8.262697028022422119e-01
7.120183219444905509e-01
7.765016055845324061e-01
8.714061480212641486e-01
1.057901972140969482e+00
1.085301845237854224e+00
1.062973339489067914e+00
9.089310960428121922e-01
8.628771069392937587e-01
1.000050660280859649e+00
9.588010801314633680e-01
1.121676919024226615e+00
9.470787703932214141e-01
1.060663813234882014e+00
1.099883144398724477e+00
1.225165649761022824e+00
1.329668397445997075e+00
1.510073463688869966e+00
1.315255725240845219e+00
1.220942228372750904e+00
1.474596206406503462e+00
1.579181699192315769e+00
1.552728166850173563e+00
1.361887002175289352e+00
1.477846445461900693e+00
1.334407026670474394e+00
1.459483262068932863e+00
1.351373451335090126e+00
1.324462778361071624e+00
1.486597303559819228e+00
1.465235593747048481e+00
1.511138792147058041e+00
1.417585836716692915e+00
1.439400513811969873e+00
1.429284765141512592e+00
1.404787796793816268e+00
1.291601555187184891e+00
1.392035082137573321e+00
1.304891929260497241e+00
1.226851436253217020e+00
1.321645597313970910e+00
1.205727758817128903e+00
1.305666197780799065e+00
1.075538224262185594e+00
1.149857876416085167e+00
1.145816553790144576e+00
1.236006057868790586e+00
1.165197335479631224e+00
9.995373323339596938e-01
1.144236513525216159e+00
1.316811837883993919e+00
1.270444713749370180e+00
1.212544805368683587e+00
1.416587878246309495e+00
1.352970146913376359e+00
1.436059097968673370e+00
1.330233725712532955e+00
1.361604950608760412e+00
1.320653730407534754e+00
1.363856628659837256e+00
1.191395608931025807e+00
1.211310592564761590e+00
1.221733341812848206e+00
1.313055722672086034e+00
1.271683830710937269e+00
1.334942485216876529e+00
1.350428397235899469e+00
1.492251188528680439e+00
1.338968172540811796e+00
1.321805177206667237e+00
1.475715385568937776e+00
1.713443595703338929e+00
1.732481931998389513e+00
1.558473151078395125e+00
1.711701069952038967e+00
1.515487341447769420e+00
1.489571847651605108e+00
1.528616907478349551e+00
1.349985216126612153e+00
1.450803788664910332e+00
1.357490611739451403e+00
1.484725964605454696e+00
1.586605148807817889e+00
1.563600356472637287e+00
1.495213110232841425e+00
1.455019985005708394e+00
1.335115554761140855e+00
1.347613393774094170e+00
1.481735051475216780e+00
1.617587828351879642e+00
1.592773079536249803e+00
1.421022773450433707e+00
