1.087356019114625980e-06
5.105243116797257841e-01
5.559605072000485260e-01
7.386074388604663143e-01
7.897353137841861548e-01
8.947564216704561035e-01
9.148481642513016654e-01
9.401156340194878336e-01
1.196826126365944987e+00
1.330293808535843780e+00
1.528519376689498444e+00
1.772357131330103863e+00
1.595375913817717928e+00
1.561291873257043772e+00
1.627922941080461872e+00
1.775884903647358959e+00
1.827978090345463658e+00
1.751498476608385646e+00
1.837699033729021991e+00
2.061616725586106647e+00
1.952278366473456428e+00
2.083816558010705311e+00
2.251382069220054571e+00
2.309547567169596860e+00
2.287078964621016564e+00
2.096000704811288973e+00
2.276847754743279495e+00
1.936151963491659522e+00
2.130483368016193868e+00
2.173864013049088939e+00
2.215518645117906971e+00
2.293792256415151609e+00
2.221434721661284861e+00
2.143779944174718288e+00
2.208052738203086562e+00
2.187574914354224909e+00
2.250321375982430538e+00
2.039056381178890209e+00
2.148679504231285176e+00
1.996536555028721738e+00
1.999394578743776574e+00
1.978983816191676626e+00
2.261253023761378600e+00
2.154909028150036043e+00
2.060291724589174311e+00
2.275114408027685275e+00
2.211112416438741235e+00
2.231858906138854071e+00
1.778613142938048286e+00
2.104661357555663415e+00
2.021556899510230210e+00
2.049585935254470304e+00
1.960142679471450267e+00
1.789105637146287675e+00
1.860636735329521452e+00
2.128836481092529098e+00
1.796113106142885663e+00
1.805390005841204237e+00
1.903458796676992915e+00
1.939145070162313411e+00
1.790437367668675783e+00
1.679488971762987726e+00
1.655556452688928815e+00
1.599200563586646640e+00
1.489624075914607104e+00
1.617961835680173266e+00
1.482678869705752911e+00
1.705729705033989019e+00
1.680605281789731009e+00
1.943877709182799229e+00
2.001972200288079318e+00
2.035793217549694223e+00
2.076098295343566491e+00
2.099496901654399839e+00
2.132063380088123683e+00
2.077256783009953089e+00
1.985221443783337980e+00
2.166381325402357838e+00
2.320348693845961208e+00
2.387017740247395992e+00
2.550181983906932626e+00
2.258315244682675527e+00
2.176054324992227063e+00
2.311607045334691080e+00
2.376212956853834601e+00
2.540221539131076955e+00
2.517444959264123039e+00
2.584498764727486630e+00
2.579533251398899996e+00
2.485340565050112360e+00
2.717434931246769825e+00
2.785036053066063833e+00
2.518931285566675449e+00
2.599635892071959997e+00
2.576885172701953941e+00
2.692611158342983035e+00
2.979157914956511721e+00
3.154053925178244011e+00
3.047530577554794284e+00
3.063751954044894976e+00
