1.507891492923917490e-07
3.599658175341588495e-01
4.981973274184596234e-01
4.193805700589603447e-01
4.240129096413677301e-01
4.170210838518353391e-01
6.148190370291715112e-01
7.570415156457833694e-01
6.014869267306075518e-01
5.596411346617735649e-01
6.537753268629891146e-01
6.534023985557171343e-01
7.227965261257355278e-01
6.913501836167131875e-01
7.504179900083814969e-01
9.249530162213297491e-01
8.978435780750748663e-01
8.514329628396808403e-01
8.907240838273383643e-01
8.627602055318348562e-01
1.037956508975436121e+00
1.173026759571038857e+00
1.287308019804018322e+00
1.117946277174610925e+00
1.248947109157437785e+00
1.242887641646361452e+00
1.192288985039430038e+00
1.129053596613701860e+00
1.165393114348250325e+00
1.200543487985644919e+00
1.311849876258444292e+00
1.409545494937311183e+00
1.516172177858221115e+00
1.494272824854262272e+00
1.371963954091999227e+00
1.306733055292143675e+00
1.302151161201694496e+00
1.545581074815196576e+00
1.418391958668545172e+00
1.408318395859616379e+00
1.397409760408390822e+00
1.257917893042198365e+00
1.376938258611756449e+00
1.587432315544155204e+00
1.617439774786990636e+00
1.447361555718972737e+00
1.490308340280787514e+00
1.460268758749203588e+00
1.415131338558505592e+00
1.543127503312052173e+00
1.520353760731556259e+00
1.542703389281832038e+00
1.573246939173382986e+00
1.702673562349083625e+00
1.883816224776640791e+00
1.826378485857580447e+00
2.038384419984700546e+00
2.185238630613604460e+00
2.023907759954394425e+00
2.008283104145927034e+00
2.034450297077930792e+00
2.244954818963341925e+00
2.300092587840627978e+00
2.454991962114304815e+00
2.553869986186198648e+00
2.436534814108358038e+00
2.335437395647121495e+00
2.443619025369874631e+00
2.294450206298846329e+00
2.260212967682763363e+00
2.098146092373146754e+00
2.299720962736301555e+00
2.257204570090145079e+00
2.392947438982426789e+00
2.298855752781916895e+00
2.241174350751505173e+00
2.316433821865614195e+00
2.372101565131556011e+00
2.452346107930213570e+00
2.508133636914222642e+00
2.441936907030251458e+00
2.561921456504109074e+00
2.530153880168378944e+00
2.532693319787121311e+00
2.426256581883108332e+00
2.624992604157165399e+00
2.715175080217443693e+00
2.786870584447101340e+00
2.706024785282953093e+00
2.649684944198529735e+00
2.632483566071899705e+00
2.589214328675264465e+00
2.795589493641059242e+00
2.713216830739908936e+00
2.759111205051249183e+00
2.820570682667321805e+00
2.923262424345345778e+00
3.126416289230882661e+00
3.214748633392898292e+00
3.028662264689741423e+00
