4.768371582031250000e-07
4.011575843435546407e-01
4.381845756554080817e-01
6.050102614052901284e-01
6.702534517757425814e-01
6.201049266442538732e-01
7.954868009627902303e-01
8.795277192137768152e-01
9.740464862088057396e-01
9.936942484227770933e-01
1.020447745102743164e+00
8.947205487351679309e-01
1.067114119744857925e+00
8.771669185286262715e-01
9.765396129527861291e-01
9.952211824414326502e-01
9.450703791278749488e-01
9.478748942420174295e-01
1.034108960612359018e+00
1.076608999940865896e+00
1.267336281375900597e+00
1.580879306916527671e+00
1.679760044672691022e+00
1.802085253331084491e+00
1.541774612072452255e+00
1.515602564477194880e+00
1.532843686708961650e+00
1.263978051340905351e+00
1.278999303441099800e+00
1.125456001835546838e+00
1.352362799956998041e+00
1.297435669707016404e+00
1.143564185191924487e+00
1.125466443163393615e+00
1.142917719490026851e+00
1.279582021997870855e+00
1.268920321014989305e+00
1.220380448778312976e+00
1.097730064898996716e+00
1.037265652806318883e+00
1.213519570066562858e+00
1.271292868116954855e+00
1.330884085640438474e+00
1.423607451999170825e+00
1.498768592176065395e+00
1.238410725774966581e+00
1.246886748948033308e+00
1.316501553501994826e+00
1.290976185719879599e+00
1.482441967485750522e+00
1.600337530733782820e+00
1.524981737122657721e+00
1.465477432506573807e+00
1.598831695578329715e+00
1.502479987581397447e+00
1.484337748277227087e+00
1.493240246508996227e+00
1.304465308040508420e+00
1.436552845032038173e+00
1.564327629985310164e+00
1.538598884947909973e+00
1.498842824118881811e+00
1.255018658513489260e+00
1.188270741305940792e+00
1.152072556076073839e+00
1.023334074968687668e+00
8.482203340702783034e-01
8.795475689059327751e-01
1.030176460507671088e+00
1.024075632936811919e+00
9.617465005168738257e-01
9.552958537327701505e-01
8.831623325209357889e-01
7.944321047047940842e-01
6.868179105426167608e-01
6.679288635177456079e-01
7.797050303581328778e-01
9.335485721330921693e-01
9.344736194502845095e-01
1.117563154274106019e+00
1.124565201714913476e+00
1.054283607051519134e+00
1.203586359159146246e+00
1.314002500893435954e+00
1.182679666459172108e+00
1.380398895911965740e+00
1.575993307492467910e+00
1.694125435588210493e+00
1.685710569365525879e+00
1.424962939188799016e+00
1.269490580108272315e+00
1.365547603753808348e+00
1.235600512188338440e+00
1.326034369545327163e+00
1.224508496734316276e+00
1.212115082435266666e+00
1.376348636586525620e+00
1.549971919625071637e+00
1.547823818658623507e+00
1.557975312340491802e+00
