2.132480599880017890e-07
5.918175897724091694e-01
5.506702391505611249e-01
5.863979485022413618e-01
8.184246588100668740e-01
6.594374862743427324e-01
5.710781687875972068e-01
7.501726196359927989e-01
7.036139690496270305e-01
7.345007955613580553e-01
7.269948663998953009e-01
7.769291611712310086e-01
8.883959844591762245e-01
9.233075037353203340e-01
1.023348632420287618e+00
9.865440757846674069e-01
8.412682087136459375e-01
8.217878680345818143e-01
7.581917613832380720e-01
7.972626841676204723e-01
6.445694548928331269e-01
7.525665389547404605e-01
8.958582611745919966e-01
8.555374395322878911e-01
9.518327835573229256e-01
7.850794594466090626e-01
8.548270937612294507e-01
8.358997018902707410e-01
8.456875632504448070e-01
8.565654094842449773e-01
8.755906254772853892e-01
7.448928269923882350e-01
8.056165651173303743e-01
7.977046149591516810e-01
6.152379861780313819e-01
6.577503854961151974e-01
7.107086956241666087e-01
9.213272006000461367e-01
9.072224129552354244e-01
9.681645930479305662e-01
8.672145886973641193e-01
9.397403799792258816e-01
9.570308805472687030e-01
1.101993483047413624e+00
1.124935139532503792e+00
1.131013454107386185e+00
8.591245235220821286e-01
7.935182214086701213e-01
6.853954040628239541e-01
7.496545475169090755e-01
9.396319751309915036e-01
9.991511014180912698e-01
9.451104344409985147e-01
1.053434784888138465e+00
8.270738655923524085e-01
8.180930340175671667e-01
8.025072398584949251e-01
1.002082374798834774e+00
8.297353459690161026e-01
7.251794448943773563e-01
9.219290175478337401e-01
8.226775985094429977e-01
9.565277916977027450e-01
9.013151502393416115e-01
6.829443598405512406e-01
6.666569868780848340e-01
5.998911755026827830e-01
8.380700175499327109e-01
6.926975713317692351e-01
7.686773553780564816e-01
8.005843393977931655e-01
9.309731243378743804e-01
9.272969624655724719e-01
8.740676104143173530e-01
8.915041221426868168e-01
8.534573499569151345e-01
8.540280462042838527e-01
9.525622961636871500e-01
8.605971214765659738e-01
1.100496527222432075e+00
9.392427164921739458e-01
9.939994453143352615e-01
1.035493297936479262e+00
1.154733706781386759e+00
1.064479802390836616e+00
1.025996680626032109e+00
1.118837735059033278e+00
1.032616563782569274e+00
9.408702223247534802e-01
1.101587664446461501e+00
1.057945104636121902e+00
1.021630319076950011e+00
1.144823089560706331e+00
1.094709916923179094e+00
1.189928140975145654e+00
1.132055222901118707e+00
9.649999341888289006e-01
9.424104374111139659e-01
9.202860742051608423e-01
1.007120391166351547e+00
