1.507891492923917490e-07
3.827590876796495567e-01
5.282293780102571557e-01
6.383920636663644732e-01
7.809670323652556645e-01
7.489701363243921328e-01
8.114447604499547273e-01
6.960305100209552842e-01
6.130609590448301560e-01
6.163605316258790046e-01
7.418670282579570285e-01
7.226669304718967846e-01
8.225829895565042182e-01
7.473020950417506025e-01
8.142837550993076157e-01
8.775178878264057181e-01
8.330341467871557048e-01
1.083693910347953704e+00
9.762105169484298628e-01
1.091581979410026770e+00
1.175300989145668051e+00
1.345238328624310808e+00
1.296911253376978435e+00
1.383083454461015771e+00
1.442793621386094793e+00
1.390925072663798501e+00
1.486575672084323507e+00
1.335776208037709356e+00
1.414461112826781441e+00
1.338593190640356534e+00
1.388176515462502314e+00
1.520746230320397574e+00
1.439373862055269182e+00
1.442853664038671102e+00
1.335256236750631098e+00
1.388684766841314477e+00
1.429658886639938675e+00
1.510400035552292408e+00
1.528506546593832560e+00
1.406702630234580642e+00
1.449819571746015612e+00
1.448485685138739321e+00
1.406702309064647549e+00
1.449465707568720063e+00
1.595852447385296857e+00
1.662360295592150816e+00
1.681042244930919471e+00
1.657648859271432684e+00
1.590510368561209420e+00
1.476793047908606882e+00
1.629232668389901661e+00
1.681993804793264324e+00
1.647445501322863270e+00
1.712067159635276115e+00
1.812988026109785933e+00
1.953117885194874281e+00
1.980023188942132695e+00
1.876029554405816979e+00
1.908882664745901625e+00
1.886542779068586251e+00
1.924011437654387313e+00
1.998846334308618911e+00
2.010996989507344956e+00
2.111403383762732400e+00
2.094409792542633042e+00
1.955357570748611273e+00
2.148703778231251249e+00
2.004269997366474154e+00
1.769236120205116558e+00
1.992844431927414783e+00
1.973138328196478941e+00
2.066416596143186624e+00
2.027210241647774858e+00
1.896286331952814042e+00
1.891391127795513771e+00
1.707356020838983079e+00
1.980186874044595369e+00
1.948735805372895813e+00
1.951854083297422937e+00
1.944979475436857452e+00
1.931189689932663045e+00
1.870341122107450404e+00
1.879421724377428937e+00
1.986358137841935934e+00
2.034780544178841133e+00
1.940392176963127824e+00
2.011561271245811078e+00
2.094113818861445875e+00
2.112268683857044582e+00
1.876693867716029640e+00
1.934901830991242022e+00
2.075865540617080285e+00
1.851751031599230268e+00
2.006745527390314532e+00
1.820642674975286868e+00
1.733648261951078906e+00
1.872581458907209617e+00
1.793773856481676754e+00
1.748398808300908769e+00
1.742393007709984287e+00
