4.264961199760035779e-07
4.134354413399813355e-01
4.747682307358808695e-01
8.539346377525601772e-01
8.682498715645496912e-01
7.590328327678773634e-01
8.034341007092605791e-01
8.618617962348427142e-01
6.915077566960837752e-01
1.027630577832036707e+00
1.187889218219952969e+00
1.197673291547491470e+00
1.057386469657813910e+00
1.197377872078124961e+00
1.130034082455670719e+00
1.288426757711550685e+00
1.240851062809326333e+00
1.129735259402673053e+00
1.225092617614930379e+00
1.323953963326572447e+00
1.325138090464785368e+00
1.234902701965996386e+00
1.347619426546742716e+00
1.586844069544205205e+00
1.528123029338094074e+00
1.230158375848631858e+00
1.134634723116697108e+00
1.191748556098218614e+00
1.227559008096285709e+00
1.419214501230629644e+00
1.431213612127403501e+00
1.434282995068995259e+00
1.410024943694980548e+00
1.397697024882455175e+00
1.184161080278505418e+00
1.222457206799097751e+00
1.420510295249780564e+00
1.326034173686041262e+00
1.688819187238651542e+00
1.831665863555269169e+00
1.718134731164387752e+00
1.968176234048788942e+00
1.974858717401686059e+00
1.832205089217809446e+00
1.929538141450494182e+00
1.976734012526646600e+00
1.970091133381987492e+00
1.967465679265097078e+00
1.985591250136594876e+00
1.892773062567129072e+00
1.998631685982023676e+00
2.143058089574314540e+00
2.180057220211109481e+00
2.169730943653724875e+00
2.150284483337967956e+00
2.060877150165834948e+00
1.858675473710061699e+00
1.964132560854067844e+00
2.160703800515568762e+00
2.227634180038264855e+00
2.186671965809481755e+00
2.064743298588592513e+00
2.202131320646028012e+00
2.240595060334678923e+00
2.381925571076069392e+00
2.697857301851971368e+00
2.512742776651242238e+00
2.345811865056864232e+00
2.281473291225823985e+00
2.333212674073443349e+00
2.433416641282443393e+00
2.625486842504777041e+00
2.666314052805494494e+00
2.574972357872992834e+00
2.761824633168203036e+00
2.640246457930712776e+00
2.581105765420419029e+00
2.792479643093983555e+00
2.833488701618885219e+00
3.077012192870530072e+00
3.076931737947959711e+00
3.145608305124393933e+00
3.222026802980156202e+00
3.110602410563518383e+00
3.007249936497808918e+00
3.049254410143784622e+00
3.021801927216365868e+00
3.081619367445787905e+00
3.053802438230063476e+00
3.200510361003481741e+00
3.157930197362554203e+00
2.942547442764947618e+00
2.855898547395078424e+00
2.816903870954299283e+00
2.896700967021798689e+00
2.917898331535689671e+00
2.910957587947068603e+00
3.051527241565534787e+00
3.152434286722259671e+00
3.189368080024689078e+00
