3.693564745147149106e-07
4.618454857769769273e-01
5.383785652449065706e-01
6.578522457744465646e-01
6.959177435937629053e-01
7.226333850781195833e-01
7.691161908161429084e-01
9.672649943360502878e-01
9.978556082956532292e-01
1.202254601456917316e+00
1.289820564104714462e+00
1.309137294697336529e+00
1.371925007898649351e+00
1.261379756617968750e+00
1.336115276505602356e+00
1.316387984340132045e+00
1.254960793337827285e+00
1.468707478047486914e+00
1.565708647529806763e+00
1.422897094033582333e+00
1.359483203987894351e+00
1.374533128986414887e+00
1.586355817406711388e+00
1.584269026888055487e+00
1.604465751285640618e+00
1.538943205012411219e+00
1.612963857369899223e+00
1.840019593143829457e+00
1.991042796530613668e+00
2.175556689528147736e+00
2.400083536453326616e+00
2.426416083650246414e+00
2.569830667086924425e+00
2.554551913414746966e+00
2.394946775239300774e+00
2.484129520724223994e+00
2.327565961285161578e+00
2.296140377994202453e+00
2.450955954805557280e+00
2.367325125463030755e+00
2.582947908325602615e+00
2.540722642915984153e+00
2.430487738960978472e+00
2.556913078134614103e+00
2.319470478450099460e+00
2.256475104198489401e+00
2.360635108489290257e+00
2.380737839389738042e+00
2.465314519974569407e+00
2.522404930468060691e+00
2.412763547232325667e+00
2.399954200750827660e+00
2.038307483681854659e+00
2.012361241237418330e+00
1.806183839986275963e+00
1.807042208065953393e+00
1.964532252676430391e+00
1.948453643711590688e+00
1.845680959289718315e+00
1.708715749595014044e+00
1.638673734377708024e+00
1.587071264239212409e+00
1.626532637106768986e+00
1.724476287703630373e+00
1.794732561476086508e+00
1.783458292140106316e+00
1.730527383948711195e+00
1.808433461308372348e+00
1.703102197764448045e+00
1.933909421950977814e+00
1.913125345344813155e+00
2.121139437394327754e+00
1.979917561539890736e+00
1.954045074457626763e+00
1.866902090787428081e+00
1.716842288298942698e+00
1.861555060758554481e+00
1.862926523376193799e+00
1.943447334879800703e+00
1.880881929415873621e+00
1.985857651726616435e+00
1.830203132022976353e+00
1.950907598049580693e+00
1.910329167853249688e+00
1.941381832075944613e+00
2.015598880424236850e+00
2.072632142427124791e+00
2.120282424349932526e+00
2.152385370368280704e+00
2.243413342348619999e+00
2.223901363157483768e+00
2.088465859129158719e+00
2.144089343998605734e+00
2.066411378845431912e+00
1.993575004764380765e+00
2.025717663225981457e+00
2.107920612688511497e+00
2.306962480544114680e+00
2.314841647593832707e+00
2.286854564766573006e+00
