5.642013342952361972e-07
5.256099216478697933e-01
5.751273370938375651e-01
7.663434207539474574e-01
6.810041505332827816e-01
6.907479911592362409e-01
7.041955123755435642e-01
5.169958669580694277e-01
6.280939329751160649e-01
8.973591743636019080e-01
1.144734189497241594e+00
9.426899396635923800e-01
9.630761353414309944e-01
1.354005703681308681e+00
1.082200606230198092e+00
1.209547203594902420e+00
1.126212691888872630e+00
1.074086750471962892e+00
1.039612615226723991e+00
1.093925628430664876e+00
1.191996729221464602e+00
1.287929910979824788e+00
1.181298573026580367e+00
1.200715393088135352e+00
1.009269495384217841e+00
1.257486387697473118e+00
1.329547333353875649e+00
1.496275296905342334e+00
1.529278135094006341e+00
1.562371893207958662e+00
1.475357866220030623e+00
1.580895049262480700e+00
1.491828244856127528e+00
1.421776065549137158e+00
1.501146365251036174e+00
1.637694657200660320e+00
1.796077495207726082e+00
1.717926698572043609e+00
1.706888866779379788e+00
1.663718589459533437e+00
1.658248334556385206e+00
1.884393040743343795e+00
1.870995890585824162e+00
1.525535843956266735e+00
1.560658952932362453e+00
1.627475328860297665e+00
1.747146782208873317e+00
1.668594206676205616e+00
1.622599285856452189e+00
1.591844623037242723e+00
1.529994986131224088e+00
1.613880076870511049e+00
1.661901610255174910e+00
1.835242069267958964e+00
1.634554303242649054e+00
1.711631834438800626e+00
1.734318009895166268e+00
1.625722017341537207e+00
1.708115697974731395e+00
1.792723651132989593e+00
1.851272204419998735e+00
1.824717441278329355e+00
1.932826375175524136e+00
1.848739073659687149e+00
1.797832440522956654e+00
1.751451405561972985e+00
1.748509830842119417e+00
1.881338895799472111e+00
1.787008925312270957e+00
1.551334292984675178e+00
1.665422769519259827e+00
1.640700039154876944e+00
1.674661933815591919e+00
1.618997125196649733e+00
1.821218830560960900e+00
1.792827992990086106e+00
1.686072453758040046e+00
1.751988578343435909e+00
1.836094862504406455e+00
1.819065248837690829e+00
1.570769094473384975e+00
1.653155357772184697e+00
1.552582901894177247e+00
1.821280080728537420e+00
1.819248953457685003e+00
1.871989006282052781e+00
1.539183411331987994e+00
1.796787782224743113e+00
1.616687873194837310e+00
1.570492572643070073e+00
1.582131358034866819e+00
1.565748630461653024e+00
1.737068056285234086e+00
1.795870848230167738e+00
1.954228962257286373e+00
1.965784870212887947e+00
1.809840073742080779e+00
1.818749443882820005e+00
1.797221605142817147e+00
1.707122169963316338e+00
