1.507891492923917490e-07
3.638280139746836728e-01
4.774377062841776986e-01
6.224249705468786198e-01
6.692057242888853619e-01
5.616015617186793651e-01
6.117582080957318924e-01
5.987914441671924326e-01
7.798234513195674289e-01
6.558644637490907980e-01
6.777654040154201809e-01
8.605707428158442251e-01
8.582715422089518542e-01
9.021114272916952448e-01
9.059552752380954921e-01
9.721758767760216857e-01
9.343938683978477711e-01
9.074921092487425733e-01
8.310588464264049291e-01
7.792832045440507560e-01
7.341956597646178695e-01
9.267207595553862420e-01
7.059351753079871061e-01
7.839125066916434736e-01
8.932858992837551249e-01
1.005553564215717843e+00
8.752248047181395707e-01
8.165887362403424499e-01
1.068766668891609539e+00
8.844709391473160043e-01
8.572408710468905069e-01
1.051991259385975042e+00
1.043313855467282725e+00
1.078334565933062317e+00
1.263268799252133423e+00
1.127654301634207323e+00
1.192822722423771076e+00
1.154686991242587668e+00
1.236703186846866087e+00
1.046023491004577366e+00
1.036643173091975623e+00
1.229755080219503638e+00
1.109926400919220235e+00
1.213545197828175048e+00
1.125497204277681185e+00
1.132931848621581361e+00
1.107996375865536232e+00
1.052110434602337996e+00
1.145464447718617329e+00
1.131616694006551960e+00
1.258470816455574459e+00
1.241706686080968236e+00
1.272325512117402857e+00
1.270054173422654475e+00
1.336479174531363556e+00
1.238956696249036815e+00
1.206411503530505636e+00
1.066046858139023445e+00
1.283627914747120125e+00
1.212451968974364913e+00
1.301343734907095762e+00
1.127968874094551044e+00
1.008868353757147007e+00
1.206155453172097936e+00
1.397425889846714231e+00
1.525215608324278715e+00
1.450404643589246589e+00
1.289915414300159435e+00
1.194338555172126393e+00
1.287896616731873500e+00
1.332318367121965608e+00
1.196651584750891839e+00
1.329111682513066661e+00
1.305661990554836338e+00
1.246090977822250201e+00
1.194557085456084522e+00
1.285397217428535965e+00
1.252018323461259186e+00
1.263738051068922452e+00
1.236448013122728451e+00
1.447329286300538920e+00
1.319801782356660125e+00
1.257110292446163013e+00
1.280054158355202754e+00
1.327143754946115362e+00
1.198273486532305476e+00
1.254677776364079511e+00
1.203427704205870974e+00
1.200537120882968267e+00
1.236009936822756616e+00
1.152705719890888103e+00
1.317422619579553755e+00
1.305009654051499046e+00
1.376250845763397956e+00
1.381509034989485185e+00
1.163399121724531415e+00
1.270027561448465736e+00
1.086728341699305211e+00
1.188994400644135752e+00
1.070088600777155285e+00
