0.000000000000000000e+00
3.632494251581649958e-01
4.388207938752401449e-01
5.189412277880596225e-01
6.047913127320594384e-01
5.551329136570978262e-01
6.663568348515960249e-01
6.690321936793238722e-01
7.306716165209742320e-01
8.499270284762362460e-01
8.895944594689446649e-01
8.631140188457685491e-01
7.422651799635725522e-01
7.122401052809058664e-01
9.517235095202758455e-01
8.327923365002830591e-01
8.857023950008441338e-01
9.054792225349330703e-01
9.957995544395279452e-01
8.754707401306788261e-01
1.083530777749857510e+00
9.838831612643561542e-01
9.501436233337966497e-01
1.138154005464733443e+00
1.136952993282892121e+00
1.170816531287655282e+00
1.042239492142597701e+00
1.010368465608153299e+00
8.543335195347104838e-01
8.615561871412310557e-01
1.019811870071174909e+00
9.989250093549525422e-01
1.056496102363486012e+00
8.967440480627821842e-01
1.089329259235679137e+00
1.071042136381597842e+00
9.785188615842180804e-01
1.052440119762141135e+00
9.773236708719389432e-01
9.767492950611310620e-01
8.640654471676741943e-01
1.091035962518343005e+00
1.138251382530946376e+00
1.234682455411917568e+00
1.283638495607065222e+00
1.292931427883981410e+00
1.330263496908131504e+00
1.399920973091195009e+00
1.449238494810875855e+00
1.520132331175739759e+00
1.375881252725278392e+00
1.231280056395660738e+00
1.422518401724668591e+00
1.334116431190013774e+00
1.644154183864488195e+00
1.617212639978460986e+00
1.671306447707874510e+00
1.715214525707978943e+00
1.803542952733276028e+00
1.982645627631673069e+00
1.896724798443281568e+00
2.041959279643038361e+00
2.053290798568658371e+00
1.694326237428499971e+00
2.035736060316928331e+00
1.999508056248224586e+00
2.081107138995425210e+00
2.135395914891459856e+00
1.846232705148115549e+00
1.880693112369455466e+00
1.691364211637409465e+00
1.734338827661700888e+00
1.791067855161508460e+00
1.864208394281355208e+00
1.821212619021344681e+00
1.944736802704736922e+00
1.869996616119984800e+00
1.973422560007987103e+00
1.798220486451046041e+00
1.793185243964692699e+00
1.955373547581983118e+00
1.967188355187118542e+00
1.766127990480875765e+00
1.903697126354302105e+00
1.877213205578156963e+00
1.756794231799829076e+00
1.680303812395415264e+00
1.529740711562903810e+00
1.745600656130633421e+00
1.882148884749263562e+00
1.942952823243310201e+00
1.955397660689025097e+00
1.975583122223734334e+00
2.145619140702605954e+00
2.145680058360209586e+00
1.888632877556483125e+00
2.083978197418413725e+00
2.135178070925781491e+00
2.116084669731834289e+00
1.768162336557999259e+00
