2.132480599880017890e-07
5.001175551130462305e-01
6.467330228291138239e-01
5.519483613083543405e-01
6.455244908947991300e-01
7.277736712316188461e-01
6.672200917767565631e-01
7.965321632599426938e-01
7.470674830806591782e-01
8.788392089326140244e-01
7.866777299398030054e-01
7.533670452359817471e-01
9.509028847084927127e-01
8.246272179338239861e-01
8.848205753286672026e-01
7.618932460829347386e-01
7.532291602894458649e-01
7.729632788633055140e-01
9.136221819970661295e-01
7.261722914347800151e-01
7.568770361167582728e-01
8.823270442440867001e-01
1.012317604207791932e+00
1.226524217756904234e+00
1.190631763389284004e+00
1.120556701650371689e+00
1.027320795219579752e+00
9.457156209981053552e-01
9.644537486241777646e-01
1.071474654858279862e+00
1.139549031204265095e+00
1.106524903832502238e+00
1.158751892096534286e+00
1.264615282915999117e+00
1.091548337597540108e+00
1.193582474045326469e+00
1.302174293879849731e+00
1.543044715323150795e+00
1.373683893714007231e+00
1.325957571708854532e+00
1.398252041477288987e+00
1.282845880180683462e+00
1.479671215388004724e+00
1.313036483440418900e+00
1.347502993484336553e+00
1.326710422912189768e+00
1.389897948828217267e+00
1.317564842505234646e+00
1.486734952971776602e+00
1.643542085688564969e+00
1.719675865635377443e+00
1.784914487870355337e+00
1.890557258336111879e+00
1.926035203597819434e+00
2.022299846916111754e+00
2.133045687359320208e+00
2.426476114426388886e+00
2.405750986864925167e+00
2.454907990041537147e+00
2.584425750621203388e+00
2.808013137339656851e+00
2.743994107329209342e+00
2.737100289564888378e+00
2.565878061206912975e+00
2.534570886083014507e+00
2.537028956925117207e+00
2.299453372111372573e+00
2.268211188099860109e+00
2.476005384665602715e+00
2.176834335977539503e+00
2.260770585139912470e+00
2.678086832884419621e+00
2.664417658018316093e+00
2.620139408814312176e+00
2.478906501238925753e+00
2.484049444196679612e+00
2.592157883664707452e+00
2.447103711650111535e+00
2.369062230372828814e+00
2.136477016940122375e+00
2.195953397638751081e+00
2.113594131550571298e+00
2.232048047747683839e+00
2.248174978241678001e+00
2.522826841812742860e+00
2.317144397007963708e+00
2.357593820122913186e+00
2.157415466813979332e+00
2.219475060564887414e+00
2.351577511379997709e+00
2.491094600463397146e+00
2.308896257175649058e+00
2.277614832336653183e+00
2.244758013716704248e+00
2.230345540910321223e+00
2.050016240996521688e+00
1.913003803974617112e+00
1.829708087350334189e+00
1.967341354093364192e+00
2.029319942653438513e+00
