2.132480599880017890e-07
7.580603545390562914e-01
7.854664609698087663e-01
7.514305167769756988e-01
1.067790771109488279e+00
1.067646127780558896e+00
1.031896451695443195e+00
9.423336481112511986e-01
1.115818553456698226e+00
9.353888245371668742e-01
9.330853814202376695e-01
8.971703588812109942e-01
8.008228342556332757e-01
9.169516923543825637e-01
9.848812111346694209e-01
1.148786844650550476e+00
1.034307454186066622e+00
1.003982554768351632e+00
1.234097614230267981e+00
1.254847456120918414e+00
1.421431573743836774e+00
1.472291472216407771e+00
1.262911323286137755e+00
1.177651499614199793e+00
1.335551158432804808e+00
1.180607199423739484e+00
1.417729000081165758e+00
1.524114684127310104e+00
1.365776698627866326e+00
1.323910319846949513e+00
1.175354639073645568e+00
1.226602290225599745e+00
1.310062864639884861e+00
1.271049656978608944e+00
1.260385385833899141e+00
1.189921263283266528e+00
1.262492494032063206e+00
1.466304927689823900e+00
1.493218861928875763e+00
1.446250307613764274e+00
1.285581214781799320e+00
1.456691258461580318e+00
1.399417435303467627e+00
1.516498887698734643e+00
1.619439098200995630e+00
1.471687958202943625e+00
1.466652228676444736e+00
1.616604340270707318e+00
1.740259240855432488e+00
1.940447390008286588e+00
2.077210849025259431e+00
2.014731055158208051e+00
1.797114744378035311e+00
1.843884213672179362e+00
1.840771616914584241e+00
2.067356755919480094e+00
2.108620060344858160e+00
2.231339182074417504e+00
2.010372205763788500e+00
2.115031018147662589e+00
2.263733569004096946e+00
2.369735834877129133e+00
2.514417073128766944e+00
2.389814021651051057e+00
2.349225223441569366e+00
2.464763454745743765e+00
2.566421543287571883e+00
2.678309171134622524e+00
2.681256013009159833e+00
2.638253841585528559e+00
2.604626683301178414e+00
2.496308975709830680e+00
2.535512735306253873e+00
2.507490203366904868e+00
2.369636128836688282e+00
2.462833682309924388e+00
2.631080310114314980e+00
2.397608630357826787e+00
2.427276443231472847e+00
2.248626128093579979e+00
1.989095377232298345e+00
2.237089362082595567e+00
2.214410655508993742e+00
2.071994958658188501e+00
2.097500094967779116e+00
2.266981879744451422e+00
2.060656758096582664e+00
2.046419826218127458e+00
2.186060613398587815e+00
2.217664062714129081e+00
2.023019519881226191e+00
2.087729097334487527e+00
2.152918828685339570e+00
2.038262990404051678e+00
2.141196931642632251e+00
2.054667451657801625e+00
2.065256081464274196e+00
2.111444641086090090e+00
2.172163408073618740e+00
2.162085379463404955e+00
