0.000000000000000000e+00
4.368250694043037674e-01
4.540240445351741982e-01
5.467992019255412117e-01
6.792921124185744564e-01
6.595343830786526418e-01
8.344634489642892561e-01
9.159794387399655680e-01
1.110014943053031944e+00
1.006050917586442273e+00
1.277450528707010813e+00
1.327196547388469483e+00
1.244765842115332699e+00
1.285562560450438152e+00
1.334803449078052262e+00
1.386954973248217815e+00
1.326761430394275854e+00
1.487153189826522004e+00
1.436794955556878195e+00
1.383929677918015022e+00
1.191350744662580396e+00
1.259649228852750102e+00
1.274838965759819143e+00
1.405592190946974407e+00
1.475300817105070772e+00
1.377502680176745820e+00
1.406026815033545097e+00
1.480527761486459593e+00
1.528611368154069394e+00
1.645436365013501323e+00
1.980650801385009263e+00
2.018336327740986036e+00
1.908826196798031782e+00
1.806628344271835607e+00
1.759742410297792770e+00
2.005318693432390553e+00
2.114429940045341016e+00
2.085935710918860320e+00
2.110626924089164635e+00
2.352968267695682680e+00
2.207699049501252730e+00
2.123615761097882082e+00
1.944157011463567342e+00
2.049553849884911294e+00
2.271893217752306349e+00
2.230114332028271029e+00
2.312467965782912138e+00
2.301501718194524315e+00
2.125436419091308871e+00
2.300777946065560187e+00
2.351733855251103122e+00
2.518704194047736156e+00
2.551725580968415841e+00
2.644959948501508062e+00
2.757142771926528013e+00
2.627406932973229470e+00
2.582499716390001865e+00
2.645863783920992862e+00
2.412144996761069748e+00
2.365555629901508805e+00
2.300235520697718083e+00
2.141466837663440703e+00
2.076076676721052561e+00
2.168935255138372042e+00
2.063267767065842584e+00
1.950569297085769094e+00
2.092024342218654187e+00
1.896359850785072299e+00
1.970702658913389804e+00
2.150831455459570662e+00
1.989945187652463643e+00
2.237304277995526114e+00
2.104553308080036267e+00
2.130949472058157212e+00
2.162327948236384412e+00
2.174937957317989223e+00
2.421251050159332507e+00
2.400043242667214471e+00
2.545964074170343316e+00
2.680759426644014898e+00
2.491117111533457606e+00
2.282057186902962886e+00
2.282655965958336530e+00
2.424125432805382285e+00
2.413548798343307045e+00
2.227177130112352188e+00
2.131708755922545162e+00
2.119583023496823149e+00
2.190400975544394058e+00
2.148269858387313658e+00
2.081467546794173007e+00
1.942102628259936070e+00
1.898102428963357458e+00
1.873270929243585625e+00
1.899371381796255420e+00
1.870072543288791911e+00
1.843773345365938621e+00
1.866360142848029646e+00
1.912069571324277906e+00
1.784640765515181249e+00
