4.264961199760035779e-07
5.536626227356417074e-01
6.743726063094862555e-01
8.342611654371647756e-01
9.565552391714210456e-01
1.125383700568459489e+00
1.079275128952492002e+00
1.048692735197684023e+00
1.055814606958046964e+00
1.188521958881011864e+00
1.407621760581251991e+00
1.392384658639064243e+00
1.308862843447792912e+00
1.446363333394725670e+00
1.479712211929617549e+00
1.358142369745505063e+00
1.421231432533388350e+00
1.448275482183604357e+00
1.431663993112870292e+00
1.713328920021340185e+00
1.969735954693210278e+00
1.954111956847927933e+00
1.988017760323179228e+00
2.075848497939849047e+00
2.020202379458428954e+00
1.892069496622668767e+00
1.867989929850747632e+00
1.980117725302510845e+00
1.939070294357608359e+00
1.938979606189156435e+00
2.065381076603752142e+00
2.037156025471401399e+00
1.720781906396058547e+00
1.731066937886360790e+00
1.711381664744470177e+00
1.691874375402915076e+00
1.410717777601659284e+00
1.283245233021690579e+00
1.508367233044351163e+00
1.610083368837833095e+00
1.563879495708090595e+00
1.662953049182906318e+00
1.518606453135348922e+00
1.808777022901037812e+00
1.763508477886630343e+00
1.692503071521422653e+00
1.598751707749303863e+00
1.451942295480068479e+00
1.699378182911106760e+00
1.709485034265048720e+00
1.825706500687577449e+00
1.977539377160632883e+00
2.037752519359715464e+00
2.010649245203445457e+00
2.213301585467034815e+00
2.242623428411297581e+00
2.388195140676984796e+00
2.543276309889770825e+00
2.521934496755608102e+00
2.388082217452727640e+00
2.551977438536849441e+00
2.619536619944248024e+00
2.521649104222615456e+00
2.540125128033246416e+00
2.392582617862436312e+00
2.376708939191141123e+00
2.312010264955643102e+00
2.355525008238838591e+00
2.389513019104722247e+00
2.432530110199206508e+00
2.267346817913817425e+00
2.190740434424385263e+00
2.264523864212734328e+00
2.309254926705053279e+00
2.282045485425997278e+00
2.512826105532725229e+00
2.515931297398625865e+00
2.465058323684786945e+00
2.540560411479350744e+00
2.644587238276181473e+00
2.477432806871467719e+00
2.475649399932442485e+00
2.302102897690779582e+00
2.500472475188868948e+00
2.468845607345543591e+00
2.512489422704254682e+00
2.465138102827935551e+00
2.586665199785426861e+00
2.791654356140282900e+00
2.723636749777775368e+00
2.612082892142536750e+00
2.522937546171933665e+00
2.624545926745247559e+00
2.412025406251227189e+00
2.734024335131625794e+00
2.744919146656651154e+00
2.660172974802807566e+00
2.891437764590421455e+00
2.931182914556223817e+00
3.220743201777405140e+00
