4.264961199760035779e-07
4.018185925166645189e-01
5.093831087153761761e-01
5.662086087874128593e-01
6.288962193921471266e-01
6.230617377357198228e-01
6.432281889058818480e-01
6.405031835029013632e-01
6.894975405550816117e-01
7.548272633122814490e-01
9.634086028997989049e-01
9.455714915218530470e-01
8.793384348877731904e-01
9.034255155180015429e-01
1.001611303834696765e+00
1.078038318923769667e+00
1.094376219036184761e+00
1.140613075681170763e+00
1.261547915097038564e+00
1.346214788767404968e+00
1.369791931686825670e+00
1.456908762897030085e+00
1.183988129686449842e+00
1.283830762649302626e+00
1.515850853822655386e+00
1.336000911866506824e+00
1.326530122700678049e+00
1.371164183639680845e+00
1.308164890926618362e+00
1.218424558874803054e+00
1.179247585481664196e+00
1.068516923423132869e+00
1.192465533610322481e+00
1.344763593210949182e+00
1.271297122010939029e+00
1.301080928043165441e+00
1.293879791627994269e+00
1.418051482310543010e+00
1.452905787195852394e+00
1.550665013965642380e+00
1.597745517575419383e+00
1.666116133053504811e+00
1.559264191629915475e+00
1.676383021877233093e+00
1.450781572369550076e+00
1.602919362336110654e+00
1.404356196631115550e+00
1.692790008539941660e+00
1.820570258099018623e+00
1.710109994724814841e+00
1.939387648093336303e+00
2.058579939714620277e+00
1.735789396059005618e+00
1.856813442689893678e+00
1.776676042560525248e+00
1.765792547868263007e+00
1.834554029805990361e+00
1.886463531423583584e+00
1.808151084827494870e+00
1.701802604466606139e+00
1.954651982642578778e+00
1.846908508699257156e+00
1.753301767370982311e+00
1.756080109734128092e+00
1.915961828933805400e+00
1.999936614584039596e+00
2.000551733702645496e+00
1.895119117888354632e+00
1.967554615160851839e+00
1.871641833578293168e+00
1.956683603948253358e+00
2.033834226803630241e+00
2.117170708764735121e+00
2.142289651535529860e+00
2.171079928917651447e+00
2.307806584143591966e+00
2.154748530538915574e+00
2.187342239354868489e+00
2.354841329038993347e+00
2.256572575437349126e+00
2.177883612745669328e+00
2.197828086715926776e+00
2.049358871379971969e+00
2.219490246244486098e+00
2.234011033266047441e+00
2.356324226447589432e+00
2.366854719894725179e+00
2.489372191103341070e+00
2.459492695659609041e+00
2.341828719539231773e+00
2.453808395495205907e+00
2.330433174415123432e+00
2.365367744826085250e+00
2.234108579994232624e+00
2.155122817812914260e+00
2.223126024017513025e+00
2.189504195723025237e+00
2.170385141455932310e+00
2.109589007541667893e+00
2.226837519352287575e+00
