2.132480599880017890e-07
4.365295991200293657e-01
5.288795764962668233e-01
5.666961843175807312e-01
6.162991703211142536e-01
8.285580654767034092e-01
7.670043147187347587e-01
1.106583134744667962e+00
1.161143803861918844e+00
1.221615580684009661e+00
1.044904066252867469e+00
1.060816674129427373e+00
1.012198032403886616e+00
1.068246240652596324e+00
8.506865752517904777e-01
7.794917405911122588e-01
7.749537622352715704e-01
9.784957432658432097e-01
9.943578578167355797e-01
1.232174550012399727e+00
1.378179656438871081e+00
1.316850250127251876e+00
1.429154420324753039e+00
1.375119348048083001e+00
1.301652431027360279e+00
1.212014999803783910e+00
1.160901273520275945e+00
1.262442139598332513e+00
1.321342780566535424e+00
1.204093912343603856e+00
1.237784426183907271e+00
1.282224927283295068e+00
1.147002860536688873e+00
1.194703571946582832e+00
1.304640862037161009e+00
1.120083173629467410e+00
1.006033103631519543e+00
1.113557004692989016e+00
1.200864724472775702e+00
1.272068761054470754e+00
1.184941103707513266e+00
1.339236663956262730e+00
1.441350096239251810e+00
1.344746567146586136e+00
1.629840950650999210e+00
1.799406683220342584e+00
1.821785837371562078e+00
1.671168915727832882e+00
1.981728147561701681e+00
1.827155680573594010e+00
1.859381399393883694e+00
1.795845994672190749e+00
1.952857692034476900e+00
1.896284502517634696e+00
1.883986764637538114e+00
1.802048961662254589e+00
1.981019193117891541e+00
1.798460590603979226e+00
1.886026584254434368e+00
1.895314102823842273e+00
1.847092088097956664e+00
1.854010075671389535e+00
1.967348475349461445e+00
2.011319068163433865e+00
2.176319288514262595e+00
2.229378869853226419e+00
2.182113543913301701e+00
2.001195910902542785e+00
2.120546325825124701e+00
2.118734581636949166e+00
2.134308137606021560e+00
2.165405013073314233e+00
2.154704474624345334e+00
2.138922497127764277e+00
2.026141018063655874e+00
2.090437257037741858e+00
2.113839131249888315e+00
1.928472859739752687e+00
1.876458400826557238e+00
1.998584256570707263e+00
1.799979976874799270e+00
1.755360532505330307e+00
1.833036948282011025e+00
1.797177371176984506e+00
1.681371882464768097e+00
1.537227619915411125e+00
1.609375668538356008e+00
1.585370711133546218e+00
1.700939646352707335e+00
1.786955674743275102e+00
1.871224607958047903e+00
1.854188619552916473e+00
1.843415621069383503e+00
1.746100189459429464e+00
1.841635816814877868e+00
1.834371088731687083e+00
1.754024034955017575e+00
1.809757954612128739e+00
1.700795206723751729e+00
1.661674238226860556e+00
