0.000000000000000000e+00
3.692600554030940896e-01
5.283216417355520722e-01
5.606023115107131582e-01
5.447991243838553599e-01
6.058795631817016636e-01
4.993594988859338946e-01
6.017214751068171719e-01
6.093547788007694921e-01
6.575371971319727837e-01
6.704045700198891788e-01
5.881946493796361697e-01
7.338475106435510265e-01
6.195590573323003225e-01
7.104886341546724493e-01
7.209514753580567037e-01
5.415427702239837826e-01
5.932157702788986020e-01
6.836486203399358974e-01
9.180904210267495369e-01
6.283716063536224361e-01
7.989390175083374013e-01
8.423300506395935416e-01
8.565706255806242453e-01
6.867684593541211191e-01
9.017995940595585624e-01
7.402949591118673789e-01
7.466288867535312290e-01
6.933673764176341292e-01
7.574525516527049751e-01
7.844950214364967422e-01
6.159405878249862853e-01
6.213354923586187351e-01
5.152157006283601959e-01
5.435948662965494060e-01
7.428644041736569559e-01
6.055995326692831249e-01
7.606461754712595669e-01
9.139637269327236524e-01
9.230021243793512520e-01
1.074583364219010795e+00
9.763302337069424963e-01
9.453100031271697290e-01
1.021735568773036062e+00
8.601135144829746837e-01
9.392043310195246075e-01
9.159779537679187955e-01
7.476799034226390139e-01
7.991980444223855118e-01
7.728176593851407983e-01
9.388901844927232121e-01
8.182340197090277600e-01
7.341128873538707023e-01
8.428304597321540914e-01
1.039936632802249461e+00
8.063443452223376662e-01
8.575642943840217081e-01
8.272969420019995468e-01
8.321368025276657532e-01
8.212640917299135479e-01
6.746702976605383206e-01
7.105965325728542670e-01
7.447494462700926521e-01
8.376791805815427816e-01
1.086919076277950813e+00
8.909897664693576802e-01
1.024707352950021688e+00
8.524778332808816694e-01
9.239983819514862029e-01
9.480832784523749446e-01
9.431943444837490587e-01
9.394990110708604236e-01
9.300058070372615449e-01
1.002820186727637397e+00
8.599548402792945856e-01
9.564852617602441764e-01
7.629256661372355586e-01
7.717250939457295233e-01
8.725841025303566756e-01
9.156705629841827010e-01
1.036151616376091766e+00
1.001493911238432233e+00
1.109092186545067582e+00
1.111901682628597454e+00
1.103385075714295338e+00
1.157951708188575957e+00
1.018397864385353735e+00
1.119393041756085116e+00
1.199859400711268398e+00
1.132687819946476715e+00
1.178102293808906742e+00
1.202814333793746693e+00
1.054937443464479374e+00
1.044049873328940059e+00
1.105258246448692416e+00
1.277723172826160214e+00
1.080066181895891653e+00
1.160473048236333904e+00
1.382681191889935324e+00
1.401312944751466061e+00
