4.264961199760035779e-07
6.487170720531737489e-01
7.633792887840452623e-01
8.457507766028641294e-01
1.004142658998862903e+00
1.008665093954484338e+00
9.888147094175786522e-01
1.231696248505038449e+00
1.211872781099291752e+00
1.429463445984001435e+00
1.333728815080974517e+00
1.739493754531271641e+00
1.853049976441844215e+00
1.857851065257621892e+00
1.967110566978150565e+00
1.870573234018181763e+00
1.771741988508537702e+00
1.695838319431666852e+00
1.790522012126193774e+00
1.676174145480542998e+00
1.741941766800830349e+00
1.862074500111810194e+00
1.661978278686458088e+00
1.679235576006878450e+00
1.798967709264523318e+00
1.847249071152084809e+00
1.812830343151036416e+00
2.066609227833684059e+00
2.051001387415672728e+00
2.091373312992940825e+00
2.033219356138528777e+00
2.028878183939025082e+00
2.163679407904304242e+00
2.241249020860794694e+00
2.215752842504055131e+00
2.182047025189865597e+00
2.078700998796109811e+00
2.472427543165937269e+00
2.209971305864179225e+00
2.361606603217209166e+00
2.345248486495104867e+00
2.133005891648896313e+00
2.087389749530866645e+00
2.098572401614203553e+00
2.209160866251333122e+00
2.180274475999872674e+00
2.308581150328904208e+00
2.577830455365046181e+00
2.531133589647186710e+00
2.707790328569062765e+00
2.545443452713706201e+00
2.678238643442387712e+00
2.829632222667768371e+00
2.930708959184083362e+00
2.802262393785251327e+00
2.716857283606964657e+00
2.868713560941875684e+00
2.915934520083005133e+00
2.940023855126659758e+00
2.814264396801884782e+00
2.884366978210290089e+00
2.978097047848108136e+00
3.028341199416518581e+00
2.861976943932948991e+00
3.122603899645617798e+00
3.238913426211324609e+00
3.247250926288308026e+00
3.218331618599413524e+00
3.345170809966401926e+00
3.453357287918512597e+00
3.681729503524127534e+00
3.594067967641580097e+00
3.599773667522286669e+00
3.403844048108038756e+00
3.245226609406556939e+00
3.309383234683135555e+00
3.367784972996665349e+00
3.322798984672426847e+00
3.380323907791081606e+00
3.587713168709239397e+00
3.579369354533852743e+00
3.741761770918104801e+00
3.878453709580601316e+00
3.739188425998371201e+00
3.784523323680053508e+00
3.799700622447241827e+00
4.079540251464987222e+00
4.161655180993354186e+00
4.167899125527151583e+00
4.206253830713570174e+00
4.274871772609635912e+00
4.325999611248715127e+00
4.408639292270008170e+00
4.480149013147132209e+00
4.433920112359889920e+00
4.262840053598856649e+00
4.088212063818782660e+00
4.078590241174810949e+00
4.114648485371159126e+00
4.280723558116822147e+00
