2.132480599880017890e-07
3.973790602719116660e-01
4.501650191432060577e-01
4.567473986660814389e-01
6.250202589537058318e-01
7.340323989471798649e-01
6.817668570224456603e-01
6.784723671357680841e-01
6.741303221821151048e-01
7.715084422982584345e-01
7.911242188580084322e-01
7.583873709667375840e-01
1.047331428729034286e+00
1.335148822207641972e+00
1.119411016452299901e+00
1.095388063643653709e+00
9.713975249642309295e-01
9.684921360007595625e-01
1.123556275727739973e+00
1.116429612580494668e+00
1.132113428574641256e+00
1.040311851726155590e+00
1.341149208984993901e+00
1.492815404220957376e+00
1.664053830774779863e+00
1.566667632349359573e+00
1.431121796665637103e+00
1.382953652947168433e+00
1.392035534235954941e+00
1.365325351000095333e+00
1.501213576157809149e+00
1.390220220561068531e+00
1.549000563898432548e+00
1.515315389239657140e+00
1.566801787782692523e+00
1.683509175092611221e+00
1.612754319044025220e+00
1.559995083201884070e+00
1.776910475875577600e+00
1.771908021175760739e+00
1.923621648183071686e+00
1.970847080439017462e+00
2.106232003197113123e+00
2.127523874973898721e+00
2.169388869525844754e+00
1.986839937628686714e+00
2.079266374083110769e+00
2.072845719735812331e+00
1.890384986305802206e+00
1.902236609707910864e+00
1.909737645645000148e+00
2.031761570196643607e+00
1.924127742845541000e+00
1.569222019746346675e+00
1.480986892276243250e+00
1.886130037985690233e+00
1.857739207405776583e+00
1.766751713204671281e+00
1.712095637740274290e+00
2.005493210268700643e+00
1.993266554764616227e+00
2.123303161645394788e+00
1.795334253230464583e+00
1.786426163950978196e+00
1.730552338311101002e+00
1.856522917066624201e+00
1.710648151599571509e+00
1.894589514031382427e+00
1.634516082122553726e+00
1.634413782945663085e+00
1.694345987341762561e+00
1.661474407968267286e+00
1.875233031733072542e+00
1.862797077671239476e+00
1.799077603926772406e+00
1.729999216907130988e+00
1.694224855714511646e+00
1.670828419715453927e+00
1.429527000292071026e+00
1.326450242097029442e+00
1.328097825195665438e+00
1.419577332626901889e+00
1.580545356122574630e+00
1.641795832633782926e+00
1.566951878840787682e+00
1.542112075841887586e+00
1.484899430243103113e+00
1.540507138516493457e+00
1.524719773623773866e+00
1.570992086371041818e+00
1.707867436011626827e+00
1.767146106126749716e+00
1.776272861658699798e+00
1.575818713496508261e+00
1.688960565190663843e+00
1.641770117681893071e+00
1.781289834169840880e+00
1.740420548778850662e+00
1.766242285625651887e+00
1.920960180317214716e+00
