2.132480599880017890e-07
4.958141339240824674e-01
6.676096477744782876e-01
7.655776239337361844e-01
7.817270935797133724e-01
6.690468970169444196e-01
7.832256547897630261e-01
6.576016527808644652e-01
6.551928229355141742e-01
7.423076657369213072e-01
8.517377135037559333e-01
8.046444249730198006e-01
7.137608838767763864e-01
8.803726914020028049e-01
7.574015196561688645e-01
9.617017636062894503e-01
1.036565527457603331e+00
1.175036105750644655e+00
1.051075284017044531e+00
1.308272162574258823e+00
1.255818111796486169e+00
1.286237567357868539e+00
1.255179051662223877e+00
1.368690870462221598e+00
1.544297902179779358e+00
1.550941375996235383e+00
1.499324307516358479e+00
1.559283506713574186e+00
1.871955278195216898e+00
1.622691260215015419e+00
1.411777748022861045e+00
1.620128444507201504e+00
1.594847369915079360e+00
1.664910575771384460e+00
1.602901656750752801e+00
1.520585044004364894e+00
1.416955467482980291e+00
1.357305915134780605e+00
1.236641850156577904e+00
1.136009745252767544e+00
1.264780145003574940e+00
1.282851227322137966e+00
1.343457555788755586e+00
1.366507862971860554e+00
1.493125090666423294e+00
1.435453004722224035e+00
1.512754156499692693e+00
1.307495407664674536e+00
1.552702951133668963e+00
1.674563754042549535e+00
2.012630185474354683e+00
1.940837150749952000e+00
2.006807345271654608e+00
2.102742113940593960e+00
1.966232989358943417e+00
1.980434725958356124e+00
2.016125155992654072e+00
1.973759301720743764e+00
1.928206584677402358e+00
1.802608246894985777e+00
1.647487021225103598e+00
1.519416848078833482e+00
1.783209386661680274e+00
1.643148407743995953e+00
1.657224604735434204e+00
1.890985921842332163e+00
2.180021742248155370e+00
2.119831366390210636e+00
2.196798822228208437e+00
1.928469129979514030e+00
1.983801967045812908e+00
2.049795438705613648e+00
1.885946779414964025e+00
1.663328680390940617e+00
1.706395789200956248e+00
1.875837844028295676e+00
1.502564534061592294e+00
1.312461158263522831e+00
1.110948374698057073e+00
1.125002598586302804e+00
1.205599719985911644e+00
1.074419543748212691e+00
9.801205551147710304e-01
1.198089101778761378e+00
1.414393854639131032e+00
1.435411453727110986e+00
1.395144010747133123e+00
1.514382629095228028e+00
1.628262612693833322e+00
1.820042835449841245e+00
1.828170829646931672e+00
1.629937008021982603e+00
1.842136754083121719e+00
1.680230242878286484e+00
1.792895833728463506e+00
1.791469540897973944e+00
1.633762848854931393e+00
1.608644345826983013e+00
1.669858448283632724e+00
1.649561928871396965e+00
