3.693564745147149106e-07
6.225643773790163760e-01
6.094356032318742900e-01
9.393696431322561269e-01
1.000450367347200276e+00
9.539562195335388184e-01
1.184934297015431293e+00
1.246652678892729682e+00
1.330721785524398459e+00
1.261742326140443904e+00
1.381609860657954103e+00
1.380312615571357426e+00
1.372809843192107193e+00
1.567714350864971351e+00
1.552503022109250175e+00
1.644857385198670530e+00
1.662813308859101724e+00
1.673866885471749999e+00
1.738320044370342377e+00
1.755109029382369901e+00
1.692474745285588389e+00
1.584450188716364671e+00
1.654309300995888687e+00
1.690289758292894851e+00
1.859069823365109508e+00
1.951982170527968741e+00
1.923690786235264127e+00
1.858357617604313061e+00
1.677647016294919968e+00
1.647130973592407788e+00
1.539876648065759079e+00
1.760994771666635206e+00
1.784143592713004933e+00
1.913198154872150170e+00
1.926482747732220613e+00
1.772870042114144784e+00
1.969786734957228447e+00
2.162441897382335387e+00
2.364741044882004761e+00
2.237180765318064424e+00
2.168324882456575953e+00
2.117393330650135574e+00
2.084696333691307579e+00
2.167822583342963849e+00
2.302940442769974450e+00
2.472279251463687100e+00
2.691943545436178642e+00
2.615902110961297655e+00
2.553709721576291614e+00
2.415369494101954562e+00
2.264898848876225834e+00
1.912573528860557648e+00
2.123499910867688190e+00
2.205641814378031640e+00
2.261243190306415851e+00
2.472172855275521997e+00
2.501699733415353233e+00
2.423749450940656747e+00
2.450970149046238333e+00
2.534876570244041893e+00
2.522801133366705528e+00
2.638781483842657316e+00
2.736489467399772835e+00
2.687365912726868089e+00
2.508731960292303498e+00
2.344934946673300047e+00
2.471556523354602408e+00
2.522009451606865849e+00
2.259917695308431451e+00
2.297198579113016947e+00
2.467747747782389478e+00
2.305150970196980342e+00
2.331417865926274313e+00
2.357554405269208342e+00
2.507301017125988185e+00
2.415815901040065050e+00
2.436999015350607145e+00
2.686846850478674220e+00
2.460216753182832061e+00
2.517362895313428162e+00
2.443868231352744225e+00
2.551872919218144187e+00
2.658024104455483538e+00
2.646863522757051168e+00
2.668391964655991710e+00
2.707064857735552277e+00
2.845099712481955478e+00
3.012533028716433137e+00
2.708262983614824648e+00
2.682142921322189011e+00
2.791898213729443246e+00
2.768855097582019198e+00
2.950080910708437809e+00
2.944658495732253467e+00
2.886631958322395164e+00
2.554946502995345536e+00
2.365214878874686288e+00
2.464622610195802643e+00
2.495916539227996278e+00
2.393287994990648926e+00
