4.264961199760035779e-07
6.094472637796597425e-01
6.463129509366447589e-01
9.722666948879021831e-01
7.155640586958169624e-01
8.640378062132628711e-01
8.669794032280466745e-01
8.742929222836492986e-01
9.838289860662381425e-01
1.043790780370508653e+00
1.026492509396330632e+00
9.381031099395148454e-01
1.170880542601576924e+00
1.193097721321769500e+00
1.252388863214010328e+00
1.429319262038489136e+00
1.668510603778403878e+00
1.842950661836317616e+00
1.740945837537641872e+00
1.640364276599523441e+00
1.324243486704045791e+00
1.450256317340827827e+00
1.287705692567081561e+00
1.230018390240979143e+00
1.297251894364281899e+00
1.444459099640996502e+00
1.636285151463620524e+00
1.587635534266081061e+00
1.766026116740255558e+00
1.510748963483175444e+00
1.349331934502251418e+00
1.560693958980841956e+00
1.605736303506567264e+00
1.456484262416068765e+00
1.508861851288825218e+00
1.500885594698184944e+00
1.454954120717868227e+00
1.460762170900744561e+00
1.445773700611686419e+00
1.662905992719030168e+00
1.772852816759295624e+00
1.834435900647809037e+00
1.713468362698925107e+00
1.657063269054993571e+00
1.690716184539903022e+00
1.713241254164586946e+00
1.728575158324314298e+00
1.918148276325871482e+00
1.707318522233857161e+00
1.452083878687485674e+00
1.312957764770992686e+00
1.236898976137835282e+00
1.223255085942766662e+00
1.283164151858758650e+00
1.525215654609955784e+00
1.486862508273364414e+00
1.707789684801524599e+00
1.647971204477597373e+00
1.641771908870876207e+00
1.705328383486125254e+00
1.949676388717434872e+00
1.928716461222914180e+00
1.815349609540719333e+00
1.871882678251344689e+00
2.007676616691567162e+00
1.817983701148594422e+00
2.075711051068586777e+00
2.085000416468439255e+00
2.043713861485911387e+00
1.977979127907288026e+00
2.037227684831679486e+00
1.926928377642603385e+00
1.857589947507855666e+00
1.849831143794284039e+00
1.723053709909649456e+00
1.715220894034114485e+00
1.606305250857761546e+00
1.617317034365464590e+00
1.553858998436282057e+00
1.559557253163554646e+00
1.579016182798143930e+00
1.690687730771521791e+00
1.581246512317754815e+00
1.357305081423468618e+00
1.447074342972160643e+00
1.636163804999182014e+00
1.562568809576602824e+00
1.560674837632756828e+00
1.493110342999185658e+00
1.572093515971440425e+00
1.700212351726946514e+00
1.705987414508696842e+00
1.651661834337998513e+00
1.739784493016024669e+00
1.771495994655830852e+00
1.991980749895825742e+00
1.856603445700903965e+00
1.727072944402264554e+00
1.876993120670150450e+00
1.840008247270037645e+00
