1.507891492923917490e-07
4.112326397128856503e-01
4.284881327189369871e-01
5.755301626880989785e-01
7.902823949585183749e-01
1.053552818514419176e+00
8.799288336904902419e-01
8.176325823263018711e-01
1.003726976347694144e+00
1.213270187418137525e+00
1.180459964698485908e+00
1.109345576599170435e+00
1.072578076840175365e+00
1.200030027150570389e+00
1.490573266066174130e+00
1.460272328344555559e+00
1.585171721625086017e+00
1.655368777525563440e+00
1.556950766655849527e+00
1.389643141561262452e+00
1.220806398909802803e+00
1.177945834636715317e+00
1.134616148954911585e+00
1.026706025657927013e+00
1.001942995417008930e+00
1.064411534410245608e+00
1.101490648078703671e+00
1.022521149209794755e+00
1.423452727348361924e+00
1.298534107975894969e+00
1.288780566153266749e+00
1.262949606276146275e+00
1.123435761096471142e+00
1.133410412990479843e+00
1.007755835828509472e+00
1.195027484879612745e+00
1.131165056390469159e+00
1.331915532231835009e+00
1.369001196529022302e+00
1.344612905418367088e+00
1.293290370098185926e+00
1.200309917851764885e+00
1.108083464786801864e+00
1.319763550655262740e+00
1.314699039562950311e+00
1.326982206285056476e+00
1.376668643978373741e+00
1.516708080670456926e+00
1.585270090082067096e+00
1.644134829225180727e+00
1.561005993250310420e+00
1.726370834581292035e+00
1.817808118582912247e+00
1.701878325983649409e+00
2.036251076351689893e+00
1.873385417668343988e+00
1.977798172626765050e+00
2.002842945020105958e+00
2.043154293454368720e+00
2.049629161310007497e+00
2.122514430133667140e+00
2.182335690190441824e+00
2.093355681753636510e+00
1.984512331304386645e+00
2.098256913852495575e+00
2.200649943939813280e+00
2.062508249304918717e+00
1.987111002578539010e+00
1.939998279027734585e+00
1.934318895510882541e+00
1.891837689652027921e+00
1.958718040615796907e+00
1.760107049500125864e+00
1.922001507052772951e+00
2.075817399408221853e+00
2.189147634519597485e+00
2.136761777629772041e+00
2.402100905975138367e+00
2.346417128701018040e+00
2.250111978331791551e+00
2.448184313715475291e+00
2.422848229435323741e+00
2.466419995318954506e+00
2.513510967896051440e+00
2.608071760270103567e+00
2.387955601881447620e+00
2.563814104605240285e+00
2.846507267007820641e+00
2.705571922397519202e+00
2.723413708849772963e+00
2.768067784695303679e+00
2.800065369469660670e+00
2.749791269512350755e+00
2.661136315646749129e+00
2.562414079165967085e+00
2.534073454877205478e+00
2.557822214169787056e+00
2.498110795341054402e+00
2.444605146425544717e+00
2.640623187022743679e+00
