1.507891492923917490e-07
3.762260050582861837e-01
5.595621161596290305e-01
6.006757389477184184e-01
6.697552290937647257e-01
7.834188307540866925e-01
9.321330954926911883e-01
1.006376168500247026e+00
8.837123863009817004e-01
1.027001636949467667e+00
9.343304520776868349e-01
9.187663994825165936e-01
7.901412182859307576e-01
9.523610758350345984e-01
8.724524742162039770e-01
9.615426282730885621e-01
1.151760183228118795e+00
1.066215889776024106e+00
1.178883665243137369e+00
1.225847654701931688e+00
1.335404707304246985e+00
1.371358717387151316e+00
1.757635479193523809e+00
1.874017720854697089e+00
1.760438775840640124e+00
1.730191004995083048e+00
1.844935160671007379e+00
2.001674883548243855e+00
2.127132259672102066e+00
1.991671492814323319e+00
2.024048546831517470e+00
2.206443017358528103e+00
2.102827943108996678e+00
2.072438966231454405e+00
1.824094787486047142e+00
1.949936570982150563e+00
1.679829104859195787e+00
1.800162587877240483e+00
1.732919961579053592e+00
1.857056799579745565e+00
1.743205972586848951e+00
1.994047926760570411e+00
1.928950682157613894e+00
1.844342046253035994e+00
2.134648319517188142e+00
2.039724590875617860e+00
1.807392701334021412e+00
1.590668242862938841e+00
1.771322338174218469e+00
1.619760016592604046e+00
1.661118208456556555e+00
1.870915810312544947e+00
1.850975618479724805e+00
1.974215809677873690e+00
2.063482821646073440e+00
2.243400700730751929e+00
2.031701414248983539e+00
2.143257427396421111e+00
2.212421528099820733e+00
2.201939516962224452e+00
2.282914632358166163e+00
2.388544971528316463e+00
2.401893160989928777e+00
2.322560997662670434e+00
2.413510969891110136e+00
2.479002096643152964e+00
2.633519985568764987e+00
2.509217971031071137e+00
2.383376312274664510e+00
2.408118225759100728e+00
2.418534246575597457e+00
2.187463825048502564e+00
2.255239310055015878e+00
2.105005681635697901e+00
2.216340778457850380e+00
2.315961456687896103e+00
2.242873694569857967e+00
2.198154344941325000e+00
2.237192703564834684e+00
2.394798440367513326e+00
2.333558628161788384e+00
2.237322363029356165e+00
2.157320446862669883e+00
2.400256397038595058e+00
2.245659513662796591e+00
2.228047441099185288e+00
2.172157692340621615e+00
2.212041091822710914e+00
2.391917697396305886e+00
2.277577389382414719e+00
2.365234108830877258e+00
2.464966638948947519e+00
2.248652247043271935e+00
2.188380913364352587e+00
2.475899017732019036e+00
2.689870581278642980e+00
2.560107596703325772e+00
2.660025453224302616e+00
2.600578687007238265e+00
2.483255228157600136e+00
