0.000000000000000000e+00
4.432460699128096260e-01
6.612559335046583886e-01
6.606487121851738475e-01
7.761310217951995494e-01
8.223803887989773465e-01
7.634521828498191942e-01
8.836105749278158061e-01
9.826596728577727813e-01
1.020008209619727824e+00
1.212552237856318937e+00
1.150781839841684029e+00
1.195008651614540174e+00
1.096567726024503919e+00
1.104183176771678543e+00
1.347328988689744600e+00
1.212394160203051907e+00
1.497380207598234758e+00
1.607789369330169693e+00
1.858934769671290343e+00
1.889343925078086350e+00
1.936919551876960854e+00
1.989055541102158875e+00
2.070676143268128211e+00
2.021102738111550501e+00
2.287887192193140962e+00
2.324967211750050833e+00
1.997929078706234485e+00
1.870054804475820953e+00
1.970842891669719599e+00
1.997655413908544064e+00
2.002696821642084402e+00
1.942500706821614020e+00
1.920654970715543586e+00
2.045069684517855091e+00
2.095763457756742110e+00
1.697601040555239083e+00
1.891393100189100895e+00
1.943614075163835775e+00
1.942960450062142908e+00
2.197800127121196656e+00
2.215103291644768380e+00
2.266444920853374789e+00
2.574387673214650007e+00
2.348014799348938197e+00
2.235759215513033027e+00
2.264630717412320582e+00
2.268886831339042232e+00
2.321802595741495168e+00
2.363101361564341030e+00
2.414741013110478285e+00
2.368486648032509301e+00
2.320077561624756424e+00
2.583138113909465794e+00
2.608966460606794158e+00
2.609943994342860396e+00
2.448469583628518631e+00
2.296950662632808449e+00
2.413481849929564049e+00
2.422074874319639637e+00
2.463816353560555505e+00
2.347489331100499843e+00
2.346150629110791197e+00
2.473552307502740355e+00
2.400833809274880437e+00
2.560543611031811828e+00
2.463629041356413474e+00
2.518239587782337807e+00
2.507467451324882468e+00
2.313875585032079130e+00
2.336218470530103897e+00
2.156058107704906579e+00
2.027993879588428250e+00
1.968118800752779451e+00
2.088159762597099345e+00
1.917973426364345979e+00
1.954941533804372744e+00
2.136224768103546001e+00
2.102316406931346471e+00
2.239798385810587433e+00
2.540171706360037529e+00
2.647832203537846318e+00
2.666320398969983962e+00
2.785988059267236139e+00
2.683901743250380445e+00
2.639754588121450141e+00
2.636278742192958990e+00
2.610039653734962162e+00
2.766505467733656687e+00
2.623383571898852296e+00
2.387976971840333640e+00
2.389042345103490117e+00
2.559675624426918539e+00
2.508015309950280436e+00
2.542894690633513921e+00
2.546987212071658124e+00
2.723426514023242540e+00
2.790227927227365790e+00
2.758293376840914135e+00
2.852765253620947572e+00
