4.264961199760035779e-07
5.113052654301000199e-01
6.731172554550792775e-01
8.768253456543230184e-01
1.189373109009150609e+00
9.088306966937165221e-01
1.010781067377531706e+00
1.043443251299018160e+00
8.425809728599992221e-01
1.027781086284750955e+00
1.008925988269590013e+00
1.361487389816975258e+00
1.450265502460079015e+00
1.437832413962731426e+00
1.422798759711133343e+00
1.449490512363383665e+00
1.470360052796553241e+00
1.199800728445501452e+00
1.386452316816172203e+00
1.373521450775742059e+00
1.281941070965251006e+00
1.236396339966454594e+00
1.328822381708594014e+00
1.288216728204075734e+00
1.404693666835798105e+00
1.422454609714512319e+00
1.486468622731490496e+00
1.519590180848893413e+00
1.441735376726740014e+00
1.524654754671141976e+00
1.500019186960336981e+00
1.588727316703096859e+00
1.702942032914396497e+00
1.794291277599429968e+00
1.718781646173476618e+00
1.772823336906584002e+00
1.714809246180166502e+00
1.895456266934800071e+00
2.035264165797214364e+00
2.018761472487808462e+00
2.144381788492810692e+00
2.015270385976592138e+00
2.215777484506099348e+00
2.086612935760677079e+00
1.893889870064985326e+00
1.906746782823836917e+00
2.041350775770768067e+00
1.932082044766277207e+00
2.040898310737299326e+00
2.126918922514016153e+00
1.966959209057470792e+00
1.878233167739791210e+00
1.878132551619752011e+00
1.889795785794326166e+00
2.046662160594032720e+00
2.121178663728507274e+00
2.316194839403885819e+00
2.076995793896155185e+00
2.157692514194050393e+00
2.299367251523448896e+00
2.342179678239744600e+00
2.306031141582272959e+00
2.242768444737217148e+00
2.271385816466848340e+00
2.276403430980380893e+00
2.225743222671235699e+00
2.449542612101094363e+00
2.579195810675884104e+00
2.740764931490915934e+00
2.760432595476570938e+00
2.976052293712388774e+00
3.161850937217564272e+00
2.975634494807484209e+00
3.066748121095476787e+00
3.352161905759721616e+00
3.513519085443214784e+00
3.127581989992223033e+00
3.455387371823691822e+00
3.394365685818229394e+00
3.197858441866555435e+00
3.194617948375858330e+00
3.079397029401654162e+00
3.113634023774211279e+00
3.288888671050658186e+00
3.310224806098472694e+00
3.306123029082194797e+00
3.311192887142798469e+00
3.117794582606020271e+00
2.943552704109565710e+00
3.112517804959840539e+00
3.237316951301630663e+00
2.974519063975455957e+00
3.012859685016753275e+00
3.185695870977433675e+00
3.128983904474007982e+00
3.394320074701698164e+00
3.225293410332853217e+00
3.233544886510975935e+00
3.059885894808233253e+00
3.035623415318946972e+00
