0.000000000000000000e+00
3.215212463851854774e-01
3.876518652431790724e-01
4.899259272472064053e-01
5.949798320009040964e-01
7.952449995638275482e-01
8.379355984197873752e-01
9.574036372324075117e-01
1.087733440504275562e+00
1.164240929273156588e+00
9.991289865434851425e-01
1.048136018997728680e+00
1.184691145332149587e+00
1.043794194028388356e+00
1.031362858645469505e+00
1.233442707386660064e+00
1.200304846617027632e+00
1.140717602762379768e+00
1.346220730087787976e+00
1.266288273171020773e+00
1.239059183498146366e+00
1.367916191329127784e+00
1.302370007615410108e+00
1.193916898723813347e+00
1.245811114509737472e+00
9.937292201762931709e-01
1.074996842260145469e+00
1.240545383645138555e+00
1.158558475245576425e+00
1.217931716922161955e+00
1.147978830690078000e+00
1.220255591098680092e+00
1.403445413857040247e+00
1.246066806074942246e+00
1.228442201719002647e+00
1.246089380632256827e+00
1.260674191056170068e+00
1.362237769227582218e+00
1.370723054563019350e+00
1.477923292488810381e+00
1.576621926086771319e+00
1.455999535869985761e+00
1.628663704468101603e+00
1.499871740633655026e+00
1.595485361854720674e+00
1.544129954019000772e+00
1.773905248745142327e+00
1.781814902453292326e+00
1.677522116750679970e+00
1.547121203071584850e+00
1.650802411672220416e+00
1.617547759041794375e+00
1.848183381282055171e+00
1.943692990979705382e+00
1.996853596868545688e+00
1.900998642323505683e+00
2.024836377355067274e+00
2.053130695005894069e+00
2.022751647293535626e+00
2.054160455773443417e+00
2.086990494895995862e+00
1.872441302119238093e+00
1.901997762655394997e+00
1.884339888811890962e+00
1.746784350579497991e+00
1.630765258716918131e+00
1.768292680155765018e+00
1.880926075492067584e+00
1.799800304012530328e+00
1.850620021991715491e+00
1.727077295635134346e+00
1.800497249140673439e+00
2.056350663665786449e+00
2.008909133092282140e+00
2.136034315502358449e+00
2.067127909468643221e+00
2.053146401886769112e+00
2.006328318301159097e+00
2.120960327882676300e+00
1.983681671598299667e+00
1.767374853648812083e+00
1.818554928861556341e+00
1.943544626617782267e+00
1.907034651502145906e+00
1.831062614883085748e+00
1.992261269473729612e+00
1.788397744086875685e+00
1.864845720008825758e+00
1.888996235766587928e+00
1.874824859176058123e+00
2.186175810022207511e+00
2.237142920404499691e+00
2.262885939273578728e+00
2.379499309064232904e+00
2.330809563647563198e+00
2.383741614691679001e+00
2.331090936804799174e+00
2.312877093537784035e+00
2.433767484076589938e+00
2.366176645360346331e+00
