0.000000000000000000e+00
3.992361809187493504e-01
5.119838665399192301e-01
5.964571914441501033e-01
7.538326575349825198e-01
6.988681004435188804e-01
6.039276477042153646e-01
5.976888123609266357e-01
6.915782182361565056e-01
7.070510423606878314e-01
8.190947536718663491e-01
1.018307884553777631e+00
8.112755629662096180e-01
9.245245318098994636e-01
1.040331079563121097e+00
9.850841132813960010e-01
9.796622162904630171e-01
9.961473141866699077e-01
9.111782462507364011e-01
1.075202152691403290e+00
1.009650034125515239e+00
1.058005134642131084e+00
1.112201820254273832e+00
1.053374010412319928e+00
1.044659200762068085e+00
8.714895852117388042e-01
1.077368158798990061e+00
1.144971174416577142e+00
1.038978232761233356e+00
1.076791497341073711e+00
1.168068360744099365e+00
1.067156153397238016e+00
1.144466420532260109e+00
1.035826811824982707e+00
9.950533636374070401e-01
1.055315312133185301e+00
1.023971988360789176e+00
1.032948330938290082e+00
1.075844230278235170e+00
1.049799234760246724e+00
1.007492217489676323e+00
9.993514127733472696e-01
1.065364043088030899e+00
1.277407311646326260e+00
1.086399271366957464e+00
1.075735588617227734e+00
1.206877820401682122e+00
1.195255143918854568e+00
1.083569507780575147e+00
1.535990999968364079e+00
1.357436265918849250e+00
1.282367040221692234e+00
1.333933837493750829e+00
1.308648908750680295e+00
1.443924478184240856e+00
1.501270415601646535e+00
1.614648813781648817e+00
1.467392867113433530e+00
1.535373044498111961e+00
1.617945236154341604e+00
1.638922972153244340e+00
1.786392740793784739e+00
1.723646817051585511e+00
1.869050110622110239e+00
1.777376493369883459e+00
1.581549612400908300e+00
1.772513598500644605e+00
1.710021001703262433e+00
1.784746290704246618e+00
1.951108994546123299e+00
2.125727382363285400e+00
2.218632885730730475e+00
2.245789471191660613e+00
2.195292213795475345e+00
2.139310453854475824e+00
2.205429915859261847e+00
2.289257313459196475e+00
2.130305664366851648e+00
2.120376464569339259e+00
2.236207405970874973e+00
2.325686784336822299e+00
2.320319818778757259e+00
2.618098408682448142e+00
2.466660573558079772e+00
2.286510953303838356e+00
2.572432767612700122e+00
2.396882023174412790e+00
2.509908022165026509e+00
2.644421137840132108e+00
2.499511253497735286e+00
2.472202413302808210e+00
2.407998624817781597e+00
2.411251155706502391e+00
2.511775829073815025e+00
2.530265371191673385e+00
2.344503264258578579e+00
2.430440160917212378e+00
2.554957728551310758e+00
2.553030143898648241e+00
2.500239283845544946e+00
