2.132480599880017890e-07
3.764454706807374706e-01
4.857567766751673122e-01
5.171597315977697340e-01
6.273948089550279716e-01
6.207017636147399431e-01
6.316692930636397252e-01
7.591233127723748808e-01
8.047120549109150200e-01
8.847401800532019855e-01
1.067783811645546255e+00
9.909289551827967779e-01
8.622349353596041599e-01
1.138705385819796190e+00
1.205009721919628074e+00
1.110243704833628664e+00
1.287797186028708962e+00
1.201173485220462744e+00
1.271407143605468137e+00
1.007402919267911479e+00
9.618554309548875692e-01
1.191603569680755426e+00
1.270964202079517769e+00
1.228440963806347597e+00
1.059699693564559286e+00
1.146616520588381816e+00
1.183005722201531329e+00
1.156306600982989874e+00
1.044537436463180535e+00
1.099802045914903381e+00
1.095206612055777962e+00
1.048340863968379555e+00
1.132009583470772185e+00
1.129301431402229161e+00
1.190361970752717546e+00
1.201407436620161917e+00
1.270089482453578000e+00
1.305851236977818575e+00
1.467331233317159755e+00
1.472642206926352282e+00
1.376801798029831270e+00
1.400996002298581233e+00
1.434835069716923872e+00
1.308346352455457051e+00
1.172263722920542373e+00
1.094068655338162444e+00
1.121574766428256931e+00
1.199846788535239961e+00
8.522043925134745734e-01
1.022285274585422732e+00
1.060138203771604282e+00
1.147152492372844890e+00
1.253306099887899983e+00
1.221126221863170214e+00
1.037151214435505731e+00
1.209789808929249366e+00
1.001268271913031027e+00
1.300431138174839019e+00
1.297824125368563175e+00
1.141689572180814016e+00
1.257371316294208174e+00
1.149722824754759731e+00
1.244852454595839486e+00
1.146124605014321451e+00
1.077662162661463974e+00
1.182819318881624504e+00
1.161826142977287590e+00
1.140726131722449521e+00
1.157579728378820505e+00
1.233749193337007943e+00
1.045720134163868220e+00
1.167093001793224394e+00
1.195005791021535035e+00
1.294719936572119146e+00
1.382591541618353181e+00
1.381455111478803843e+00
1.458688239545670173e+00
1.570750082020325955e+00
1.507725665911528123e+00
1.840446664063035920e+00
1.659013351262065727e+00
1.872053941398437837e+00
2.020204465888885803e+00
2.088167633985591909e+00
2.047383954812763029e+00
2.371988557743063275e+00
2.230098320097640308e+00
2.106916430924656414e+00
2.051954530637697172e+00
2.135294134063179250e+00
2.191004951478160212e+00
2.144887754741927388e+00
1.911691304146912351e+00
1.944528783873303412e+00
2.132361481886124732e+00
2.103728676205219639e+00
2.079509473682381149e+00
1.936734741972775176e+00
2.057706943471321992e+00
2.152507298104129774e+00
