3.015782985847834980e-07
4.796357546540935268e-01
6.467010791501600631e-01
7.047082524372760837e-01
8.527364521403749675e-01
7.246695951468331565e-01
6.457744375809203463e-01
7.291365890464284183e-01
7.659163413093831307e-01
7.925113570921421546e-01
9.337774983769928649e-01
9.293938073854047799e-01
8.500478486026064040e-01
8.603634058244548077e-01
7.116479210073242134e-01
8.660689196402597823e-01
8.636381665658394713e-01
1.014832265225533270e+00
1.057163535632572593e+00
1.113535891385005083e+00
1.110124704451956656e+00
1.139647788179601218e+00
1.185153002577319370e+00
1.151815561689541800e+00
1.206827988170128707e+00
1.216228629671825878e+00
1.273551087624616107e+00
1.279596568241194943e+00
1.231218935762095956e+00
1.196373785992686400e+00
9.905082834345509957e-01
9.510424303628963738e-01
1.114948670395518926e+00
1.152206622006552328e+00
1.220377310654775060e+00
1.205698020126866776e+00
1.392046665282803630e+00
1.296416415859191096e+00
1.278751187420383406e+00
1.332664304882535289e+00
1.527890467147668740e+00
1.427740601098945294e+00
1.282119578470423127e+00
1.147005050491854306e+00
1.163089086347115053e+00
1.211617923697980714e+00
1.352664903898071369e+00
1.342744676938743442e+00
1.514522059803125043e+00
1.569794322565396749e+00
1.640990989404027323e+00
1.658499997128076942e+00
1.576843493237212179e+00
1.515649959183709594e+00
1.772214112445463119e+00
1.647769869200249815e+00
1.711778927621150137e+00
1.779080198561640458e+00
1.697616592007475500e+00
1.497328854208671567e+00
1.573955380247680003e+00
1.495415824214238132e+00
1.445113357189401704e+00
1.509365364807258914e+00
1.482733822761391762e+00
1.811650319921173757e+00
1.889949547540069830e+00
1.872108018329004642e+00
2.001513323633431263e+00
2.184434793782269235e+00
1.970313660842763381e+00
2.080447627662005416e+00
2.054588155644447856e+00
1.901114725711879005e+00
1.805434110777323076e+00
1.825013528391122186e+00
1.698508620360018373e+00
1.604638629344688816e+00
1.524246255241366477e+00
1.447651817328250212e+00
1.374843328848833757e+00
1.777383762336863349e+00
1.541688654713549766e+00
1.594249192100172907e+00
1.581231467046284367e+00
1.719770931007652992e+00
1.795595479642777548e+00
1.756595114118408851e+00
1.860611893655306215e+00
1.596887122714084395e+00
1.597187469248337655e+00
1.582075698099544070e+00
1.640145741101184607e+00
1.566392618331774234e+00
1.390029437216898645e+00
1.490245898715082840e+00
1.599683947034952425e+00
1.635556616307801692e+00
1.656049813006628346e+00
1.706375784146935137e+00
