1.507891492923917490e-07
3.714346270269140993e-01
3.764031109226452232e-01
4.762102090311970959e-01
5.557262522504341495e-01
7.352185941824792570e-01
8.041611450145338402e-01
1.024987989247063913e+00
1.002317879575792325e+00
9.923622771351505722e-01
9.231969983597581031e-01
1.024264819635495538e+00
8.983600145139961635e-01
8.043120220649984109e-01
6.861481751466859125e-01
7.329192895591356560e-01
6.891464988800684033e-01
9.326873328380826944e-01
1.042043818872028016e+00
7.888582530744019383e-01
9.725537186651991295e-01
1.094104869546122405e+00
1.002480054803008391e+00
8.119209360027718203e-01
8.935714060187862628e-01
7.712632285087301920e-01
8.987153513236498803e-01
8.467191457245497599e-01
8.689978376025778717e-01
9.354967030066141387e-01
9.148075593149783691e-01
8.275835615487973085e-01
9.466662320840796285e-01
9.262979115331544389e-01
9.030848728989150365e-01
9.247236979872301976e-01
9.004684288190204500e-01
8.457142917166831086e-01
8.844180905792210501e-01
1.048673205566467592e+00
9.135418159652389791e-01
7.357470913559462922e-01
6.419738363588711749e-01
7.820743493818332892e-01
8.414608506106397989e-01
8.858864602472262817e-01
1.076462073243378059e+00
9.191516069673014711e-01
1.112422430600209733e+00
1.153315771877500673e+00
1.190947013126012477e+00
1.185566398669237520e+00
1.084237680301020967e+00
1.010903996945934802e+00
1.072895174238738036e+00
1.006195106999914213e+00
1.092351381503562369e+00
1.211237299831986469e+00
1.149605134608438828e+00
1.176292492333283812e+00
1.147456116563975836e+00
1.239341239777159265e+00
1.185754130584023347e+00
1.249387899670084678e+00
1.242273052324882388e+00
1.404248172526957772e+00
1.510214145993251211e+00
1.373403156800082625e+00
1.348075840032646244e+00
1.315370666985198778e+00
1.488163302623190187e+00
1.591538134317638020e+00
1.707887293758249436e+00
1.626157621421552957e+00
1.633757939949795235e+00
1.672330522394233965e+00
1.687729941199661132e+00
1.669906905352621429e+00
1.719939353852079966e+00
1.707258505217490674e+00
1.780111275042512320e+00
1.793898858725028411e+00
1.765877644298621707e+00
1.988541343706620168e+00
1.841648645909986781e+00
1.816855933780229693e+00
1.785167007782832105e+00
1.762197464400141467e+00
1.923068035776625218e+00
1.945039902807844889e+00
1.953306877347203763e+00
2.104238413774536465e+00
2.055643944078508145e+00
1.930863041027047089e+00
2.052438213018639601e+00
1.940485679099655636e+00
1.865644001066752988e+00
1.745132649840803074e+00
1.904246493269424079e+00
1.711625894693772576e+00
