2.132480599880017890e-07
4.416588668298380149e-01
5.536701098466768611e-01
5.864207071292034668e-01
4.749979503573270589e-01
4.874405278381047646e-01
5.800618842638597394e-01
4.122019327748533413e-01
4.188682037857215379e-01
7.097600276591534696e-01
6.112686389014099220e-01
6.967971672033784758e-01
6.195413225407652158e-01
6.684528752001416274e-01
6.057030239107080716e-01
6.706721990924210397e-01
7.599220377160783579e-01
5.551304706096430452e-01
6.223083016697329439e-01
7.286112827860071750e-01
6.947984703882070789e-01
6.608119169830580786e-01
6.237772888417153494e-01
9.933746282784678971e-01
9.789757243342829263e-01
1.203863123128365853e+00
1.130361420466353684e+00
1.277032067793876013e+00
1.386038562775461891e+00
1.315064391244305186e+00
1.424461888025556400e+00
1.447661350931842783e+00
1.269812412392540280e+00
1.366682296089223314e+00
1.321545037841719061e+00
1.365795682541845579e+00
1.459820750722808702e+00
1.561930262670812697e+00
1.429911663668409050e+00
1.590787744467917264e+00
1.476444790205689639e+00
1.550060142103179883e+00
1.468744818265182328e+00
1.603145460904633612e+00
1.486996908001660067e+00
1.792227360742430831e+00
1.765693602793173111e+00
1.822765102538475901e+00
1.824791987224951617e+00
1.759437678464913057e+00
1.761536885475486924e+00
1.778652722574415090e+00
1.842021398354372952e+00
1.765141936477778950e+00
1.743045007718058370e+00
1.673715277063774209e+00
1.790883605413718938e+00
1.654700849721068234e+00
1.688573301579374464e+00
1.781680140333330220e+00
1.850401895565216615e+00
1.760599848282593971e+00
1.849922005226984911e+00
2.038265941199519649e+00
1.919267223931719002e+00
1.943188302734663253e+00
1.874329261132157587e+00
1.891826391156300247e+00
1.623448636094323883e+00
1.755612300291493844e+00
1.952190966519344872e+00
1.969505753220013977e+00
2.099629924610163290e+00
2.407797756197495698e+00
2.116610865708378419e+00
2.315921432611494968e+00
2.450054763436753102e+00
2.446517559241867090e+00
2.288418626216854435e+00
2.139620322972568101e+00
2.240857789636664155e+00
2.479889866864807946e+00
2.508498273710855209e+00
2.436601315485893426e+00
2.616329917511072800e+00
2.232129311909551994e+00
2.339982953603588989e+00
2.236062863873563344e+00
2.336342633871336449e+00
2.488843683516933858e+00
2.494378008276930903e+00
2.373817803786467895e+00
2.245442956559907444e+00
2.354449397420961709e+00
2.426470914211667385e+00
2.482776128089136058e+00
2.558201480382095383e+00
2.466565298590766897e+00
2.425246146949918025e+00
2.609710017428928275e+00
