3.015782985847834980e-07
3.930318130496958107e-01
6.196474357301836600e-01
6.863836494152316670e-01
5.680464022596908302e-01
7.055760144091360875e-01
7.944547550065514940e-01
7.822455713515278353e-01
7.562611493460082990e-01
7.663053818545447760e-01
7.715304478578891567e-01
9.000431942299178534e-01
7.590772007734150062e-01
8.241639288649228456e-01
9.380197915060946023e-01
9.729537374697174723e-01
1.059414521883750515e+00
1.257419851617835871e+00
1.439263512068607698e+00
1.268635375856254743e+00
1.267637325511296265e+00
1.127105735847220513e+00
1.256972427050646379e+00
1.372458364146404541e+00
1.350519613351995662e+00
1.309514247005483689e+00
1.170113507479743520e+00
1.335641486212368889e+00
1.289606927606948616e+00
1.276359804522490204e+00
1.262403011437689404e+00
1.200448521940761681e+00
1.311704015902199094e+00
1.642784390440372055e+00
1.556089619208853359e+00
1.448577108621974752e+00
1.229735668348971744e+00
1.449635867404671208e+00
1.644624370672942204e+00
1.613672102848001000e+00
1.825744953563371409e+00
1.551032601452184689e+00
1.645961840411464427e+00
1.835243722252619225e+00
1.855386208783092572e+00
1.800026444208610243e+00
1.763099888929297920e+00
1.782811894203434111e+00
1.774947014181938121e+00
1.752362003022803094e+00
1.948608262568529259e+00
1.847708622290248570e+00
1.902171055320224236e+00
1.822745879033996097e+00
1.821577419898872119e+00
1.774950854977935144e+00
1.923610809221497631e+00
1.839564171194706832e+00
1.871573650564029023e+00
1.843260897686559208e+00
1.751182071347819669e+00
1.553508240837830012e+00
1.492520738481708076e+00
1.548927943999344636e+00
1.608481989364377140e+00
1.590781624211567546e+00
1.723010939729872071e+00
1.558061414160171854e+00
1.538036337980920099e+00
1.289219946149665175e+00
1.271250859871586814e+00
1.489068340220492725e+00
1.284968595939710578e+00
1.324578244784429204e+00
1.217912329562535589e+00
1.221162443310932044e+00
1.146328194295630931e+00
8.561214250951935112e-01
1.030202798858098401e+00
1.040058661045980770e+00
1.057272831138341918e+00
1.118229762379696846e+00
1.166744939600884656e+00
1.113253726179941561e+00
1.022872314387212045e+00
1.047655532351126517e+00
1.291922383858935097e+00
1.163693781451911713e+00
1.408274463831132417e+00
1.446869977039235033e+00
1.612205469415853409e+00
1.739701564074876083e+00
1.540899338243988836e+00
1.413873639871971122e+00
1.198838190789990987e+00
1.489513101063318468e+00
1.487613298736327971e+00
1.657509217225386910e+00
1.798013903560290672e+00
1.909083574524972793e+00
