1.507891492923917490e-07
5.547354271211660803e-01
5.822447908575617559e-01
6.464046314331386434e-01
8.012450849646378659e-01
8.636134576645286831e-01
9.097777807195271960e-01
9.597686752907164109e-01
1.144857791237962497e+00
1.078952056931481218e+00
9.984671089032208791e-01
1.118825719534888963e+00
1.188943716976770038e+00
1.271286923393010415e+00
1.345962764575987958e+00
9.583244704189310958e-01
1.108125197820647445e+00
1.391923989521092420e+00
1.411579562161752843e+00
1.372011460836650709e+00
1.384418705300616059e+00
1.445742116140886768e+00
1.444714358287493061e+00
1.425475129086368087e+00
1.406785679028209834e+00
1.389160171648502029e+00
1.409053667982195002e+00
1.650978289976220870e+00
1.767846109946354494e+00
1.641834268933244800e+00
1.708317838982141401e+00
1.626953915997477740e+00
1.691246469962307764e+00
1.702380885604924510e+00
1.842410759002255149e+00
1.840231107944552358e+00
1.766646619240603844e+00
1.738384277513649323e+00
2.135514856119574478e+00
2.118651067896231588e+00
2.003868871332102675e+00
1.973220763771322162e+00
2.111201348937116862e+00
2.040190204274829888e+00
2.080552891187721798e+00
2.000180850338999505e+00
2.080018732753271760e+00
2.041791407803621006e+00
2.024034090624644122e+00
1.905215454123571739e+00
2.035097395349754201e+00
2.147073481403383166e+00
2.185594757585910042e+00
1.840221870425489348e+00
2.063160295831327762e+00
2.129161425790857987e+00
2.007128527401764728e+00
1.734791606850546675e+00
1.771427458288573176e+00
1.923503946270549214e+00
1.697969905026324611e+00
1.651347586856299676e+00
1.705999673175047970e+00
1.739027753652165220e+00
1.584296919858285468e+00
1.675570149823742749e+00
1.624844283390404431e+00
1.599457819044599161e+00
1.589719636311301976e+00
1.516780275549365564e+00
1.506346708289849401e+00
1.520828088938072087e+00
1.273354222105091971e+00
1.320853942136833492e+00
1.227784212557678334e+00
1.268249966700174758e+00
1.229560888033643939e+00
1.326385122341296796e+00
1.352254966996472740e+00
1.599582644494275785e+00
1.377283036293599716e+00
1.354786908517760180e+00
1.182419005008322754e+00
1.294544433849150078e+00
9.135693474171526773e-01
1.080016572914070716e+00
1.123855355163935643e+00
1.291750112357703095e+00
1.331932332595715529e+00
1.439141848486397368e+00
1.506331739853406182e+00
1.297285889544876003e+00
1.133872918723004108e+00
1.196337144149410170e+00
8.769618648803318983e-01
9.583033457736254146e-01
9.304743835146928044e-01
8.936892981689922300e-01
7.797982378056237396e-01
8.083031052368171432e-01
