0.000000000000000000e+00
3.735140612784380032e-01
4.336684613566335056e-01
5.821643629924911911e-01
6.187395552850449842e-01
6.249991198130360193e-01
7.477309172401095383e-01
6.578157766520802419e-01
9.203706949201955201e-01
7.779277016470786954e-01
7.612997966810440831e-01
9.618369327853897310e-01
1.053704521468053379e+00
1.171465481366473327e+00
1.229947470046653057e+00
1.225962929714113470e+00
1.198419206362780765e+00
1.509902754746727416e+00
1.131521863332638267e+00
1.092943041012552241e+00
1.297438175972770447e+00
1.275106831549114750e+00
1.106481052782301466e+00
1.133181483347277752e+00
1.080164314704738393e+00
1.113751336878317177e+00
1.119566529723243331e+00
1.155540006751689219e+00
1.060569246856147840e+00
1.238057818006311095e+00
1.232474237534471717e+00
1.518655907092468338e+00
1.256036832414341609e+00
1.389532607025919742e+00
1.389272633265890899e+00
1.489824882908575399e+00
1.524687413658146085e+00
1.550968393577637494e+00
1.245309265296540957e+00
1.042391660545590515e+00
1.265504468289797124e+00
1.350812431536574376e+00
1.372247140309421631e+00
1.371743911271564142e+00
1.388112518405804519e+00
1.217752939849823912e+00
1.318983569009143819e+00
1.221747587255899381e+00
9.473520501989387554e-01
9.640384419098615432e-01
1.005425565527807708e+00
1.045946221826719480e+00
1.037842161687768661e+00
1.129685821185516970e+00
7.907832120878310889e-01
8.822295645768926109e-01
1.065861777802305177e+00
1.008992179033016301e+00
9.941685296765681024e-01
1.424590965037276780e+00
1.688111001658504362e+00
1.529437107895415426e+00
1.423360098627357351e+00
1.575485572019263536e+00
1.561694896474219441e+00
1.818922721239175422e+00
1.826891341354533127e+00
1.693745287384194276e+00
1.814621814689652890e+00
1.845440200525965135e+00
1.837476424369185901e+00
1.883500574117642268e+00
1.641009730121778976e+00
1.780665176864726806e+00
1.601815951438273489e+00
1.797303809161499011e+00
1.794282100646847011e+00
1.855913206408076110e+00
1.689148460777111227e+00
1.683447220717322779e+00
2.032632710496448336e+00
1.892102082661263784e+00
1.828017076720751311e+00
2.016906615182920248e+00
2.206214205755580249e+00
2.192159598695188727e+00
2.238075151716275357e+00
2.007841416488076014e+00
2.204670743672077826e+00
2.099392316722253682e+00
2.187416041970936309e+00
2.297973058543918867e+00
2.140650631562911244e+00
2.160436200852560606e+00
2.323778830594739997e+00
2.322561375581709608e+00
2.351480411774912405e+00
2.440228833330808200e+00
2.474059657995923533e+00
2.588278388480174996e+00
