3.693564745147149106e-07
4.719519368182809593e-01
5.076867992251944406e-01
6.318537556690948520e-01
7.398482602500313643e-01
7.041658840727201829e-01
7.147606746960695201e-01
8.086540539774832448e-01
1.105718034332415112e+00
1.219200832431406312e+00
1.299751199114571376e+00
1.260341179899872266e+00
1.314874771560143651e+00
1.140158043736209770e+00
1.155549510938399749e+00
1.283589921477891860e+00
1.478998255600997291e+00
1.399609458008024054e+00
1.377189010906260114e+00
1.358042604638862949e+00
1.285651255502178847e+00
1.495453792587950748e+00
1.534822031872266290e+00
1.574308110642861358e+00
1.555338867572560568e+00
1.483908924788050809e+00
1.506856360140124806e+00
1.426517046339967232e+00
1.388197931485432246e+00
1.363850697704738879e+00
1.395997670289700121e+00
1.440129317217419658e+00
1.418200777270264279e+00
1.479717797829454451e+00
1.476702117598036157e+00
1.469143564482322750e+00
1.489859689371758167e+00
1.484546202847929486e+00
1.442665127993725482e+00
1.475417961713048065e+00
1.503400711983810645e+00
1.397752102132332475e+00
1.433341349193398173e+00
1.507216747514039890e+00
1.516346091505830884e+00
1.609368752412102310e+00
1.458667097570498061e+00
1.678482270203178750e+00
1.523984271973903626e+00
1.684851341274089531e+00
1.878261458550588348e+00
1.789477073687500530e+00
1.975558548925407054e+00
1.844778282162245375e+00
1.941842068452157344e+00
1.912100081024229237e+00
1.837361037324311663e+00
2.068476051963412221e+00
2.117692080413197342e+00
2.032426513744676200e+00
1.839855849651049757e+00
1.864673894519825348e+00
1.944161714907770566e+00
2.202265620409723290e+00
2.169932137483343126e+00
2.116165960151491721e+00
1.877617897773991906e+00
2.001486748212422562e+00
2.005498908972622729e+00
2.046558043410527716e+00
2.051156023929427086e+00
2.138669129140628122e+00
2.087775580163864220e+00
2.069072280972180433e+00
2.169655499005080035e+00
2.129414570196996426e+00
2.340796656068178105e+00
2.473512444271417365e+00
2.204584765939943125e+00
2.299790549662075190e+00
2.397212324573625875e+00
2.486641115696774040e+00
2.621297853029425085e+00
2.569448601291870027e+00
2.458189625469511252e+00
2.506832637429208699e+00
2.275285449145119099e+00
2.243050620290809150e+00
2.607660604347773248e+00
2.417343634052498302e+00
2.285550438817586461e+00
2.319482014972751749e+00
2.218409569219689903e+00
2.094227089444526957e+00
2.408952556725492133e+00
2.344523379263568685e+00
2.426757483870186860e+00
2.155880123145900829e+00
2.096456493262573773e+00
2.316165512768020296e+00
