1.507891492923917490e-07
3.698523123504211529e-01
4.063965536609121521e-01
4.927425656234710738e-01
6.855495013104178081e-01
6.388861807616454946e-01
9.160144221170096746e-01
9.425918176736937104e-01
9.601544593822534113e-01
9.574771233807413129e-01
1.061420836200800855e+00
9.126615868228153960e-01
8.728819616458757258e-01
8.430629710527320908e-01
7.325936971249314977e-01
9.304540844848506742e-01
6.294812511938926436e-01
7.852489574712759879e-01
9.066126818295713319e-01
1.016626321970881985e+00
1.133895016415376489e+00
1.222338381135918084e+00
1.203444188680876437e+00
1.254601684720803245e+00
1.139485948122260339e+00
1.191870306690077541e+00
1.127952375157616816e+00
1.086761760221081508e+00
1.157136304862784737e+00
1.064911779827515170e+00
1.029228933525969891e+00
1.302484332639733955e+00
1.337794455919188774e+00
1.687536001602780500e+00
1.871682920255312021e+00
2.099885995503412595e+00
2.076232528117992082e+00
2.112967946240117634e+00
2.195921983391350807e+00
2.041911715234108193e+00
1.939833969462783303e+00
1.879079695829722230e+00
1.800318988196268011e+00
1.750257254188157585e+00
1.556021379012864303e+00
1.698350557983061559e+00
1.805860797661242856e+00
1.774463065125298833e+00
1.705453143854161802e+00
1.665552545506224114e+00
1.802636095081369794e+00
1.897709232002771307e+00
2.016007305486122281e+00
1.886467896415869872e+00
2.068109101453976528e+00
1.953233229414264027e+00
1.800557609886772603e+00
1.961119367880563402e+00
1.777101575846980808e+00
1.871197092756115676e+00
1.977576772704014330e+00
1.969399487599477805e+00
1.863703018318975335e+00
1.801763152781427957e+00
1.759467350961517074e+00
1.746505511382856257e+00
1.629375987433628659e+00
1.593416051581670212e+00
1.909964884772324289e+00
1.870694888711563975e+00
1.789982922708213575e+00
1.616139064465796249e+00
1.520807415907043714e+00
1.668960870540256325e+00
1.562988959976294945e+00
1.513168386754729644e+00
1.601946503411485256e+00
1.484821926528505198e+00
1.538055553945173015e+00
1.705453291989468267e+00
2.026174926265172260e+00
1.991198350156677455e+00
2.117261028540410095e+00
2.000931435237432776e+00
2.115046619386264481e+00
2.084384618264448985e+00
2.121863302739081192e+00
2.231431450600001476e+00
2.379231484899968496e+00
2.396471372660892385e+00
2.375047257006428492e+00
2.552496125574548191e+00
2.732113927922197760e+00
2.677290359897331662e+00
2.574701022696055830e+00
2.534817473897336804e+00
2.511330295704854887e+00
2.632971001095929076e+00
2.842199009678372246e+00
2.781737933140415731e+00
