1.507891492923917490e-07
4.416227298875944340e-01
4.603641386416176817e-01
5.346827673291882910e-01
5.276620791301956936e-01
6.236464183553593887e-01
6.945422911895124951e-01
7.099444936429566422e-01
7.132744057402582438e-01
6.801235900894959663e-01
7.444615974459620755e-01
8.600210181920355801e-01
8.460787721261500138e-01
7.488323227384019454e-01
7.486253269806417698e-01
9.622100248991164451e-01
7.796778127997492369e-01
8.828149086757349773e-01
8.855577375966594555e-01
9.096266316370452687e-01
1.089987460009900433e+00
7.666756068417918124e-01
7.102541286397151543e-01
8.007536588224885010e-01
9.164586121113147410e-01
8.988238979146584429e-01
7.888388973819967509e-01
8.265048895367579362e-01
6.847970798874669640e-01
9.376663469395154493e-01
9.090350520915240207e-01
8.826191763402653212e-01
1.009825749534812189e+00
9.961219615560726881e-01
9.399809176126833199e-01
8.668080485337716912e-01
8.784575492034095712e-01
8.302965690180966751e-01
8.592295973926905583e-01
8.771286374872578895e-01
8.042959866431727001e-01
8.566772060710097225e-01
7.516574219620999475e-01
9.304754742981583560e-01
1.010640057677710590e+00
9.473656416282585369e-01
9.866479362756014337e-01
1.053849348286654664e+00
1.076681323648725597e+00
1.135192898751120838e+00
1.110096325187644561e+00
1.265087026680540072e+00
1.244899638450893020e+00
1.268061727991178778e+00
1.173411916953490675e+00
1.070528570135302227e+00
9.899851012200423517e-01
1.042634331632776856e+00
1.137197246903568715e+00
1.129810767656281634e+00
1.268391119905590836e+00
1.073238133049415177e+00
1.127981198229869308e+00
1.145310194145268357e+00
1.160631448535954346e+00
1.260385882954475401e+00
1.131743721179394369e+00
9.728792984630454388e-01
1.082800969557265569e+00
1.042175897061638823e+00
1.123899117601556030e+00
9.761665395366199149e-01
1.076713877889375670e+00
1.145677717836963261e+00
1.013323274073124391e+00
1.213843437478056009e+00
1.135206618257216471e+00
1.151492178383924925e+00
1.284153597458218998e+00
1.309630154342651176e+00
1.456629528290906750e+00
1.315995480125890627e+00
1.531017303366952520e+00
1.534175260469538893e+00
1.496259307779714165e+00
1.558721589417862097e+00
1.508285194255209793e+00
1.588879548520157226e+00
1.448847376253254104e+00
1.499876022476219761e+00
1.372802264943846273e+00
1.299240278132146154e+00
1.391263393898697576e+00
1.437276661105865383e+00
1.394764487014116261e+00
1.386919112591953773e+00
1.332971892701666494e+00
1.356414135501798679e+00
1.425532134673212825e+00
1.373260037695119173e+00
