0.000000000000000000e+00
3.965286140036745066e-01
4.258620829569519373e-01
6.421731845771537772e-01
6.609553623732072891e-01
7.044517485540254809e-01
1.028607142177681455e+00
9.031296883947048659e-01
1.055406932376740770e+00
9.824732348404898730e-01
9.951236262517625386e-01
1.082765234017798006e+00
1.039598739672257910e+00
1.305216431075286732e+00
1.128618688986277263e+00
1.153024181670783799e+00
9.736629605072476545e-01
8.936706357729267136e-01
9.591497766474891273e-01
9.798998281680935118e-01
8.637757285278661046e-01
7.397051495550464040e-01
8.377918637395090906e-01
8.246617857558300457e-01
9.244957494046126545e-01
8.393574766167914980e-01
8.838200961551828660e-01
9.139257305482638705e-01
9.230973846447644293e-01
9.592338702042434440e-01
8.420200500406302968e-01
9.295837912906410594e-01
1.038838517081868806e+00
9.689256587615295846e-01
1.065716181184616973e+00
1.210995878642065149e+00
1.073878356751146068e+00
1.293862360784862942e+00
1.296305195973662006e+00
1.246488354129390741e+00
1.218525186825344386e+00
1.296155571477845658e+00
1.414954363219815603e+00
1.398827996719555156e+00
1.413671589852225630e+00
1.544757454581063172e+00
1.466083019713373625e+00
1.443026789307038538e+00
1.154177787366597929e+00
1.329399555303504732e+00
1.292366655051111257e+00
1.314515577056678541e+00
1.288214698317853957e+00
1.358347207080080166e+00
1.368729798756177285e+00
1.407928784246820220e+00
1.460816586847597076e+00
1.649813371010368845e+00
1.490991455281889699e+00
1.242906358245205345e+00
1.384647865288245461e+00
1.474091569667978163e+00
1.548999970839307627e+00
1.616550140810798952e+00
1.575708802755305671e+00
1.559680652426532532e+00
1.585712001373927649e+00
1.652576847364742196e+00
1.348928235135207210e+00
1.378044733402818967e+00
1.456493743920060258e+00
1.261824371809067369e+00
1.166987523088967471e+00
1.419660940262216231e+00
1.244697526121829823e+00
1.313174910944965079e+00
1.083807476218196397e+00
9.150065773023456916e-01
1.039537881848218603e+00
1.030005599116005977e+00
9.861093626426339354e-01
1.051833454449691008e+00
1.243090001757135132e+00
1.329013909047410458e+00
1.295119242672663873e+00
1.309424676737476645e+00
1.427741068392256674e+00
1.494003435556003456e+00
1.717372274356881112e+00
1.671358515210263240e+00
1.604240321961252436e+00
1.566642506541669810e+00
1.642189384517822814e+00
1.606623562240950376e+00
1.509135803233529805e+00
1.499453103664483145e+00
1.550331138901428707e+00
1.443097857882758461e+00
1.470840016474444623e+00
1.713354277579113516e+00
