2.611744678045111057e-07
6.593686006413335132e-01
6.522330586704425670e-01
6.258028070860682801e-01
6.072842744433740725e-01
7.066244532227230479e-01
7.499243736739226174e-01
8.139054282637974147e-01
9.482177761451143772e-01
8.846298423382322751e-01
1.009559262511716016e+00
1.130591127292737141e+00
1.088903486996412928e+00
1.105977970267272736e+00
1.250435795295982144e+00
1.411845983264936599e+00
1.339432437142924259e+00
1.371818128237514589e+00
1.474554784553841591e+00
1.450619804036032301e+00
1.630689118788462233e+00
1.501575287140774151e+00
1.472732366957156147e+00
1.521870733271063258e+00
1.510641512177757662e+00
1.461730037626663092e+00
1.467090455238668989e+00
1.432732292456988965e+00
1.632654370975022529e+00
1.689030879776265648e+00
1.710156598421698648e+00
1.711435104893524128e+00
1.664784713743904687e+00
1.629498361129864570e+00
1.707942990355254764e+00
1.626303957482407192e+00
1.817790793376542258e+00
1.914590744957984203e+00
1.910264391203236656e+00
1.800793326861176435e+00
1.832262010006132869e+00
1.755370093482016669e+00
1.923468076092643253e+00
1.927208686757405864e+00
1.943582358813642941e+00
1.966670797993116837e+00
2.091404593380143062e+00
1.992077166416890144e+00
2.200500608492829802e+00
2.181531825979468042e+00
2.365797835906115143e+00
2.283070531284875138e+00
2.131819459138371453e+00
1.905824736268969755e+00
2.066410664783879803e+00
1.883714116079353351e+00
1.951050516536819712e+00
1.930804859433500553e+00
2.126703997150364511e+00
2.116915805700555264e+00
1.885559942661050536e+00
2.060815219100090356e+00
2.141243504351423521e+00
2.213116043385752629e+00
2.114561178286785470e+00
2.062376448020526887e+00
2.050081205163235776e+00
2.085998087694571623e+00
2.050236172653164601e+00
2.040446891078849578e+00
2.019001521787966436e+00
2.176728413190293754e+00
2.325844244854196052e+00
2.435988944340695905e+00
2.572912616331834545e+00
2.426739263776372724e+00
2.444977975994834463e+00
2.393786986231923652e+00
2.305250461805032458e+00
2.334332539580374011e+00
2.239990013101703425e+00
2.241697848458816811e+00
2.342921723690530644e+00
2.483444345287263655e+00
2.465171435011593193e+00
2.531365863811500638e+00
2.551277363724783420e+00
2.454211393115601769e+00
2.454968513514606876e+00
2.480634726172943783e+00
2.355688387815907170e+00
2.353942305581386396e+00
2.415755568847812285e+00
2.493975859401587503e+00
2.383861939556036091e+00
2.443207393144191553e+00
2.173004737242492546e+00
2.274694044495406242e+00
2.340371435527352162e+00
2.448092325253444557e+00
