5.642013342952361972e-07
3.445755179495770815e-01
4.771389779970470202e-01
5.858970745807841052e-01
6.896659464554908414e-01
8.513651019263878128e-01
9.299923737266589940e-01
1.196276472695218862e+00
1.313798480290486959e+00
1.295858931922991175e+00
1.352037458659379521e+00
1.109446697171340368e+00
1.085071659325694160e+00
1.323739565706192556e+00
1.539732455110494058e+00
1.499861154796136908e+00
1.441497792448583226e+00
1.711933892018191683e+00
1.782861206217079664e+00
1.909822801259117853e+00
2.210640457767622635e+00
2.207060125040735787e+00
2.166415735956455535e+00
2.035056079642551197e+00
2.205930570076614750e+00
2.146141487346310495e+00
2.098114778707323325e+00
1.905344855997179954e+00
1.792757243409534684e+00
1.909311223191487272e+00
1.858413055755234744e+00
1.916813085528689786e+00
1.972318333551240865e+00
1.643730693353997463e+00
1.721530393846549822e+00
1.688568243640294675e+00
1.886515614357317405e+00
1.839617074788020723e+00
1.805719500108822873e+00
1.761118209533450552e+00
1.879774408033276778e+00
1.921330773606549469e+00
1.785583881157133623e+00
1.853640705643866626e+00
1.831900869525401321e+00
2.028786018963494087e+00
2.156086500890598057e+00
2.020391328120087593e+00
2.357232607821992509e+00
2.266325373610316163e+00
2.397634000960369605e+00
2.215974520639813150e+00
2.406801674614201136e+00
2.412874685864308866e+00
2.460168834903829982e+00
2.355105497059426511e+00
2.482285051431539102e+00
2.470318197493963641e+00
2.401101939937734020e+00
2.268115798318659948e+00
2.134376782862206223e+00
2.411551836877453336e+00
2.174004385536201678e+00
2.412231399964380962e+00
2.435928007460133937e+00
2.349795805711357044e+00
2.415168303547239770e+00
2.448434285322049764e+00
2.369316430313455069e+00
2.213966528413405577e+00
2.128929396001835617e+00
2.108949625446846277e+00
2.035487503271902643e+00
2.177721791861219280e+00
2.117949374188497824e+00
2.303993882205913390e+00
2.289251176272635302e+00
2.343466134900939135e+00
2.161775966382839531e+00
2.032843606889633392e+00
2.074687130460666218e+00
2.211641857447983917e+00
2.161225004689242279e+00
2.352963606015225029e+00
2.328572573914148514e+00
2.458112153403805511e+00
2.498019957224653975e+00
2.655290835712316611e+00
2.649980337524509011e+00
2.418622561724729891e+00
2.598467919070586163e+00
2.571476734015975207e+00
2.768562688943413619e+00
2.549277722334121865e+00
2.550972739704510328e+00
2.633082222904198577e+00
2.731890793081575897e+00
2.787235758484018611e+00
2.850560467415182764e+00
2.894598188484441170e+00
