0.000000000000000000e+00
4.212582245108293932e-01
6.036346179952505331e-01
6.021193126993222844e-01
6.107907413178375045e-01
9.040832289819347167e-01
9.476816543126621584e-01
1.015689470384019799e+00
1.062823221025751996e+00
1.080991842231187494e+00
1.113218644188009421e+00
1.311884027258284791e+00
1.337166018128778333e+00
1.140112142088532510e+00
1.037465564640439819e+00
9.716283110734745820e-01
1.144802659807184542e+00
1.258762969052357850e+00
1.302095937239242884e+00
1.430963550692294861e+00
1.403367602771659284e+00
1.376690659384310456e+00
1.598664870056220044e+00
1.410029925544577400e+00
1.410648601989731965e+00
1.309235535144304130e+00
1.288938791758280855e+00
1.568476389772048396e+00
1.526021981246574954e+00
1.605010015354668695e+00
1.626370068095735810e+00
1.676386646255312751e+00
1.569990533348081252e+00
1.781883452433397075e+00
1.665205323712128704e+00
1.823477322454182703e+00
1.831548757428343110e+00
1.980191004567221302e+00
1.763618346604468368e+00
1.679187813438397736e+00
1.867015765015461293e+00
1.984060996934942533e+00
1.931683630985199018e+00
1.881693073711406150e+00
2.040355773080685609e+00
2.060697462222700338e+00
2.176184759446820216e+00
2.299517428883449011e+00
2.157376531506567385e+00
2.264477256488453438e+00
2.209748325060773233e+00
2.158773922703972836e+00
2.243607447172509151e+00
2.210701663939940609e+00
2.175684943218835432e+00
2.144006706648913241e+00
2.053326285241148685e+00
2.282747041441882896e+00
2.242943252205294780e+00
2.198191880290686129e+00
2.173288212507803685e+00
2.178526738058994106e+00
2.241894028800676342e+00
2.084968743007654446e+00
2.193926669094263371e+00
2.118048803209431341e+00
2.066082084868032354e+00
2.097234825872434705e+00
2.109671513508931007e+00
2.209110064359071313e+00
1.990451618854917282e+00
2.065686949321702492e+00
2.070413321722077704e+00
1.970160949654889304e+00
1.899197387592462594e+00
1.901018538675572689e+00
2.123195145524781502e+00
1.952541980430111845e+00
2.029981545099561302e+00
2.125224790724682844e+00
2.115284512501260039e+00
2.271460949130529539e+00
2.113494110725304687e+00
2.308847010077249351e+00
2.201907640675292654e+00
2.269357135919344515e+00
2.277975667890380418e+00
2.215852375703311505e+00
2.289439805271323625e+00
2.356773787635459971e+00
2.315075208183216660e+00
2.165209915177704669e+00
2.280926077324958001e+00
2.468952280148967393e+00
2.668752451059360986e+00
2.516727543638631825e+00
2.630789058452820406e+00
2.554657176374745209e+00
2.652431824712966346e+00
2.710681912111257752e+00
