2.132480599880017890e-07
4.526690777170655489e-01
4.877406402505140570e-01
5.663037976394097450e-01
7.383872428090731965e-01
7.022356268853953143e-01
6.955739918187966442e-01
7.279684801112012993e-01
7.702121017445395790e-01
7.519431404704945976e-01
8.365958677233891194e-01
8.319756220228176069e-01
7.257006521354342210e-01
6.893417715296654702e-01
7.087836625109612543e-01
6.739360945972558969e-01
6.711771587095107794e-01
8.260092646853069986e-01
8.481361555991113743e-01
1.032973974894986879e+00
7.958866073976345046e-01
8.971897838330499253e-01
1.012011732164165734e+00
8.549236284050697465e-01
7.755552398009941673e-01
8.365523738834488299e-01
7.547676286250629696e-01
8.412399081244469334e-01
7.912064217624624751e-01
7.792440121115383755e-01
9.358643069984128315e-01
7.857197338842433210e-01
7.680166861254976718e-01
9.061386035754928070e-01
1.019854607275761049e+00
1.173262664848099490e+00
1.085708866228483283e+00
1.010903134315475072e+00
1.025208380920868079e+00
1.112862917834227083e+00
1.254647886694369330e+00
1.276923316478032033e+00
1.358344311759086542e+00
1.363535456776343580e+00
1.326517744578795899e+00
1.526783267158108082e+00
1.454284143301557419e+00
1.370677846163395941e+00
1.290369612000189514e+00
1.287420421821214189e+00
1.350859174371822347e+00
1.278191968736796191e+00
1.174612568234394638e+00
1.095764845759827466e+00
9.533450281193976972e-01
9.883518432401313669e-01
1.181105628065436175e+00
1.290337487403304451e+00
1.573924813675224854e+00
1.553079759881123234e+00
1.297880826931251841e+00
1.382239505111388267e+00
1.413158535880462585e+00
1.465230150960500355e+00
1.550399517090321089e+00
1.455362174478160187e+00
1.671523874633501938e+00
1.548899415378617306e+00
1.639060734689931298e+00
1.616454281320296893e+00
1.623996178808053692e+00
1.501618509010856473e+00
1.551612598442065005e+00
1.686437401835848560e+00
1.554465073041628731e+00
1.491235077483612059e+00
1.429007445739125082e+00
1.340944904937094062e+00
1.524742531671913870e+00
1.344299847862799213e+00
1.423759520731243677e+00
1.439817074112658801e+00
1.550848759420322853e+00
1.484975733920544716e+00
1.511596847217387518e+00
1.544608589668595044e+00
1.545413819645120812e+00
1.707332794785337393e+00
1.708986304114315402e+00
1.670546040298741097e+00
1.433260275729636213e+00
1.505381332447176312e+00
1.699188815386926565e+00
1.630485313837892081e+00
1.525594911759996730e+00
1.549634712258872504e+00
1.836028403919607754e+00
1.825696526745663295e+00
1.915786351100760898e+00
1.916915721773234438e+00
