2.132480599880017890e-07
4.136502116001707918e-01
6.263851379246023754e-01
6.538922086189566940e-01
6.894446534343351418e-01
8.310449863009854443e-01
9.674065067137289642e-01
8.717168763993117242e-01
7.587255499541696313e-01
9.321585366371769599e-01
8.780378793509951985e-01
8.016658614155219853e-01
8.459773796918825806e-01
1.073402612261921574e+00
1.146004454780330528e+00
1.212514948994081632e+00
1.316026345430356903e+00
1.264895980001958131e+00
1.345201404953668467e+00
1.454351676433816465e+00
1.497248506336931406e+00
1.520930330370021455e+00
1.491684940186379427e+00
1.591680631830659109e+00
1.489886600724252386e+00
1.511061508957675548e+00
1.516242371922704280e+00
1.589680425002626629e+00
1.489533844762960912e+00
1.622716385994020127e+00
2.001558534534532807e+00
2.052421159885259527e+00
2.025151929854189348e+00
2.071306454739293645e+00
2.136536467452837318e+00
2.164925298664662545e+00
2.002618047860455164e+00
1.985179804875624843e+00
1.926571658600371828e+00
1.992860509118952628e+00
2.142253385391183151e+00
2.115126684550407976e+00
2.194709633521782166e+00
2.109678926229388463e+00
1.923130646618887996e+00
1.717451687506735825e+00
1.646604035718653991e+00
1.718614755200340349e+00
1.659833893242054215e+00
1.723651625468612725e+00
1.826959997988080175e+00
1.765822896684273058e+00
1.688657602910271116e+00
1.685307101511279049e+00
1.614497286391821884e+00
1.700190011135029211e+00
1.631753704761261803e+00
1.675529885445483869e+00
1.397708472770351484e+00
1.540056778354599976e+00
1.598282891138063544e+00
1.472698394546013922e+00
1.460636216510583063e+00
1.454173012713971369e+00
1.391878557142135264e+00
1.462119182762992686e+00
1.595746121238654558e+00
1.619373922375393127e+00
1.646849282139218218e+00
1.552638622754118902e+00
1.148668365374389877e+00
1.209670955174967588e+00
1.204927753171059157e+00
1.079004609490460620e+00
1.037788072896401959e+00
1.193695494293020021e+00
1.127383695976671207e+00
1.249218207196793440e+00
1.236704565000274814e+00
1.331589452068507651e+00
1.240846158352006068e+00
1.154256266889344795e+00
1.293191564945644023e+00
1.265261174309322723e+00
1.187036013614664709e+00
1.341104021001735980e+00
1.307666627596051123e+00
1.355966467336116921e+00
1.542483505496931251e+00
1.538686753791470130e+00
1.572963218725539125e+00
1.551623390603514396e+00
1.658652957634565439e+00
1.550751178578082312e+00
1.595021220942863804e+00
1.835669426115117631e+00
1.687127542591790652e+00
1.719611768081770187e+00
1.793377075855783431e+00
1.934899862010270866e+00
