8.259061849445711103e-07
5.012874794132258227e-01
5.666501400439186709e-01
9.889157457581134736e-01
9.062482408214255214e-01
1.063936415162192839e+00
1.140300185869187022e+00
9.965037891026489181e-01
1.271442431097752568e+00
1.251138344343296183e+00
1.351092602372934826e+00
1.314379156433006512e+00
1.348372074948924526e+00
1.517079314382388189e+00
1.414430719375749490e+00
1.576626542308488865e+00
1.737969284191755781e+00
1.507503315439102876e+00
1.429249615451539945e+00
1.659559762876010591e+00
1.458754569860570838e+00
1.782680627660520489e+00
2.031730148903941213e+00
1.953728090290990815e+00
2.044230989330811710e+00
2.095474955994362176e+00
2.035985233200321431e+00
1.824934457454027381e+00
2.096724451097779607e+00
2.314396031039279489e+00
2.513061907487576629e+00
2.545278669197887478e+00
2.392229549576971426e+00
2.318030172779338205e+00
2.337053141498289133e+00
2.393845011745818763e+00
2.490093041873572943e+00
2.537930816721863270e+00
2.616293138398036344e+00
2.454297284037596505e+00
2.587592465974246636e+00
2.643201235071919619e+00
2.691308441202978852e+00
2.577375945891386522e+00
2.511027393218149495e+00
2.331385330282963242e+00
2.511528897959579787e+00
2.434353524948455583e+00
2.409006279097539949e+00
2.647349037931830740e+00
2.740918123103847748e+00
2.893030549489731929e+00
2.984880835019888767e+00
3.011059160377279831e+00
2.886616383113783879e+00
3.044057196993794623e+00
2.895140669252275423e+00
2.756122438606281477e+00
2.808452909919860296e+00
2.792618078096643419e+00
2.592628308685067662e+00
2.729026077149990570e+00
2.757853318745107973e+00
2.812564693209304689e+00
2.766674784929390007e+00
2.987481913216874396e+00
3.220657752398391249e+00
3.322298779745220365e+00
3.307008086606027852e+00
3.241208478843219609e+00
3.368915468767082366e+00
3.362831209745958727e+00
3.030041707930186234e+00
3.267920893019049533e+00
3.132116363586892049e+00
3.040185732415882747e+00
3.231188477645531076e+00
3.425157336160099319e+00
3.456467757974959198e+00
3.365242802190598681e+00
3.326732095154456559e+00
3.395292844087670403e+00
3.212192860107944803e+00
3.252529350589020041e+00
3.232603182173880541e+00
3.390773549436726597e+00
3.372290454517005820e+00
3.442672609417327223e+00
3.436640706632236864e+00
3.368152566709167406e+00
3.440650335798332460e+00
3.513993686056734678e+00
3.678788724398519783e+00
3.792585308467590011e+00
3.882879553430774511e+00
3.730019873613837689e+00
3.683409307942972610e+00
3.787067404962041195e+00
3.786842127761792298e+00
3.915317997691345031e+00
