1.507891492923917490e-07
3.934610700398023519e-01
3.812812122122995473e-01
5.670404252082955621e-01
6.962001406728149933e-01
9.370224228116640353e-01
1.156998824206031840e+00
1.217071248208220879e+00
1.285985970773545262e+00
1.508109003246855595e+00
1.506196863994716306e+00
1.427091685388332865e+00
1.190628787276812650e+00
1.337518475495874881e+00
1.072658434196941624e+00
1.407136536845015717e+00
1.388627927673161011e+00
1.271048951817895567e+00
1.306069689112451915e+00
1.317204351868592305e+00
1.373005482436996383e+00
1.445502571560964844e+00
1.571040562717405109e+00
1.619705277201861193e+00
1.898508320580049258e+00
1.722114594114656505e+00
1.651452417668340944e+00
1.571754769996087209e+00
1.619991220182014802e+00
1.528026910431519392e+00
1.467621343548740187e+00
1.845657768830942791e+00
1.669888004342538368e+00
1.883848610131580115e+00
1.705366532471578322e+00
1.775403863145220917e+00
1.586203651374710200e+00
1.610295358631757656e+00
1.605917499133552528e+00
1.741886955265718795e+00
1.573588724304162634e+00
1.678527852389410713e+00
1.470786949253058751e+00
1.748095891592134299e+00
1.747881161446870779e+00
1.650963531811834084e+00
1.764756590132241065e+00
1.698058759375338456e+00
1.821663743834617488e+00
1.789366692641868983e+00
2.149023279922236629e+00
2.176058541996703788e+00
1.814637635300056173e+00
2.171030646408554254e+00
1.913910276677511124e+00
1.799130083236782029e+00
1.736285580938148998e+00
2.068447010554499865e+00
2.274372577726884614e+00
2.277959159129963940e+00
2.391904298354545322e+00
2.390591231489295421e+00
2.370929514719569031e+00
2.256241624803652090e+00
2.212146378417184422e+00
2.346482011590621752e+00
2.330276331675444457e+00
2.407106397633004047e+00
2.790163623806852122e+00
2.817083983551092796e+00
2.978784879463395541e+00
3.023820585220634349e+00
2.927164768813120155e+00
3.019806563701995739e+00
2.872246724567170784e+00
2.847190110544802533e+00
2.692127725851857445e+00
2.699588615018014170e+00
2.732751405540668976e+00
2.680352036937484694e+00
2.623099081348462480e+00
2.707031775295253517e+00
3.054393775493370544e+00
3.250994950422223972e+00
2.991566744498560748e+00
3.062234125714341282e+00
3.496068103160101082e+00
3.501141723392726668e+00
3.349808539188639411e+00
3.305037631863136038e+00
3.220680858428560445e+00
3.320140924507342994e+00
3.245869629923319621e+00
3.507089360921974652e+00
3.326052644746265052e+00
3.496820954136301562e+00
3.498817135583617954e+00
3.706479964886424838e+00
3.746913927006144895e+00
3.752156880981640796e+00
