3.015782985847834980e-07
3.908300161349470003e-01
5.176964000660306819e-01
6.590861520725190825e-01
7.062780620225428407e-01
8.923516949352436889e-01
7.358202838142923197e-01
8.200365375401091894e-01
9.687852820129705389e-01
1.093290231989022754e+00
1.152566724982157620e+00
1.136562058826049215e+00
1.388340134496306222e+00
1.309241376737578566e+00
1.490658291682549264e+00
1.587068628493340183e+00
1.434233335864189218e+00
1.397254248382453046e+00
1.288247779112700941e+00
1.096044532546616823e+00
1.028028469599632011e+00
9.720220306189003567e-01
1.020431208629360542e+00
1.215881949031634601e+00
1.275156875201996387e+00
1.191787116371553434e+00
1.226707785953708107e+00
1.269982900866617692e+00
1.419193093230967095e+00
1.552160515134863861e+00
1.429563929341981954e+00
1.602916800370282502e+00
1.625397630252229941e+00
1.587329931602323718e+00
1.559049769875848090e+00
1.575496333465721932e+00
1.733745538723065804e+00
1.472176606030647816e+00
1.669233691288190435e+00
1.793994776645661426e+00
1.644047964425394470e+00
1.704647174446341618e+00
1.748676665851637724e+00
1.739332927137126950e+00
1.716034331006796254e+00
1.766603952925000387e+00
1.744362642110706352e+00
1.529790070211973330e+00
1.529523276191215864e+00
1.568530725385131719e+00
1.672154633798391909e+00
1.553343238367463686e+00
1.587224514407362008e+00
1.657089921117544051e+00
1.665069157194172034e+00
1.833181579338238665e+00
2.041797249450908680e+00
1.937223579370769500e+00
2.080739156068099227e+00
2.256917086259614624e+00
2.259743929397936224e+00
2.360919699332550525e+00
2.231673825946364875e+00
2.267435463736191537e+00
2.077309877635684643e+00
1.837804070847237847e+00
1.794824669781801996e+00
1.868206273320105026e+00
2.015632825622655666e+00
1.932358446033261012e+00
1.925779485865668050e+00
1.994625312727095423e+00
2.057805103361950660e+00
2.053178682642037067e+00
2.133038002644531250e+00
2.243945966626271549e+00
2.379136844567376396e+00
2.156870390162692885e+00
2.533000804599604194e+00
2.488977905153292980e+00
2.559091243075188427e+00
2.718017313880129571e+00
2.587284252096136328e+00
2.662852039719819874e+00
2.520111441145491238e+00
2.891799640810988503e+00
2.882856535836178402e+00
2.744675563416561825e+00
2.888774153629337871e+00
2.760361816130600499e+00
2.672577626020248509e+00
2.792128453210140027e+00
2.754745371108968222e+00
2.668380370457740458e+00
2.793358122208758676e+00
2.835357470798682389e+00
3.055743247948552899e+00
3.232007520839724091e+00
3.356739012356452001e+00
3.231045442859088013e+00
