3.015782985847834980e-07
4.915929835266565906e-01
5.838220278844045152e-01
6.685843239761721790e-01
7.799247883825203287e-01
8.551148169526814335e-01
8.071447724646959587e-01
9.447735145064013462e-01
1.005429976014605931e+00
9.319443930795462405e-01
1.241172437018620345e+00
1.046497000869883731e+00
1.320405969537208568e+00
1.435106923428989711e+00
1.518178108869301823e+00
1.572220712621502869e+00
1.591937206904352253e+00
1.548284952189662667e+00
1.533612022174817291e+00
1.560717703244301369e+00
1.562429478984484366e+00
1.629925252891215592e+00
1.454604889089998743e+00
1.548358861230284766e+00
1.186625963104863457e+00
1.329625708970542775e+00
1.376815589740887358e+00
1.335192338018089009e+00
1.171831732925074476e+00
1.293100101928818191e+00
1.279767891832910287e+00
1.217738840576731318e+00
1.217262542663930303e+00
1.323124348876027367e+00
1.253842022459536132e+00
1.133680767193022243e+00
1.295266734132693998e+00
1.295110310017883348e+00
1.214270070421456627e+00
1.283310423034715209e+00
1.393695836534083021e+00
1.360755201121290003e+00
1.432644207879167020e+00
1.510300650962045355e+00
1.292707227635815581e+00
1.075067097625511225e+00
1.050531919327062136e+00
1.266837818930126147e+00
1.350925778706517866e+00
1.215680349003358529e+00
1.560671193459778339e+00
1.570084122751632449e+00
1.465062934233918979e+00
1.490642484917028110e+00
1.298069255035689373e+00
1.317135496266463202e+00
1.393007905159409976e+00
1.341853114349742970e+00
1.260442928369462479e+00
1.347899841977445945e+00
1.211863156977636358e+00
1.280384638844050071e+00
1.212430214305675324e+00
1.241415622847303002e+00
1.319465333615014391e+00
1.325830673519216685e+00
1.540393462991781925e+00
1.561663600636256977e+00
1.641970887644035759e+00
1.459125534278059355e+00
1.617093580064353775e+00
1.685043453161613858e+00
1.809356038967860014e+00
1.651102035789710598e+00
1.724767731660856063e+00
1.638682655664455590e+00
1.581162949565432019e+00
1.517358441329567986e+00
1.323173320099146233e+00
1.404841241545591091e+00
1.418100494712337234e+00
1.451643310362381811e+00
1.583248381209189093e+00
1.594182479686708565e+00
1.554500891988361388e+00
1.469555392896352064e+00
1.506411417537051545e+00
1.761529067978581775e+00
1.654118199630313590e+00
1.578831612325329647e+00
1.791274880211224385e+00
1.813749339023977392e+00
1.870270436812022652e+00
1.985864450990849184e+00
2.030056401009007860e+00
2.118565809076792483e+00
1.809880546416665181e+00
1.677009087464389925e+00
1.679477366521193060e+00
1.560544821966936002e+00
