7.688768146799612276e-07
5.248447774265295740e-01
5.065820090416728316e-01
5.674348334802030713e-01
1.012244811180990522e+00
9.777870578275640323e-01
1.132880969323987186e+00
9.201562726252811020e-01
1.178874697173594166e+00
1.082029389984826784e+00
1.114887360610373745e+00
9.473001307516319969e-01
1.201775998699770254e+00
1.094414441341269084e+00
1.110481070512579382e+00
1.083590275922160728e+00
1.165253669312180884e+00
1.194482356448451021e+00
1.321470817966955424e+00
1.418386253902499616e+00
1.557417540145396462e+00
1.660209980624366866e+00
1.613539020286922421e+00
1.461754787114034393e+00
1.634602989682514051e+00
1.635009903502218531e+00
1.692087767309363722e+00
1.722902872886811654e+00
1.776200315519163242e+00
1.827797403765412332e+00
1.967801734923595891e+00
2.186635993884743279e+00
2.292743546887405781e+00
2.431917861989002283e+00
2.408914833564173907e+00
2.560375751707558045e+00
2.300004253303392865e+00
2.459492823887266866e+00
2.663466069580188833e+00
2.744700609423164739e+00
2.791116892214978495e+00
2.856787327175886126e+00
2.789860266385498999e+00
2.811683333526278972e+00
2.821271471680850240e+00
2.685003990376461314e+00
2.594640553713878806e+00
2.726234384452566939e+00
2.399760331538770775e+00
2.331768992717164757e+00
2.311334384503818118e+00
2.472550707868585107e+00
2.299507214640161390e+00
2.461738737568896607e+00
2.462271477770445749e+00
2.347743943360602437e+00
2.256853300960911746e+00
2.451653960199814630e+00
2.616653540806046951e+00
2.454653106769486559e+00
2.632369839187386429e+00
2.659125596285444981e+00
2.475617465991175159e+00
2.552741505870230299e+00
2.661613536087134246e+00
2.573506768372004760e+00
2.449351959680863278e+00
2.515980960607220762e+00
2.556240546682357895e+00
2.309910661760857575e+00
2.578029959238623103e+00
2.654743059153713780e+00
2.383639458505875997e+00
2.603834433643055668e+00
2.586870764079844509e+00
2.336762381513989517e+00
2.383049534953356474e+00
2.588638652957432562e+00
2.696949324079023214e+00
2.865580710718944601e+00
2.871911543541792344e+00
3.035255112680365297e+00
2.899821413928874048e+00
2.813076004118090001e+00
2.803565551662346333e+00
2.906395341573224211e+00
2.808215536356605035e+00
2.893839703073743053e+00
2.869777112326153734e+00
2.877793957032963590e+00
2.892890470567503591e+00
2.791494876041616724e+00
2.594328569531529904e+00
2.471706320673321855e+00
2.588826213749090055e+00
2.586652887104558207e+00
2.696694232642764977e+00
2.789631857527067993e+00
2.717196999716023242e+00
2.757765871755021525e+00
