5.223489356090222115e-07
5.931545600260701434e-01
5.600730964216832364e-01
6.153922443567615419e-01
7.824399626751287196e-01
9.359781310325790971e-01
1.200993724173825106e+00
1.053109384016998495e+00
1.020330977514697368e+00
1.169279844271766677e+00
1.275562988058657643e+00
1.287047230386596963e+00
1.196048339630363166e+00
1.145853469520726531e+00
1.241096165286339703e+00
1.389932628358043099e+00
1.397557708192118886e+00
1.497762754041774835e+00
1.568322998712851968e+00
1.526600594617977924e+00
1.511495685964926228e+00
1.347162483240023301e+00
1.499251131008058291e+00
1.525526154443547000e+00
1.469833477182993953e+00
1.453291173771825928e+00
1.514584194104584114e+00
1.735886225385371073e+00
1.793434360315306231e+00
1.845544219065818892e+00
2.063361594007962818e+00
2.197269388124622136e+00
2.083019625292180876e+00
2.251661796197450993e+00
2.164235153371705689e+00
2.094245697904011383e+00
2.128109721241220331e+00
2.317281756217699495e+00
2.467551309293135375e+00
2.438948563943831083e+00
2.189940903061359467e+00
2.119569124134929261e+00
2.191713020988837357e+00
2.024903282283403438e+00
2.041100765337279910e+00
1.971404027029349360e+00
2.140336957613799385e+00
2.201692967448195315e+00
2.299377844177100449e+00
2.351569170844312051e+00
2.400627238277603936e+00
2.618813674938248237e+00
2.774943771318211461e+00
2.602865667878451639e+00
2.800547761830183724e+00
3.008892394666634829e+00
3.027856289534054834e+00
2.838621034546608080e+00
2.991229994981889018e+00
2.772146135690159774e+00
2.869339387221764515e+00
2.753019103507138521e+00
2.871252295884207051e+00
2.868416156034598430e+00
2.835254876358749510e+00
2.961773296419297097e+00
3.014793069892383048e+00
3.224387975295224695e+00
3.189670710047148194e+00
3.289314789696585528e+00
3.240281629707575384e+00
3.057092617687280356e+00
3.065079361858811691e+00
3.108538406610462879e+00
3.261616075447629104e+00
3.435760504782403135e+00
3.620592871205988938e+00
3.564221188958920816e+00
3.525145653628992903e+00
3.548734422864133098e+00
3.685131066830472868e+00
3.430193744296190506e+00
3.655710600919980013e+00
3.641759745194698805e+00
3.820478824761228243e+00
3.600173143216316873e+00
3.436243599245588420e+00
3.505555199354438489e+00
3.636542089960819180e+00
3.565512177833433771e+00
3.652103536752882462e+00
3.532802647459764689e+00
3.591628485062333453e+00
3.778510529049013744e+00
3.734237816706492019e+00
3.825170347599075260e+00
3.811759605189366518e+00
3.570668009742925086e+00
3.727977954536835892e+00
3.616602309508819779e+00
