1.507891492923917490e-07
5.702419200463599847e-01
5.444181833084297262e-01
6.405254259166371922e-01
7.742093762155251024e-01
8.013227760678969247e-01
9.181045823802391759e-01
7.551691764955875685e-01
9.341029229404506085e-01
7.097033354434086894e-01
8.315958909339203897e-01
9.782733973075016243e-01
9.828058062550635299e-01
1.000230826774746173e+00
9.196028815021491942e-01
9.488052419982783148e-01
1.044562655147209140e+00
1.107331106786433095e+00
1.222326011048821659e+00
1.252533148846077582e+00
1.324223221592848221e+00
1.238959016393288426e+00
1.280324094294042370e+00
1.664236953765346083e+00
1.749581637948434354e+00
1.729482241858526503e+00
1.742004309250528182e+00
1.450039210696563607e+00
1.293632451300591679e+00
1.260363625692388911e+00
1.243808721755190305e+00
1.392685434479475459e+00
1.632326709150269783e+00
1.794668686225908250e+00
1.801016103782490330e+00
1.709550316416702298e+00
1.550337173979660976e+00
1.701408130868512503e+00
1.677297802680538297e+00
1.439796310721979111e+00
1.812961433275312118e+00
1.584566761108664235e+00
1.586742967364685342e+00
1.501979158761656663e+00
1.374289747069556089e+00
1.364816484397036511e+00
1.522463494541212992e+00
1.761517232501589758e+00
1.859582460679878979e+00
1.576651759915917772e+00
1.563475939582430474e+00
1.670969360668121517e+00
2.001599023135843147e+00
1.942170545625943934e+00
1.791025370273037209e+00
1.913097709002097080e+00
2.041046112049526240e+00
2.182756575417539757e+00
2.329163691040820439e+00
2.524986431411454291e+00
2.398755438461042111e+00
2.614498264784273385e+00
2.562390951886946322e+00
2.714740683480574734e+00
2.636054860488819873e+00
2.591082227629072143e+00
2.587636894816863986e+00
2.691518835300688473e+00
2.551329098140312279e+00
2.298320073623275839e+00
2.464458499787873791e+00
2.366702432994884031e+00
2.530218276860681570e+00
2.483878514174955754e+00
2.285934250737652107e+00
2.600030776258900556e+00
2.651541754917131843e+00
2.763932832546386109e+00
3.025241865765576854e+00
2.760099256038504922e+00
2.911030818922907937e+00
2.820023197684446536e+00
2.735080595276032422e+00
2.590178015068766992e+00
2.752228634352372083e+00
2.596285222905318157e+00
2.463945082137702691e+00
2.608327912062312848e+00
2.688617251363045302e+00
2.552375822814427764e+00
2.643585764536516169e+00
2.642925845865760071e+00
2.508249606230775086e+00
2.448643377870237892e+00
2.578957801315670650e+00
2.640006095895246485e+00
2.486784116082187968e+00
2.605892966695952495e+00
2.735237115563718291e+00
2.810580552621417372e+00
