1.507891492923917490e-07
5.066740933732747365e-01
4.628630513305521665e-01
5.384113209313777793e-01
6.294892314632264396e-01
6.434371485687593317e-01
7.042558454179319583e-01
7.524920948433794221e-01
9.268470019499558399e-01
9.450433211297656344e-01
9.891803707993270800e-01
1.076536215610308655e+00
1.069744702066589781e+00
9.328822771664658786e-01
9.863902908478252574e-01
9.541863828410601656e-01
9.256722434133308752e-01
7.830977153468701157e-01
1.178741972447485464e+00
1.214783824639631860e+00
1.361194248704245879e+00
1.308812852509086744e+00
1.543285054037716320e+00
1.554140903570107035e+00
1.285603012120820843e+00
1.161664633346336295e+00
1.332962003302418985e+00
1.440180274912133296e+00
1.443462408583458423e+00
1.619573219330451064e+00
1.785856658891024518e+00
1.718726367730047944e+00
1.684461974044050736e+00
1.639350010317537576e+00
1.586877591494786577e+00
1.764673958786389996e+00
1.647958414875609900e+00
1.582140849796501492e+00
1.779968153474946080e+00
1.724481190770181360e+00
1.845451578462260045e+00
2.034299305722572004e+00
1.943456236016555039e+00
1.899167288117829200e+00
1.496678953685528279e+00
1.436454053736692771e+00
1.533343515770464016e+00
1.564275817953283632e+00
1.341009734290929289e+00
1.501595669484757423e+00
1.505140324593748025e+00
1.643128036772445233e+00
1.662828215601276804e+00
1.651891730117202917e+00
1.650645187463363417e+00
1.675290401464658130e+00
1.869069191701306254e+00
1.666719592703336028e+00
1.689939256436726600e+00
1.782641983095022642e+00
1.708352811975686336e+00
1.774380125371774364e+00
1.749188077867123825e+00
1.864607232265149905e+00
1.928962929167526763e+00
1.832219499750126657e+00
1.873298832516641310e+00
2.064032315428991904e+00
2.105100169655035547e+00
1.946323690024656106e+00
1.990525322767155325e+00
1.941960113563401702e+00
1.889909828751850318e+00
1.905774651491667804e+00
1.805160285629962891e+00
1.954239274604300469e+00
2.196456315896495148e+00
2.337585881234680141e+00
2.351463309419477898e+00
2.505476765750220824e+00
2.411844523085674652e+00
2.288978332113225100e+00
2.321729366256019222e+00
2.213215936145293661e+00
2.093550556601195822e+00
2.407420557547514495e+00
2.483136711413789222e+00
2.435694148583586127e+00
2.293816679687621374e+00
2.333854716981673239e+00
2.498100144690549751e+00
2.327803070732823443e+00
2.299952345204295590e+00
2.186696423490800179e+00
2.158173448793134774e+00
2.329173390704502022e+00
2.228322933539764517e+00
2.404806948508842801e+00
2.383503946599857759e+00
2.467973758475682455e+00
