0.000000000000000000e+00
3.589595629912257779e-01
5.493434230857061618e-01
7.818964191277991693e-01
7.063506564745707372e-01
7.491437415931515575e-01
9.405137559753656840e-01
8.448035475576427533e-01
9.853269036555405425e-01
1.036516340622926968e+00
9.938153755215118901e-01
8.705217246610340576e-01
8.588333999015244080e-01
8.984931940382565596e-01
1.055848097741524771e+00
8.628925221300172144e-01
9.729067985790263995e-01
1.103120720849753544e+00
1.226595792731230761e+00
1.087103831615007232e+00
1.089575789246741921e+00
1.194857643891895638e+00
1.019084681343931154e+00
1.126415966772372101e+00
1.135838865237166928e+00
1.253959311169768887e+00
1.252018629677676742e+00
1.250937814815962890e+00
1.246259945788414258e+00
1.164897279250604711e+00
1.143284228382124290e+00
1.212292398897371504e+00
1.335809065245651572e+00
1.341345294824607848e+00
1.215554197899565647e+00
1.176118724866924481e+00
1.452433547905302769e+00
1.321051924213109796e+00
1.411005521863164525e+00
1.334742850441419382e+00
1.185271770703919758e+00
1.361619290099860269e+00
1.209676077078752687e+00
1.195192816762163934e+00
1.142658118363168551e+00
1.105696708544866347e+00
1.185725638680874550e+00
1.425236046778612042e+00
1.564177055844867548e+00
1.436544701991061768e+00
1.347452917614820667e+00
1.315038957245792783e+00
1.227338601289701403e+00
1.395094998006231712e+00
1.314701768313386143e+00
1.121911081523101705e+00
1.227572984498665809e+00
1.142929737188351336e+00
1.304549562303769727e+00
9.637971765677876279e-01
9.980931885649184654e-01
1.120426520115451963e+00
1.194755438654595547e+00
1.261592512125782051e+00
1.372823354758911929e+00
1.346133913356078127e+00
1.344794648622366973e+00
1.230530316481480035e+00
1.372052667143531801e+00
1.129086623814081314e+00
1.122838379125747466e+00
1.265702728349122452e+00
1.373899111122221850e+00
1.416418723144979186e+00
1.371353055683031341e+00
1.461167235857992797e+00
1.421051539394735164e+00
1.404580421038176929e+00
1.181594868230647855e+00
1.359471533523745279e+00
1.144069434864360746e+00
1.063504396941720165e+00
1.216125493201045016e+00
1.314373259637245717e+00
1.421642678640884894e+00
1.421782562715178555e+00
1.329768564523269747e+00
1.562967345058669633e+00
1.297298419082045795e+00
1.328836340851979214e+00
1.373911098114386942e+00
1.542641117405041618e+00
1.584846604413921334e+00
1.519941411973336765e+00
1.533774425991471846e+00
1.373531411742766828e+00
1.522220203655678228e+00
1.472226567085994642e+00
1.477731199365958092e+00
1.331379945998998560e+00
