8.529922399520071558e-07
6.106168512476527477e-01
5.593491682283918687e-01
6.073600146304044545e-01
8.048000741497708388e-01
8.752463245838442152e-01
9.073232373978719068e-01
1.012560198418921420e+00
9.624477170698808592e-01
8.849100800510717457e-01
1.131330452511423390e+00
9.365347351669413012e-01
1.247150252938902026e+00
1.333511509615396662e+00
1.305193275485494464e+00
1.248701577681159414e+00
1.270765192624239814e+00
1.134318885389296927e+00
1.278257204043537376e+00
1.462631657170231803e+00
1.528129236409247360e+00
1.538454016700812055e+00
1.522396585826512494e+00
1.656811663655251454e+00
1.772451186450622940e+00
1.674383040454893612e+00
1.843148763068204410e+00
1.852848747121291995e+00
1.877101182278634317e+00
2.104577817447977228e+00
2.045185971724925889e+00
2.091717090374255239e+00
1.730160229596899857e+00
1.704254646761320213e+00
1.624105278072544900e+00
1.514253007176531440e+00
1.501842347108383047e+00
1.661962311534076697e+00
1.683416824901852404e+00
1.894294655072306321e+00
1.869704838251224688e+00
1.886603491309073233e+00
1.643855435571620172e+00
1.757381089802174001e+00
1.764702656686675031e+00
1.671797620926406713e+00
1.947885006360621674e+00
1.934019682183050870e+00
2.058992438857537799e+00
2.147377480368081848e+00
2.135695113128575962e+00
2.030032342544931367e+00
2.017232637852686583e+00
1.833327475588236055e+00
1.972464698905861846e+00
1.866956090667173163e+00
2.057417796129042742e+00
2.096293340669757477e+00
1.955684191484519996e+00
1.891028033314373635e+00
1.849565832238090790e+00
1.901796236160263609e+00
1.864957744735448841e+00
1.962346834876963264e+00
1.971903354881628490e+00
2.199795385563956707e+00
2.233179648136439877e+00
2.104510008833940571e+00
2.205683722545315639e+00
2.223691539743376300e+00
1.903656081763326346e+00
1.914349188365645382e+00
2.138502083377879615e+00
2.014048354601879254e+00
2.227547078458594232e+00
2.349055668340906067e+00
2.346736984463755782e+00
2.489743260338686870e+00
2.484790837581919654e+00
2.500721504342439339e+00
2.351935363106259391e+00
2.381193470535829082e+00
2.588135009432491085e+00
2.614585113123342186e+00
2.516394986791920640e+00
2.588586485726146691e+00
2.605809446014381248e+00
2.475647728383553847e+00
2.574066988991436933e+00
2.698288323924477261e+00
2.716277317917374923e+00
2.753520915890145471e+00
2.705106220509635229e+00
2.698544795533547092e+00
2.694862336290815730e+00
2.599506021891988983e+00
2.835982618585516146e+00
2.842462234365382479e+00
2.729235039300811572e+00
2.787472576783140532e+00
