5.642013342952361972e-07
5.977528269288485685e-01
4.360648849545776251e-01
5.421493499840264185e-01
7.108591013126585034e-01
5.836071965564521014e-01
9.058893511840273582e-01
9.279550585983804556e-01
9.992372438125730616e-01
1.062923568122051021e+00
1.145378660962236728e+00
1.099964622797940494e+00
1.106558597126543475e+00
1.153126534558958305e+00
1.287923420867147284e+00
1.366653961849970456e+00
1.358380891315437822e+00
1.315601818849789773e+00
1.239063674084338595e+00
1.411532156965801921e+00
1.404852782380953569e+00
1.388276250264989020e+00
1.381088236022582239e+00
1.418552812170396527e+00
1.519183389756163072e+00
1.571956055326517721e+00
1.414798895624286290e+00
1.500533800636784543e+00
1.411211670889998215e+00
1.534543790829951737e+00
1.757391494450126102e+00
1.728754801184540169e+00
1.801195671620524186e+00
1.920680929618914679e+00
1.715736307785455272e+00
1.451253019272805922e+00
1.488228325139441033e+00
1.595112887809437163e+00
1.466040399101083302e+00
1.543073232070053091e+00
1.425145161425336759e+00
1.570647851275354556e+00
1.483234057275283568e+00
1.327332055420763046e+00
1.235061406437407472e+00
1.308721759437943000e+00
1.275706463828652604e+00
1.159253979432026016e+00
1.130946636289779095e+00
1.351613802859521263e+00
1.397554565018701345e+00
1.337564243290329191e+00
1.466861044814876225e+00
1.462360192321346730e+00
1.607127144657112927e+00
1.630469882845439811e+00
1.645138905310632449e+00
1.537383584427290062e+00
1.586787693274006594e+00
1.541819786831188033e+00
1.598663017248703078e+00
1.658910638528602544e+00
1.607644736024053334e+00
1.525186751266835783e+00
1.421682367956135007e+00
1.588477527770620901e+00
1.501635624806769931e+00
1.498430418008443343e+00
1.745184360355176878e+00
1.591872379545200777e+00
1.500680285438453110e+00
1.575186264563290139e+00
1.563667707868148460e+00
1.525822718895903707e+00
1.436029982134775285e+00
1.647905064675325493e+00
1.631039673207633767e+00
1.375708360462787772e+00
1.537525135969491696e+00
1.572284770099839690e+00
1.515020301414566450e+00
1.680665429987613368e+00
1.665116710591038718e+00
1.745061218263805225e+00
1.755001181670135635e+00
2.036637168224073147e+00
1.915011157166303102e+00
1.974738281569575093e+00
2.089319129357537275e+00
2.206192153917760468e+00
2.050481894924229387e+00
1.963558196377781728e+00
2.012451317768828574e+00
1.954442615737769007e+00
1.882473392103669152e+00
2.067886552471060124e+00
2.181358415906901715e+00
2.227623590523308827e+00
2.122992139092716446e+00
2.292745925219528136e+00
