1.507891492923917490e-07
4.689214961108332802e-01
5.492177101665682848e-01
7.185205218288786000e-01
8.103100912746280526e-01
8.427626827119297781e-01
9.052180804112921475e-01
1.354394175919523491e+00
1.250491224267374912e+00
1.378846142611906522e+00
1.511094667076664955e+00
1.490955766194774990e+00
1.571566729930898410e+00
1.271877983410752089e+00
1.297682452377266760e+00
1.252235080608532725e+00
1.361722871695318027e+00
1.338832113021182435e+00
1.470928160611308710e+00
1.495476366938047530e+00
1.577445469170117853e+00
1.514330452659552462e+00
1.631731513516395227e+00
1.476578568662570312e+00
1.554925959754743126e+00
1.376919853833225904e+00
1.402429895072148325e+00
1.385638370022176824e+00
1.313224735709282998e+00
1.397439086002045583e+00
1.441349410883111082e+00
1.339991073408265843e+00
1.426597992703388718e+00
1.397180175996564744e+00
1.541969869185589870e+00
1.387225551514128741e+00
1.462972124421020981e+00
1.368243844317574176e+00
1.328463976451766948e+00
1.387624784841951842e+00
1.402524637076449698e+00
1.281465067110367562e+00
1.311783899354318272e+00
1.437241156178443502e+00
1.366893663302292117e+00
1.442136275481050722e+00
1.412241448396684307e+00
1.439253350018804056e+00
1.240720100823728522e+00
1.099007103391531626e+00
1.299879384444666108e+00
1.333675418888242037e+00
1.306305180435077817e+00
1.216587738945092756e+00
1.436291777613684761e+00
1.511809615205239821e+00
1.647364781927785682e+00
1.645555836930393090e+00
1.432400098319706272e+00
1.461639111904663224e+00
1.525975932528902179e+00
1.653884767864773675e+00
1.659907552175713397e+00
1.539601818630491392e+00
1.463847120144361025e+00
1.623858153256434456e+00
1.459579510806893632e+00
1.410625910860527465e+00
1.405440649477972981e+00
1.511678323025068327e+00
1.306766429130893137e+00
1.327311086303412102e+00
1.375894037284259852e+00
1.423931512082793560e+00
1.517661909380499718e+00
1.485439924216311436e+00
1.504620054577860078e+00
1.531130532796785459e+00
1.625076074544969051e+00
1.639079526099005202e+00
1.518424033233018777e+00
1.525673917665502310e+00
1.740453081949789427e+00
1.798570344221539941e+00
1.602419246942712538e+00
1.746231883548814867e+00
1.533022991948799207e+00
1.623578379062313726e+00
1.494457843707364564e+00
1.826390394167141995e+00
1.806853951101838662e+00
1.797550095703772444e+00
1.821367911571096787e+00
1.745959067333127113e+00
1.674636517498572230e+00
1.809991647688920180e+00
1.881612452617710041e+00
1.877315842450763661e+00
1.788378527009827135e+00
1.898990712573783490e+00
