2.132480599880017890e-07
5.133848667058168447e-01
5.887105898891143996e-01
7.403037213828569385e-01
7.580630782000538082e-01
7.573467600287714374e-01
7.278209818995966529e-01
8.391629418731868517e-01
7.467740433782193987e-01
9.068528589248843197e-01
7.082320155405954498e-01
7.111152228878243609e-01
7.522499889253622118e-01
6.946668990792378429e-01
7.817325574242647290e-01
8.892796293116108641e-01
8.749581196228422009e-01
9.887637750865106989e-01
1.059234181756174564e+00
1.270216727809243107e+00
1.105486300957493118e+00
1.243277965328453361e+00
1.113441699185411693e+00
1.048351941187242842e+00
1.228375367306208554e+00
1.172648714086194310e+00
1.049513138438822546e+00
1.039522461283731936e+00
1.011169017453497299e+00
8.475242569312848584e-01
1.070892052494837987e+00
1.086389802695840068e+00
1.025506565606916887e+00
1.093526979508288699e+00
1.215021756293208632e+00
1.171632135306424960e+00
1.430182441052757270e+00
1.266841466507455660e+00
1.155639928892514767e+00
1.124810047905215216e+00
1.032123367327994590e+00
1.009205916516637380e+00
1.097336098942005345e+00
1.065660404609496181e+00
8.921720252429905518e-01
1.147523128328070019e+00
1.366342276721723925e+00
1.257342872592270622e+00
1.343526406963973630e+00
1.258780781034022800e+00
1.184452184991408696e+00
1.637655734018428788e+00
1.723065215702539232e+00
1.666279246617320187e+00
1.689635390794957726e+00
1.673846731794068399e+00
1.820630179436401708e+00
1.804794620016030082e+00
1.769858184820285452e+00
1.807256535748864579e+00
1.777503619527621925e+00
2.009361289488404090e+00
2.067438576675359574e+00
2.028659277372632630e+00
1.943138571375331747e+00
1.940676502683364557e+00
2.011773135132525425e+00
1.937126326649175612e+00
2.049437758317334879e+00
1.940947804211425431e+00
1.908480244715954788e+00
1.992134554380713407e+00
1.920779649444354087e+00
1.857236565405241624e+00
2.066283765399887340e+00
2.104781383009791007e+00
2.099378147686963736e+00
2.101845578183795471e+00
2.332707908204875835e+00
2.177293277626740853e+00
2.118151770667230149e+00
2.282865482173238370e+00
2.352460400858772172e+00
2.347580630398034440e+00
2.308897941666274711e+00
2.373501395739341824e+00
2.198588656326036617e+00
2.042443849098671382e+00
2.351264982818894733e+00
2.237240555892613614e+00
2.022757485920793297e+00
2.148382951933528240e+00
2.274247175352019035e+00
2.341045446122212326e+00
2.293321530063361813e+00
2.196460827631965707e+00
2.256263646334792483e+00
2.360241573326402609e+00
2.420843935312334771e+00
2.236690711535187059e+00
