1.507891492923917490e-07
5.401642220014041262e-01
5.367303774529302851e-01
6.965770788703778971e-01
6.526521112275086578e-01
5.201240431229480210e-01
6.157270562263309488e-01
5.983235446016568204e-01
5.271572199405272219e-01
6.513436926301634511e-01
8.341842117389782763e-01
6.514036471708585241e-01
8.237158306411863640e-01
9.627995496952468368e-01
8.179052618926374585e-01
1.057258655991487828e+00
1.133588506263992546e+00
1.300114445514879646e+00
1.157612714147465693e+00
1.103504395084379253e+00
1.013115207278216134e+00
1.122294053802205482e+00
1.065105378270588599e+00
1.284698141814007322e+00
1.270567987130184484e+00
1.163580153132669048e+00
1.352047013693823851e+00
1.253399864037387124e+00
1.318210297242068396e+00
1.320574347085872624e+00
1.258901458752211155e+00
1.368996904130996173e+00
1.170043305477305173e+00
1.247073271526553562e+00
1.385679837271904802e+00
1.346253376069590946e+00
1.407792069642916699e+00
1.352479430485061807e+00
1.309634241417800382e+00
1.583461162178069870e+00
1.592644425558092047e+00
1.907542193285405530e+00
2.088584949169510541e+00
1.976058125859630810e+00
1.840419946131001350e+00
1.981802477791114736e+00
2.010298528927751516e+00
2.036793713481444001e+00
1.847523930982234441e+00
1.798531589763468164e+00
1.779764359133540141e+00
1.733832406638895707e+00
1.826363960402027198e+00
1.708986240470661944e+00
1.778653692216874305e+00
1.837736157868305797e+00
1.686902471106950019e+00
1.693990878073954987e+00
1.596552292278453633e+00
1.521152598067204931e+00
1.509112120851351824e+00
1.426519082346991318e+00
1.376391236342746849e+00
1.564954647488009387e+00
1.659473604698868510e+00
1.452921932975161479e+00
1.928735642754735302e+00
1.953822804919374878e+00
2.008225599771536363e+00
1.974057806805263438e+00
1.838630510965529208e+00
1.994139616187295294e+00
1.980489691017771836e+00
1.961198889424610625e+00
1.836698391563259758e+00
1.878562333442626908e+00
1.872407632296812174e+00
1.824451012729946475e+00
1.886519766140100307e+00
1.856365799325052857e+00
1.969595658671357663e+00
2.008750059639180297e+00
2.008608100834722965e+00
2.086657413824882124e+00
2.025518759790108536e+00
1.979057650212246999e+00
1.965306212071707082e+00
2.012689670417481480e+00
1.973131192929490130e+00
1.974466809537612777e+00
2.013937176557493380e+00
2.068213383273225681e+00
1.853053350763903095e+00
2.099111275081622541e+00
2.242450945587910471e+00
2.157883300902733836e+00
2.020846007767932662e+00
1.994062128864253269e+00
1.778205220537761644e+00
1.843750710103827961e+00
