0.000000000000000000e+00
5.020054761447928504e-01
5.315552959363278873e-01
6.869948741301913353e-01
8.031999289735949343e-01
8.716840096179785391e-01
8.105035443326646938e-01
1.026641328827930133e+00
9.770848330879599031e-01
8.755550751796082887e-01
1.009530456499918571e+00
1.154485939581844312e+00
1.222605516335885989e+00
1.217122810319547277e+00
1.273802074228121084e+00
1.295300352562267943e+00
1.395825853006932515e+00
1.150947583603983748e+00
1.347845105519221542e+00
1.312023373704351847e+00
1.215664914387982520e+00
1.057768663655443531e+00
1.315631282999782270e+00
1.290559535541950353e+00
1.362087385281697260e+00
1.352936418113755090e+00
1.401057680669398842e+00
1.378962301249620159e+00
1.199016501086913156e+00
1.228959845160032538e+00
1.373467230004620676e+00
1.279701668058031983e+00
1.246753468765405382e+00
1.252245699109735488e+00
1.220157656357666376e+00
1.429456150531770220e+00
1.462744492878544467e+00
1.359472961988341666e+00
1.333529423733108565e+00
1.082746199029269496e+00
1.221328481403754385e+00
1.300700987073330372e+00
1.294244113975608235e+00
1.154802909833780866e+00
1.223113815359633039e+00
1.183548405717419705e+00
1.179057381170782959e+00
1.308887319230014779e+00
1.196896586730293865e+00
1.276761199396594382e+00
1.334171869332359206e+00
1.388971260361495652e+00
1.496420021455608040e+00
1.485755716978061303e+00
1.441760012301945393e+00
1.401570216054584428e+00
1.341080610764769698e+00
1.386290880066524567e+00
1.767344101979781978e+00
1.638513960217926169e+00
1.562756778743931596e+00
1.509319442982604231e+00
1.471854202221179131e+00
1.454910316789731262e+00
1.467961762317359309e+00
1.635295753062051105e+00
1.544334198194274865e+00
1.530959580132488229e+00
1.648127842990323000e+00
1.657397481621693203e+00
1.769186088291004211e+00
1.936460988538682981e+00
1.914326396170304756e+00
1.880594891709215677e+00
1.956288251647986254e+00
1.829855150608354242e+00
1.685985621338693452e+00
1.735440247151619930e+00
1.808660279768720347e+00
1.840760924805678211e+00
1.858700539034267019e+00
1.838725491714322757e+00
1.778368958910172326e+00
1.853544291928165055e+00
1.976389292471388615e+00
1.777698592520128740e+00
1.803150872240245395e+00
1.823564274277422292e+00
1.673125987291544048e+00
1.731085373227539748e+00
1.872429688034334516e+00
1.907247142685594588e+00
1.805488276094276978e+00
1.869638550394081111e+00
2.212761828942416020e+00
2.029536741432028446e+00
2.161994848600475194e+00
2.138039366643298411e+00
2.227875667934744452e+00
2.017848962880345542e+00
