0.000000000000000000e+00
5.470915489743782834e-01
6.334990317683734107e-01
6.626491596718668831e-01
9.188321000936876537e-01
9.437413840546984289e-01
9.932564328941797527e-01
9.988845022491288361e-01
1.032289704945767106e+00
1.044227981717316567e+00
1.020613243403463821e+00
1.165416482076976568e+00
1.317420711681019263e+00
1.287501938619350472e+00
1.448074237835692557e+00
1.434689797174924175e+00
1.377299931177679904e+00
1.307148623971473134e+00
1.242151122416666809e+00
1.379931528420359932e+00
1.431853061580852460e+00
1.395670746819871910e+00
1.289515051139463075e+00
1.140003172988278246e+00
1.276598622110391767e+00
1.153518022846462099e+00
1.166310791371021338e+00
1.050891286733835583e+00
1.012138580569728719e+00
8.829274128485121720e-01
1.187577460781210847e+00
1.300738782365362667e+00
1.427328327374249417e+00
1.491274344345429492e+00
1.564101275768017052e+00
1.601867483000737113e+00
1.722154077071860190e+00
1.637025842804229914e+00
1.546791096668258314e+00
1.665117407987855680e+00
1.737085507584082311e+00
1.645358246478090702e+00
1.907841523019513819e+00
1.791789917744078586e+00
1.752295569095745353e+00
1.719598798038914245e+00
1.763129587351894845e+00
1.592011262587775811e+00
1.766295782198717745e+00
1.565224232812715499e+00
1.680959509067440516e+00
1.765673015937916812e+00
1.725308453114181795e+00
1.695709383041966944e+00
1.683504646037822239e+00
1.746869432486760410e+00
1.823250579674622562e+00
1.749501049916138529e+00
1.745393773110821334e+00
1.941984031542365985e+00
2.047463191071432487e+00
1.935489459273805002e+00
1.867771387111385906e+00
1.843935871455411046e+00
1.833137830971737436e+00
1.599269731096759184e+00
1.602334124776599644e+00
1.465214804422945827e+00
1.538375996892404896e+00
1.544467815487406748e+00
1.334617014621047426e+00
1.044977654450617743e+00
1.307112619690265598e+00
1.340072148239671801e+00
1.456178951870425342e+00
1.340043858473125349e+00
1.460840936109262245e+00
1.435847416850332126e+00
1.406345353600514159e+00
1.503717047050527666e+00
1.436802512155939349e+00
1.444560618415867026e+00
1.344292233621853239e+00
1.471298774046160274e+00
1.423709788074068339e+00
1.307600822190484902e+00
1.411683135836388159e+00
1.332441537091212602e+00
1.222383569629831968e+00
1.297232401571594584e+00
1.325529177278859549e+00
1.228570243106125837e+00
1.052556141013394564e+00
1.032069705177077079e+00
1.202889472287759443e+00
1.193644433751013700e+00
1.342462625265260057e+00
1.231023932545427524e+00
1.316781225292026791e+00
1.397625665085481694e+00
