6.031565971695669960e-07
5.643483018877964996e-01
4.812153958940356135e-01
5.733220863511483412e-01
8.094692481126600780e-01
9.298231376396698389e-01
1.067236099860906062e+00
9.674989673931244649e-01
1.103301053777854035e+00
1.148337886668305607e+00
1.554665448009226125e+00
1.403143029239614314e+00
1.418467083643789595e+00
1.314389574215235390e+00
1.272688369032624722e+00
1.362954378224288332e+00
1.386821041570687196e+00
1.382411726564665821e+00
1.434418401591496250e+00
1.187084500915357221e+00
1.337819118358741122e+00
1.510571721421401392e+00
1.530827738821608719e+00
1.614201342131883488e+00
1.582700338196632472e+00
1.670545944973376606e+00
1.771744929169222660e+00
1.735248198369117034e+00
1.803976779947715547e+00
1.686771431726442172e+00
1.658143506795629385e+00
1.887748809462019173e+00
1.741183431610235921e+00
1.725748598359959640e+00
1.706299940506567969e+00
1.988481982452451557e+00
2.008126964861411956e+00
2.247895647491689797e+00
2.031119907252203927e+00
2.281767844591425121e+00
2.416744621555338757e+00
2.474239662353950209e+00
2.645336872139499640e+00
2.652165999061117496e+00
2.504819993878934614e+00
2.638988919747693007e+00
2.767861879482651055e+00
2.752240463600704512e+00
2.990269070579783861e+00
2.700691505880563614e+00
2.585479249423618509e+00
2.757959072791093202e+00
2.766670346093910382e+00
2.608085908289880628e+00
2.586510912448681143e+00
2.571082668548668071e+00
2.587381288254525291e+00
2.851788675326337064e+00
2.970109332784230283e+00
2.990845966964525537e+00
3.142511594399263863e+00
3.038974811996123737e+00
2.921035150300833827e+00
2.639228960526914136e+00
2.561425757990847707e+00
2.794297971327168728e+00
2.784688003705421799e+00
2.860145389035469332e+00
2.510960807974362385e+00
2.456126079062116219e+00
2.517842109012827123e+00
2.823320779499823185e+00
2.779733527889574063e+00
2.924836013516849409e+00
2.725008708029241777e+00
2.559812547836683549e+00
2.671420425923842767e+00
2.776733890654354386e+00
2.945480515636773156e+00
2.871008013104860535e+00
2.894710543354550580e+00
2.631599207670318297e+00
2.512718649191833187e+00
2.645915435291620987e+00
2.584492788397815488e+00
2.486336181167081882e+00
2.485170729105487641e+00
2.314837413623493045e+00
2.622805825518376377e+00
2.673213164884954196e+00
2.768319034941550072e+00
2.760655856563817512e+00
2.578874669178974788e+00
2.371277218023004618e+00
2.461368252653246547e+00
2.404117801098127227e+00
2.489468247122593958e+00
2.510163483112675120e+00
2.350131069338825096e+00
2.385736959444063388e+00
