2.132480599880017890e-07
4.621009078098933798e-01
4.800534916581441491e-01
5.926270366922533617e-01
7.758609028877878622e-01
7.341384069475099805e-01
6.952704303983449075e-01
8.591651325906211056e-01
8.626427371408982303e-01
1.095241873559954726e+00
1.057577458046383034e+00
9.116177195600724259e-01
8.585509891242552039e-01
9.121142163592418362e-01
9.384490789647350617e-01
9.586403865875073871e-01
1.067343169609886955e+00
9.374875612980551054e-01
9.384748498833463959e-01
9.266105172853291716e-01
8.716603207436492973e-01
9.935001211685637879e-01
9.484406359542720821e-01
9.310878422111216191e-01
8.157962997044565512e-01
8.972104908721976191e-01
9.149810490119029138e-01
1.193770207040442788e+00
9.622180265349542516e-01
1.200592766166527881e+00
1.230798407074636058e+00
1.421058871643599897e+00
1.638448933829951715e+00
1.399250730516103047e+00
1.372778377439824560e+00
1.335998834924722267e+00
1.381364993893543502e+00
1.513770272542600770e+00
1.391100565711336889e+00
1.186394699571073241e+00
1.379607463551145052e+00
1.289514656791969527e+00
1.496349555192638459e+00
1.446450676922916623e+00
1.417690099535401815e+00
1.499249469639257315e+00
1.568132220458508863e+00
1.599164759579094985e+00
1.577035398499233798e+00
1.702477234113941584e+00
1.757052035392784095e+00
1.680755842173755177e+00
1.820719091174190840e+00
1.864741966219205738e+00
1.950436699872012181e+00
1.805869873070644172e+00
1.562676401965139350e+00
1.421105759855035400e+00
1.531427463902664154e+00
1.500049631575569364e+00
1.765695014220559855e+00
1.623656166590777827e+00
1.772655947477716154e+00
1.591673024800069447e+00
1.636787208202111987e+00
1.620476236584216911e+00
1.556719708597684715e+00
1.762337852121673709e+00
1.828526903476932253e+00
2.022347351403734450e+00
2.013032668075403819e+00
2.115595981013171478e+00
2.014714764726455609e+00
1.954908396575527618e+00
2.082525906933086368e+00
2.079968725125368678e+00
2.189674363042462435e+00
2.082943448244829465e+00
2.111047932250499137e+00
2.009441309005244758e+00
1.961812264995716593e+00
1.819436355432533903e+00
1.719857956987518754e+00
1.746572755207806971e+00
2.157099961617957806e+00
2.236763002499618125e+00
2.249777046618873122e+00
2.408496482963648155e+00
2.238263201733309060e+00
2.248487664971065225e+00
2.293723687434320535e+00
2.303604105428033844e+00
2.319079074954010000e+00
2.397062093396587379e+00
2.393122961325483189e+00
2.282004721767865618e+00
2.550332844174220792e+00
2.679452205165451240e+00
2.482192992682447308e+00
2.592553551963490133e+00
