0.000000000000000000e+00
4.619242497627699673e-01
6.501553676109568247e-01
7.708731777064128377e-01
7.969460332910055511e-01
8.117008180955718188e-01
7.951062932497298119e-01
1.163550991256591782e+00
1.140143584232743423e+00
1.191476404320273907e+00
1.560073558614814448e+00
1.637487636821942871e+00
1.755155253697632478e+00
1.609843719703700105e+00
1.543205077602677333e+00
1.414072707753130320e+00
1.625716138770258556e+00
1.453532984558388419e+00
1.633236603338546145e+00
1.709363608110645361e+00
1.752139142841341979e+00
1.642992301869917959e+00
1.500707625200714102e+00
1.511231460892984435e+00
1.542450119116484553e+00
1.610106996322874240e+00
1.840554185662657050e+00
1.831629360691390929e+00
1.668292066758781056e+00
1.781245061261801821e+00
1.653951953456874513e+00
1.629149122425627150e+00
1.552674554933654250e+00
1.509153997970423378e+00
1.514901516299148154e+00
1.472864307906424086e+00
1.550704308380735474e+00
1.544065998566955367e+00
1.636635243406842521e+00
1.656590244985429949e+00
1.598845454871678617e+00
1.521120282083270103e+00
1.585777268582359234e+00
1.525102002275856794e+00
1.623937797639960712e+00
1.692777746068194755e+00
1.635998887294991766e+00
1.653668917473402722e+00
1.719176049920156490e+00
1.780866584451892942e+00
1.994267944287805072e+00
1.803799195540369160e+00
1.623616172493599352e+00
1.733535937035285412e+00
1.732948240950665575e+00
1.825660878837598311e+00
1.784622999195763837e+00
1.979159008171747614e+00
2.056016527746522549e+00
1.965440337139904070e+00
2.082963847509184951e+00
2.102876418991748597e+00
2.210514365863764930e+00
2.186533885371861441e+00
2.170585152433752274e+00
2.298442344415921212e+00
2.250932473428308711e+00
2.120180238033707809e+00
2.137871893317728311e+00
2.145199270998171759e+00
2.160628387810190176e+00
2.061576764761298364e+00
2.109544314661201625e+00
2.057688729910624126e+00
1.887519614015669367e+00
1.974634616605020154e+00
1.945205514216906906e+00
1.705300923116635614e+00
1.673055979471239851e+00
1.599619810080153304e+00
1.484259422577243193e+00
1.471361189528504143e+00
1.491846646983960634e+00
1.563467610680346009e+00
1.558724779259564874e+00
1.139605329097675535e+00
1.251717501841203450e+00
1.287784914224503252e+00
1.364259901981778711e+00
1.521181516009102008e+00
1.410483599919895470e+00
1.379452386770001038e+00
1.434541125138601547e+00
1.343147788682275801e+00
1.324079043658634935e+00
1.458949900795151633e+00
1.626667432534096180e+00
1.838024004413187917e+00
1.848644769439554469e+00
1.823862418348185743e+00
