0.000000000000000000e+00
4.158472510996938376e-01
4.823924352171257701e-01
6.115904627587299691e-01
6.237830847299812298e-01
7.440354624006042528e-01
6.421370315610569479e-01
5.518679678554271328e-01
6.671856607376420722e-01
7.400059115564389112e-01
6.612348677406578723e-01
7.779606599088791929e-01
8.913199153729423063e-01
9.780057980399124995e-01
9.442697123953409655e-01
1.137324182073635503e+00
1.092766988358268465e+00
8.379313796501672851e-01
1.014498885654196991e+00
9.462522094197309830e-01
9.870560739138716233e-01
1.043487848860138456e+00
1.063635686968439797e+00
9.584435812324660908e-01
9.164610330427617191e-01
9.246579843853069969e-01
9.201508702508593984e-01
8.638852625785071737e-01
1.039452440808538602e+00
1.021754304092119314e+00
1.041769633193721178e+00
1.177278633529824203e+00
1.413177755208641084e+00
1.443146803156519997e+00
1.581279645984207560e+00
1.603425183209265192e+00
1.632143060732945683e+00
1.623919720246557619e+00
1.508220217447125533e+00
1.650704085166897261e+00
1.616495049870375622e+00
1.620318952549722358e+00
1.699047485875267993e+00
1.607918728592786728e+00
1.539599819137358994e+00
1.410240743672964703e+00
1.592511470458295886e+00
1.641526818232605045e+00
1.612014321337497114e+00
1.714256718407563440e+00
1.893846212166806930e+00
2.019734141014564610e+00
1.986460507929373343e+00
1.993383474484670570e+00
2.026649886342428708e+00
2.062240982529077282e+00
2.150756158471447854e+00
2.008077565118380647e+00
2.151202188994585374e+00
2.080187372728470763e+00
2.216360499548249763e+00
2.111271579362251849e+00
2.164963671506736631e+00
1.980478772917874553e+00
1.930618652546448821e+00
1.777945603170566269e+00
1.831648807451511818e+00
1.867810538730184211e+00
1.755750624486506650e+00
2.002788444829826986e+00
2.383971705472836877e+00
2.363453169552365729e+00
2.429552263558556024e+00
2.506184137399210421e+00
2.549775606304810704e+00
2.572345041611447058e+00
2.833784283616497035e+00
3.031370647127150431e+00
3.099604742702851912e+00
3.301640715816782201e+00
3.390066255354099223e+00
3.450490087379037174e+00
3.347012760851298729e+00
3.399784435854630971e+00
3.539575398941316564e+00
3.491031111219276006e+00
3.526273976248345932e+00
3.524783452607931356e+00
3.360697797141642962e+00
3.282369511607181600e+00
3.236484326751051466e+00
3.120576187063647922e+00
3.013065730428913014e+00
2.903931160256405519e+00
2.926254377079422486e+00
2.904607638790788648e+00
3.052250247811110651e+00
2.831924490959206508e+00
2.880594212263623000e+00
2.853607631270447254e+00
