6.031565971695669960e-07
5.232508677787830464e-01
6.164393283710112303e-01
5.567897987331694720e-01
7.245517142889195128e-01
8.555856062554346719e-01
8.364259719894355793e-01
8.510581108868188194e-01
1.020894336713250361e+00
9.470466060721656198e-01
1.125732593984772212e+00
1.022355424497632503e+00
1.145288907091031927e+00
1.325842207697813135e+00
1.249584889897475515e+00
1.232063049627415641e+00
1.217230262468538715e+00
1.396508845004941213e+00
1.290303757082750025e+00
1.246986590905461156e+00
1.255805016020086429e+00
1.260856912692974507e+00
1.278101980775429691e+00
1.567403490367959895e+00
1.830050794194287622e+00
1.644103043663223795e+00
1.810188831073437976e+00
1.763437029360531261e+00
1.832631486320970726e+00
1.912429058796297987e+00
1.777185330010565334e+00
1.740388782049857141e+00
1.770005024892714829e+00
1.929421385739877648e+00
1.839954892851825452e+00
1.926591284204526744e+00
1.899076175822634216e+00
1.884700474651672231e+00
1.886564143667720073e+00
1.992847365072502042e+00
2.024500912821245002e+00
1.931976107945008625e+00
1.860119756125506951e+00
2.170943026284125388e+00
2.033821630511834844e+00
1.945476426735163411e+00
2.054080121587543051e+00
2.162559206141291490e+00
2.284096000327997089e+00
2.607919277953943293e+00
2.838041292940330251e+00
2.787717754114255708e+00
2.811945094124893796e+00
2.914696700333554436e+00
3.139434915546970739e+00
3.142191818810361692e+00
3.064083557307049954e+00
3.037498684689583950e+00
3.070402531904707910e+00
3.325675255816256115e+00
3.415671824313722293e+00
3.438794618652567081e+00
3.595234194674910899e+00
3.589852705613929551e+00
3.342732925830468993e+00
3.513565848985312545e+00
3.503848846799890282e+00
3.453388867314458821e+00
3.415830867988480346e+00
3.218433525992163702e+00
3.301615518996138920e+00
3.210979011885345180e+00
3.596414833896810936e+00
3.529325127799039841e+00
3.526464052670675642e+00
3.483743872209770664e+00
3.561370415902905151e+00
3.489768768705626467e+00
3.345572940945418239e+00
3.169057851776310830e+00
3.231475341821824276e+00
3.288617138473997059e+00
3.462382639554353769e+00
3.385811343678420293e+00
3.499161867178031571e+00
3.378518495814566425e+00
3.304021510557942243e+00
3.499185372222562318e+00
3.544445909810271633e+00
3.564877295549824687e+00
3.481194690345569054e+00
3.689684949115072499e+00
3.869349540415183863e+00
3.762464553990521487e+00
3.814763950381633961e+00
3.715062135457326775e+00
3.579361124721871512e+00
3.504607863172635618e+00
3.437078638109124729e+00
3.578957675803638327e+00
