0.000000000000000000e+00
4.501000412408584506e-01
5.296364280452429130e-01
4.785093175577619373e-01
6.078793984209756029e-01
7.609112350480120579e-01
8.659446070184386723e-01
9.014353436240344353e-01
8.186924085026273668e-01
7.415185350961839283e-01
8.118600207363575461e-01
8.958322347062108726e-01
9.307007729190861500e-01
9.563183131575797580e-01
1.164079587437485852e+00
9.674188489867061591e-01
9.092855874021286144e-01
9.355365258045056365e-01
1.054293597860255449e+00
1.167643534725909538e+00
1.265042139397443588e+00
1.110511934982985727e+00
8.616976882947170457e-01
7.975641273649022311e-01
1.034886076644285557e+00
1.044164664678745247e+00
9.671812587397140559e-01
1.001386048228149139e+00
1.111250192550024662e+00
1.232347384984079586e+00
1.376297826637226995e+00
1.289304148612510748e+00
1.246669519880420074e+00
1.277273965545881351e+00
1.181492333620052682e+00
1.184168806128457208e+00
1.228014373486969513e+00
1.169036477919427108e+00
9.686211684056466042e-01
1.258622194904029490e+00
1.237372665611210287e+00
1.072015692846984614e+00
1.358300019203188214e+00
1.275368997334304755e+00
1.184321074621934144e+00
1.295168079808131534e+00
1.325841342526581812e+00
1.330815130141224101e+00
1.510655682583696757e+00
1.399145117599049915e+00
1.375095950604885653e+00
1.366366486121119106e+00
1.514291534755646484e+00
1.578087176954210857e+00
1.519904936105547444e+00
1.943204941376851513e+00
1.895346995166568460e+00
1.873539776614546737e+00
1.985668712230884925e+00
1.941335638033864885e+00
1.791991726017202025e+00
1.903143979189106272e+00
2.044561718953353591e+00
1.912002489373819669e+00
1.963836734338465284e+00
1.992118267516954866e+00
1.888573547853483525e+00
1.719794369319204819e+00
1.712930429690067813e+00
1.668538512849091937e+00
1.596458055596043479e+00
1.579941442674339447e+00
1.489211743168842750e+00
1.694235104772689793e+00
1.581376992385692404e+00
1.626667807957312251e+00
1.645180657827778559e+00
1.656329473272389219e+00
1.631718870504274665e+00
1.612693926237049435e+00
1.638841742300685800e+00
1.525073654898319253e+00
1.744919903567341724e+00
1.955314274898181548e+00
2.165292771670416005e+00
2.068418410935725760e+00
2.069752143798790023e+00
2.129268925667970436e+00
2.332736836810717307e+00
2.196130181506349643e+00
2.348070055400715006e+00
2.402687635915288222e+00
2.467179849105217482e+00
2.482407650921500064e+00
2.417672175164272463e+00
2.435415474592736551e+00
2.740711370164689242e+00
2.664989761780102384e+00
2.651443739793741816e+00
2.673217594527093066e+00
