3.015782985847834980e-07
4.404719577865970348e-01
5.070173092583287744e-01
5.703840858847291084e-01
7.928517024345286268e-01
9.894004705065532201e-01
9.805892603982111488e-01
9.224841811278240433e-01
8.663285101144417855e-01
1.102664770375594294e+00
1.168635342182884340e+00
1.207890779824212002e+00
1.322271557433664091e+00
1.262486039696388618e+00
1.421664372389005448e+00
1.420670416107167933e+00
1.705012271986811490e+00
1.478568193999280966e+00
1.667502606222355466e+00
1.680022716083621637e+00
1.566757890330738867e+00
1.517791067140416228e+00
1.559335110137229252e+00
1.608592222914608127e+00
1.572910704159215634e+00
1.614504974120287262e+00
1.695509527555162821e+00
1.621033139638747622e+00
1.666463033091126755e+00
1.908246616462900835e+00
2.131111563154355792e+00
2.066775462030439492e+00
2.126047190241727503e+00
1.990295162398611151e+00
2.023805822177231928e+00
2.186423526802687256e+00
2.284503178276344304e+00
2.426939990505008637e+00
2.315205854175427458e+00
2.205813361369380665e+00
1.960400206351180952e+00
1.878259818290554328e+00
1.997959044617289903e+00
2.168099764957672093e+00
1.900900388551830300e+00
2.057241951961240822e+00
1.971765103501539107e+00
1.963293867451020525e+00
1.934985194407578213e+00
1.863385672542775318e+00
2.098935372195422921e+00
2.015764132653937502e+00
2.117234780629172697e+00
2.022215418384420538e+00
1.861815813316329615e+00
1.917557948852241623e+00
1.762237781938164494e+00
1.926956585454065340e+00
2.112858285096522515e+00
2.073558057729808279e+00
2.032318103040505974e+00
2.113963731749490815e+00
2.102287296848226461e+00
2.130132145346322670e+00
2.023499641199727694e+00
2.035172985201928242e+00
2.019003974916936173e+00
2.091340289213138526e+00
2.059699945395555343e+00
1.946020256259588965e+00
1.828755193887437347e+00
1.663199150799131942e+00
1.818737060780150738e+00
1.753290307930592151e+00
1.756187091125459121e+00
1.695698241097759684e+00
1.832588928293085173e+00
1.820088870972959016e+00
1.856229061445140882e+00
1.907964010776245445e+00
2.102780086843514251e+00
2.192633239594770522e+00
2.277886665427816926e+00
2.028725346731177215e+00
2.133319007284660174e+00
2.146236827867337826e+00
2.283539243157453491e+00
2.187799946542024365e+00
2.313528134895473265e+00
2.305456386960122561e+00
2.362672829653214013e+00
2.224800244284619311e+00
1.995420883931335432e+00
2.208147908393211178e+00
2.514371426105866725e+00
2.507580043727708041e+00
2.407904181789039200e+00
2.406980908845063993e+00
2.385648863490986926e+00
2.707524497556909271e+00
