2.132480599880017890e-07
4.913378090557697919e-01
5.000818221984084655e-01
7.051484213354346497e-01
7.061492889113202276e-01
7.362135541691945395e-01
7.169955383453562314e-01
6.504283096651762852e-01
5.615315162430065676e-01
6.955598358678630744e-01
9.229739278115943746e-01
1.096357390673761811e+00
1.237472879147795801e+00
1.250768596513440745e+00
1.165199792587287231e+00
1.117685578173410965e+00
1.304757859083379490e+00
1.252265627373058798e+00
1.211424646587662579e+00
1.345177710709405172e+00
1.225066812885557743e+00
1.315196765137592205e+00
1.470305126966317655e+00
1.466965691621134216e+00
1.530616064120215558e+00
1.261520857700129783e+00
1.211782471162917929e+00
1.384457858670063990e+00
1.423888365441824178e+00
1.576620224739528009e+00
1.560171376978366276e+00
1.726371132896702631e+00
1.998220573713948234e+00
1.920638556040421330e+00
1.990879295946059502e+00
1.733277970080919328e+00
1.806254402083444122e+00
1.749849301926910350e+00
1.647533150040718652e+00
1.484689211530920705e+00
1.694790447955746515e+00
1.680622336750986046e+00
1.550262471164346900e+00
1.705113443733303091e+00
1.686160332714834675e+00
1.673957359186647009e+00
1.639461844711494143e+00
1.619116096644585223e+00
1.560167177815520390e+00
1.614912815253842338e+00
1.861170412184459000e+00
1.940641815407203596e+00
1.860775078639709479e+00
1.759809118240825754e+00
1.919661023591910709e+00
1.933994612150460313e+00
2.097396530817943194e+00
1.947252946958294872e+00
1.746359765606897874e+00
1.762180013283614732e+00
1.848400041138595906e+00
1.861605938740413579e+00
1.788439687779602494e+00
1.644600977276318599e+00
1.864817476703142241e+00
1.746029731457239498e+00
1.911027544038886194e+00
1.959651729665298880e+00
2.037395808539356867e+00
2.098497922131991711e+00
2.077559597441118733e+00
2.073077113311722730e+00
2.268999279511305200e+00
2.284660095963649162e+00
2.162903975880918317e+00
2.040736687813081041e+00
2.049456591373682635e+00
2.083613733446464611e+00
1.870939512109682124e+00
1.875409009735664823e+00
1.962332105047837283e+00
1.921669476505575513e+00
1.774161122423256076e+00
1.846286084953513651e+00
1.834559658299939278e+00
1.834381456009687605e+00
1.729256086604309406e+00
1.868649958638822994e+00
1.856597035500937354e+00
1.951235191246954770e+00
1.994300428214806242e+00
2.059173985904285686e+00
2.001866074134598605e+00
1.818259518910061212e+00
1.890672185779633363e+00
1.661949865067777088e+00
1.872331399719467049e+00
1.897537686051171013e+00
1.872178870857445609e+00
1.781429588791237251e+00
