6.031565971695669960e-07
4.906997398966611024e-01
5.753495166964353036e-01
7.825108447144135670e-01
6.936931928883074416e-01
7.445166018800418728e-01
9.783608524026722320e-01
1.188192862857140319e+00
1.202310574718810310e+00
1.391799735146261652e+00
1.355683060076674273e+00
1.119803583396574709e+00
1.234911755642392306e+00
1.296231336100797549e+00
1.320010271656789191e+00
1.224380320234887076e+00
1.271206524965606821e+00
1.313182747433213837e+00
1.431103654430747385e+00
1.288094035369256041e+00
1.380249543100440901e+00
1.364673399980630863e+00
1.440498398010495285e+00
1.606937716144306139e+00
1.578309286220195062e+00
1.297436665590428584e+00
1.439506370635327048e+00
1.315230427936777913e+00
1.527985797079626895e+00
1.465373549775794038e+00
1.555577337481096389e+00
1.531589733896495220e+00
1.565304064407360141e+00
1.531429539744959767e+00
1.657860661474629849e+00
1.733926316351720898e+00
1.984105230518493190e+00
2.033273415086838565e+00
1.999003418499553986e+00
1.775040820715412915e+00
1.840032323331068032e+00
2.105161881287591630e+00
1.851988970055152617e+00
1.877970545081268039e+00
1.798564758984297240e+00
1.849699174039518557e+00
1.691536252178982069e+00
1.582484643604079366e+00
1.874518182643602593e+00
1.566205220125905129e+00
1.451798949357546942e+00
1.512300205229332617e+00
1.661694480032500199e+00
1.842436315035842931e+00
1.910268914428608689e+00
2.006421311278014930e+00
1.994038058937350311e+00
1.937907216291091528e+00
2.072278555507887088e+00
2.308799072828203514e+00
2.240824993287768407e+00
2.374274556714256690e+00
2.457601538827178356e+00
2.500782132234278254e+00
2.774836152432995640e+00
2.723372495749105227e+00
2.808103611519008780e+00
2.589046619468068577e+00
2.581441838044470583e+00
2.368737166246919656e+00
2.244075377698080409e+00
2.083498278981433138e+00
2.188903348623810086e+00
2.004765365597313220e+00
1.988119484362038669e+00
2.075077645906146628e+00
2.157788652839136123e+00
2.311645872139400204e+00
2.433195437671533234e+00
2.562259415901278370e+00
2.435679299595996827e+00
2.286975502793551218e+00
2.446382285762587649e+00
2.535809012138834806e+00
2.646832473525874363e+00
2.529872263125537923e+00
2.577098607445112322e+00
2.538487511173373345e+00
2.422053142791275704e+00
2.375491022941857544e+00
2.414968351108081279e+00
2.637437299951224112e+00
2.466480193773963769e+00
2.075149767158815273e+00
2.077136883119164779e+00
2.121295429960391665e+00
1.858415732957560795e+00
1.707088348281811996e+00
1.884798211635563492e+00
1.805218220735109513e+00
