7.387129490294298213e-07
5.320869998089962083e-01
6.360193404056163624e-01
7.600035468178198972e-01
8.796642124587285005e-01
9.287264489750926000e-01
8.381318023324120237e-01
9.201155127443250148e-01
9.922558165983348388e-01
9.997723697030996837e-01
1.025148549242379525e+00
1.047752575433504862e+00
1.137101010946852897e+00
1.267938972409465626e+00
1.191546417247470346e+00
1.167697815829398245e+00
1.248992943175688985e+00
1.393101572014164180e+00
1.205525515087650046e+00
1.377392724369183918e+00
1.354205089386986804e+00
1.431896793998717721e+00
1.468341636187684207e+00
1.547773218909559878e+00
1.437363648065158594e+00
1.387831191067515402e+00
1.295427871646850582e+00
1.531206079568916190e+00
1.400266345797283485e+00
1.415367115122531105e+00
1.336788032423637196e+00
1.499103779319256091e+00
1.625529822443475325e+00
1.628553063553356273e+00
1.571152110143848590e+00
1.679189038260922917e+00
1.864033674031554622e+00
1.737900218539212727e+00
1.929712886725764909e+00
1.722496306138454392e+00
1.650597162129045614e+00
1.767979220388682604e+00
1.660766861956040952e+00
1.408771956990518159e+00
1.769821242113427395e+00
1.787613952190972189e+00
1.789506928518224127e+00
1.859712240917801074e+00
1.666912918463540505e+00
1.838581060205068951e+00
1.807732113564048948e+00
2.024968401254063188e+00
1.848869082953784604e+00
2.126557112600738542e+00
1.922634627089454318e+00
2.027638480901414297e+00
2.044014391006446552e+00
2.134015410248372824e+00
1.762601640517617252e+00
1.998084772888061300e+00
2.255598646990482070e+00
2.346689818488560508e+00
2.459142010524150823e+00
2.271512654267239029e+00
2.300132472359285973e+00
2.493519729747067704e+00
2.182660624594856991e+00
2.288751797612716743e+00
2.309371468127476401e+00
2.331869624111745587e+00
2.382383411721941346e+00
2.588942043483586808e+00
2.485522700573548072e+00
2.437768375758348594e+00
2.568888447091431271e+00
2.922596720076473087e+00
2.841416654643492468e+00
2.895439597648112873e+00
2.942871409436967234e+00
3.208877350057627531e+00
3.260905093759085549e+00
3.052486364424954690e+00
3.183616779510610950e+00
3.141911306565042583e+00
2.962011869198146741e+00
2.724287675551654964e+00
2.883375482482549046e+00
2.890425607148028764e+00
2.757682470468485914e+00
2.874831715898485740e+00
2.544822511681696486e+00
2.525545600871214713e+00
2.401421129400268306e+00
2.663648869597406321e+00
2.533492944687750992e+00
2.653924494944712276e+00
2.775275495594758723e+00
2.957540563396072741e+00
2.715426667194616339e+00
2.787201406826848693e+00
