3.015782985847834980e-07
4.612598984130332203e-01
6.226887934852067819e-01
6.067628316786074505e-01
6.370729189152209981e-01
6.784105646475099283e-01
7.163971269413654808e-01
7.444322821217931319e-01
7.394186620561753465e-01
8.359743170221344277e-01
8.848786564781752073e-01
8.682273589467712771e-01
1.018429992145895024e+00
1.133599839714291901e+00
1.077551330936064478e+00
1.276482252901914860e+00
1.243079173993308251e+00
1.230937828996681915e+00
1.165155597856891934e+00
1.172705063580753881e+00
1.154929937759326952e+00
1.180073341100778439e+00
1.156800299223543327e+00
1.373649691081009649e+00
1.427637045843074048e+00
1.465285663273758976e+00
1.422266382240641613e+00
1.485231593627820201e+00
1.314537938944755791e+00
1.514308512148513586e+00
1.367046793937950255e+00
1.412123220274493107e+00
1.501121212227135793e+00
1.365943395046176789e+00
1.516185174873402319e+00
1.424211101217205622e+00
1.491717600160356483e+00
1.487974678169528664e+00
1.581030844746627473e+00
1.492858751451936250e+00
1.456155409406290957e+00
1.576659756949361446e+00
1.432466375879322573e+00
1.430004777664943605e+00
1.366681390495748438e+00
1.432583648191224635e+00
1.503121363649750686e+00
1.699351366755299741e+00
1.611911580860103221e+00
1.633949314140568765e+00
1.500433624328855409e+00
1.440232006195244940e+00
1.381400152630938960e+00
1.546201977595653698e+00
1.445900623670683505e+00
1.541398904134257286e+00
1.484177773494684827e+00
1.444595217427719458e+00
1.466793956725983117e+00
1.425451161180819382e+00
1.617683912875057306e+00
1.658409805639413648e+00
1.850230499618831237e+00
1.834214841263734463e+00
1.912709704880288797e+00
2.085552985191848840e+00
1.983959771495395819e+00
2.061971127160292294e+00
2.233885308248212187e+00
2.210272758815568395e+00
2.132348482500701525e+00
2.046204714876235453e+00
1.980627713777578291e+00
2.157449047234819783e+00
1.970607737902857926e+00
2.117381812459984580e+00
2.038100383590402576e+00
1.972704849334577570e+00
1.997019286932695259e+00
2.232161593799055321e+00
2.145672485677510455e+00
1.894707356575699553e+00
2.084703543212367283e+00
2.028569257691986039e+00
2.126645001262376766e+00
2.231592454051082086e+00
2.232596563186156402e+00
2.258514155837822557e+00
2.366410583383832034e+00
2.556057007487962274e+00
2.518011242662180571e+00
2.420956269063487820e+00
2.525112206776082946e+00
2.354341788431816518e+00
2.390492655518410725e+00
2.319654310417313958e+00
2.199952563230473057e+00
2.102385017893400487e+00
2.138988593390383830e+00
2.000412155027019523e+00
