0.000000000000000000e+00
5.823578472197832312e-01
5.998545289910445222e-01
6.903977256348499125e-01
8.186629672462165663e-01
7.665314785376919904e-01
8.388758475871590514e-01
9.760506276059325304e-01
1.107273973352512320e+00
1.326409223511122670e+00
1.324528788493178455e+00
1.444659274780607960e+00
1.381953126676585875e+00
1.443119263276631870e+00
1.301868893555356843e+00
1.322605675252019442e+00
1.507516264246582915e+00
1.495812959067023051e+00
1.793995199491360104e+00
1.633211294924486356e+00
1.753286545185129608e+00
1.582241481166257291e+00
1.797521100349534828e+00
1.921572127571697264e+00
1.759801201244137525e+00
1.606888577460401812e+00
1.649939704720430278e+00
1.739657794858920470e+00
1.920639814214544883e+00
1.947682738691812521e+00
2.106718159119560507e+00
2.196952898492406714e+00
2.057615985579311246e+00
2.250732421757864810e+00
2.306641213715243666e+00
2.222112028227255287e+00
2.404512123771399335e+00
2.391861565962104308e+00
2.338970531649121831e+00
2.303655887714918471e+00
2.452831951785125142e+00
2.521453729282607359e+00
2.427289349524563100e+00
2.463401029666828279e+00
2.417348361828484560e+00
2.490963246846154444e+00
2.595381670953794462e+00
2.420811004060272609e+00
2.404260068210765322e+00
2.437808944419935120e+00
2.349512157674904511e+00
2.448472368452564218e+00
2.458833645732009909e+00
2.446652255004759802e+00
2.545729545804978233e+00
2.437607821936641717e+00
2.503418417470930635e+00
2.431081210866547604e+00
2.394728076050799181e+00
2.526920102216156039e+00
2.531076853818319261e+00
2.582102360005991137e+00
2.608958090020891518e+00
2.898374912722591290e+00
2.647672140110213679e+00
2.705124803708806258e+00
2.797525366411313108e+00
2.764784122979617731e+00
2.762475289114048937e+00
2.813471046858612823e+00
2.709793456024918168e+00
2.778776925044574408e+00
2.800231435428361504e+00
2.895902783959205973e+00
2.911173012328711618e+00
2.871475164046330519e+00
2.728031558117467448e+00
2.734328377789113862e+00
2.853708939536635292e+00
2.775454138147948058e+00
2.866330862328645424e+00
2.980973335019265757e+00
2.985281214867456345e+00
2.965320636904799301e+00
3.161970302236037256e+00
3.143317981393707772e+00
3.125126918440458645e+00
2.920530235162955179e+00
2.742635141995742210e+00
2.845192067611097109e+00
2.897949889263483847e+00
2.884510024379212556e+00
2.839342856650231450e+00
2.951277480144811172e+00
3.005320001966220733e+00
2.926196077433998344e+00
2.931777359222821566e+00
3.157876568605700207e+00
3.102370799719626149e+00
2.965331485260108035e+00
