0.000000000000000000e+00
4.322111172569337856e-01
5.061709156745775040e-01
5.058596835383999402e-01
5.809880223288794721e-01
5.828606657379553635e-01
7.268409324558083862e-01
7.276020426033404931e-01
8.711328497569574836e-01
9.161454750822594084e-01
1.025532968252535149e+00
1.002910607406732879e+00
1.141595098503707106e+00
1.262884553832827272e+00
1.166002943319661922e+00
1.568446182796016330e+00
1.624167829723534906e+00
1.479361252109962388e+00
1.333483626819479628e+00
1.636840165609448894e+00
1.568676126050613906e+00
1.521458467013861782e+00
1.535630819895427823e+00
1.588216423688275425e+00
1.683497791773341357e+00
1.593687295161428930e+00
1.637825513036472724e+00
1.709375581212823514e+00
1.799622300802413477e+00
1.879191569325166622e+00
1.960902655152333418e+00
1.877166077432061098e+00
1.941415140039432830e+00
2.117331871463080439e+00
1.918138646659681257e+00
1.915395439909716835e+00
2.233767593035515642e+00
2.271330460143394792e+00
2.120855070638571593e+00
2.280248684664501369e+00
2.413731662871166250e+00
2.560766599122967335e+00
2.593870929355190924e+00
2.607771844256584703e+00
2.803869822250848465e+00
2.483169696021456208e+00
2.480602731731726074e+00
2.386055476935287967e+00
2.539486396952042924e+00
2.628214354874089942e+00
2.529386448396051090e+00
2.437327969673755756e+00
2.476435429338739613e+00
2.551285790208395632e+00
2.434301997531539641e+00
2.455450550876406179e+00
2.584088500887152584e+00
2.417439739531793919e+00
2.397697491514516610e+00
2.445937170725674736e+00
2.400711387620159343e+00
2.444972883693701693e+00
2.575584828955546079e+00
2.307104100011765357e+00
2.377040827024349490e+00
2.310447931649343367e+00
2.274681149646294198e+00
2.424638045875411763e+00
2.131323706098745774e+00
2.018915685836284002e+00
1.915632458070306798e+00
1.835240635861291603e+00
2.194037144577507981e+00
2.010427305407519682e+00
1.802057256563079246e+00
2.058451774021463621e+00
1.976154875055286197e+00
2.114952379568935559e+00
2.040252835073541604e+00
2.124390599706465377e+00
2.122955840629909385e+00
2.299179652373308791e+00
2.351404564508138062e+00
2.184859041979400729e+00
2.147904414780025029e+00
2.106881238495045938e+00
2.136817063726647259e+00
2.230168554261549030e+00
2.249413864106912353e+00
2.258540398677524763e+00
2.279197034169163416e+00
2.123658165220008165e+00
2.405379006967097499e+00
2.415727886935824742e+00
2.478363862124932648e+00
2.454492237293203427e+00
2.519880695701785633e+00
2.861444578337883016e+00
2.972627036427732072e+00
2.995950478122374250e+00
