0.000000000000000000e+00
5.383380410508807890e-01
6.413938094808860901e-01
6.333060778981948191e-01
5.809172095300605410e-01
7.019114053293036282e-01
5.593295799591703199e-01
6.284800187681376382e-01
8.025866075399170629e-01
8.679490382155037320e-01
8.905403569478607118e-01
1.046638886635553822e+00
1.100845659568655099e+00
1.099296318669170436e+00
1.170287364905864047e+00
1.220195714689788824e+00
1.119217652035091604e+00
9.985263444507076480e-01
1.023271700760632452e+00
9.749874020147554221e-01
1.029723027711700656e+00
1.016889873316793924e+00
8.953200774481447910e-01
1.057064882783738557e+00
1.164265189239742426e+00
1.295623499231283837e+00
1.257801268023278407e+00
1.140683484353186117e+00
1.066584508247456542e+00
9.634667584472002000e-01
1.071806843400155307e+00
1.268164920268380458e+00
1.201409537237921876e+00
1.472665894324564295e+00
1.552038655646222454e+00
1.629667650082347485e+00
1.783568334853783854e+00
1.682893426614672228e+00
1.644744366077469655e+00
1.799075257030344543e+00
1.711928137551700146e+00
1.771026529432988994e+00
1.792749012884385484e+00
1.476181466696443456e+00
1.571221448655289787e+00
1.628497865465695638e+00
1.434250839637166264e+00
1.578632130895578412e+00
1.743624396854841940e+00
1.959053194954594401e+00
1.807774992467036990e+00
1.909875137699425851e+00
1.792474247075275029e+00
1.798163991397741190e+00
1.813566519970713387e+00
1.731690346566530314e+00
2.025093338465751014e+00
2.138287747333070588e+00
2.050522957346386121e+00
2.013484142788062314e+00
2.004037037163246993e+00
1.992756146541292628e+00
2.032782084615811780e+00
1.836950209518319888e+00
1.623784165173066896e+00
1.859904912755994566e+00
1.837431012911468153e+00
1.868845596047068680e+00
1.965333634383623407e+00
2.137340769983516964e+00
1.970176256135275139e+00
2.120824941061494773e+00
2.009682021810611285e+00
2.095006415186940529e+00
2.119297557235476415e+00
2.296337735674844449e+00
2.405968043325823036e+00
2.652901153828010727e+00
2.810690265352749240e+00
2.559425153886219384e+00
2.701032471209308561e+00
2.811524920728550647e+00
2.859142389722420408e+00
2.892200131966452314e+00
2.896742566302337618e+00
2.730360786557924690e+00
2.821872044294286841e+00
2.769610125972494341e+00
2.742268040177091137e+00
2.748170259243916558e+00
2.588045339585031801e+00
2.621862014951545916e+00
2.522984527344596994e+00
2.212408625957600794e+00
2.361755231076281270e+00
2.284940830452609095e+00
2.281779713359962436e+00
2.192050941002152697e+00
2.004103957765940969e+00
2.262651260053388125e+00
