2.132480599880017890e-07
4.241405936970923940e-01
5.073353234856332605e-01
6.908718286757226101e-01
8.786848705720742281e-01
1.072183339740375052e+00
9.554038306464532893e-01
1.110364738099756554e+00
8.508539950794614670e-01
9.146593312923350094e-01
1.080898057100676546e+00
1.005856122862799129e+00
9.738484273253760204e-01
1.149468173714862207e+00
1.205299151842930128e+00
1.195969132384943512e+00
1.253621912712777231e+00
1.359112714148550838e+00
1.442311907229309131e+00
1.820521936630115523e+00
1.672856892616982449e+00
1.720288077480466304e+00
1.801089729953598839e+00
1.827360867538520894e+00
1.756736212156597698e+00
1.808036465276497085e+00
1.999228428791973711e+00
1.803952213834280505e+00
1.676316018422432386e+00
1.511001810060466077e+00
1.438415421804645433e+00
1.562757030005537118e+00
1.732275814984339357e+00
1.838382269638806132e+00
1.774094427947657371e+00
1.789826816231967488e+00
1.829157120385098034e+00
1.986774382502568770e+00
1.903164380237235109e+00
1.759759855865985045e+00
1.570946063663459347e+00
1.568158899403615747e+00
1.502452207776850956e+00
1.689537062005805446e+00
1.659554051353191673e+00
1.718905768343471197e+00
1.764439291616092476e+00
1.986940758258710638e+00
1.978931893994733127e+00
1.903717467990697187e+00
2.049762165398164360e+00
2.075824713991309967e+00
2.016969514982366096e+00
1.953691891196301489e+00
1.999835647456491783e+00
2.199326454341616888e+00
2.180709341862455464e+00
2.015301286885522458e+00
1.895580076056377905e+00
1.861450239345148638e+00
1.621132746377641043e+00
1.850685594759126751e+00
1.789535118128354307e+00
1.826986099201119318e+00
1.894237099709757066e+00
2.042827874127497001e+00
1.798643259871553379e+00
1.710732909823416525e+00
1.661803325236669515e+00
1.734475550371843644e+00
1.842980963975999753e+00
1.784319657378777180e+00
1.788929208422570527e+00
1.740423998221002799e+00
1.542082257572392034e+00
1.677030174416160202e+00
1.537661050644042682e+00
1.552953556144856195e+00
1.772214686322456600e+00
1.753343133807738097e+00
1.759935821057485583e+00
1.912777161183904395e+00
1.877328806948268980e+00
1.799664925304888641e+00
1.742553857364100178e+00
1.791789598042078602e+00
1.818546748058115670e+00
1.773002727420972313e+00
1.909740438062615731e+00
1.828056625689868708e+00
1.829616418354152785e+00
1.632237191172607682e+00
1.693744763848328727e+00
1.841458980088299668e+00
1.491720446847110804e+00
1.554900861578867310e+00
1.539398783963645378e+00
1.580234938397803379e+00
1.462024781857302447e+00
1.504531619740014481e+00
