4.264961199760035779e-07
5.299158602553839525e-01
6.254898574441851711e-01
6.374353777407278931e-01
5.513488567976433385e-01
6.285508234196915955e-01
7.216358114637425603e-01
7.911351421466458200e-01
7.814357506115523488e-01
7.776916275950419566e-01
9.072215506046479305e-01
9.198485794316058062e-01
1.071079657535203733e+00
1.085065383093688718e+00
1.208938947761313276e+00
1.134259932968657791e+00
1.293324918153910152e+00
1.088208667968003196e+00
1.167601353071292536e+00
1.346169512592364281e+00
1.372705691672605255e+00
1.660148202975596066e+00
1.680863847051144111e+00
1.884253107681588268e+00
1.898548260051403425e+00
1.942585767069731517e+00
2.203524574756623000e+00
2.194820727074716871e+00
2.155626206634275288e+00
2.257035695932405606e+00
1.981329901180963082e+00
1.960194795902472586e+00
1.925049398781371934e+00
2.020507916282912042e+00
1.978519781807845712e+00
2.006744645722485121e+00
1.911895262761205361e+00
1.915149115068120578e+00
2.001833558902843091e+00
2.097909979582879281e+00
2.099335392060330818e+00
1.958580061027102470e+00
1.961172011972532214e+00
1.947156898595881591e+00
1.926288825472535438e+00
1.960699765128268046e+00
1.883317888043923860e+00
1.916025339386771886e+00
2.078497422366545333e+00
2.045250404544958656e+00
2.045042776370816551e+00
1.915104125618581454e+00
2.034261696409934927e+00
2.006358171408584745e+00
2.138653805214265180e+00
2.162955449756823523e+00
2.212459469008232649e+00
2.051269542277127655e+00
2.155397780328800028e+00
2.050174405671923328e+00
2.093472640160269460e+00
1.933593989040422123e+00
2.025253070410187650e+00
2.107972959913476441e+00
2.448875639698309126e+00
2.307690117093373683e+00
2.386226774882461932e+00
2.158803435733854137e+00
2.205965882522020305e+00
2.533277505940129348e+00
2.501473975965369245e+00
2.370788378411238462e+00
2.208405523545044602e+00
2.420936022329000181e+00
2.436985810164886246e+00
2.372887663868023189e+00
2.231928601469399975e+00
2.300633844523245930e+00
2.313346102567184204e+00
2.181185948502370131e+00
2.260790369898625141e+00
2.309013043086202810e+00
2.101369439485807344e+00
2.325225567262006354e+00
2.248602577392921464e+00
2.130478099757867394e+00
2.131941147351657406e+00
2.201815965079756410e+00
2.402572188152130472e+00
2.355735557979321104e+00
2.365838827109676412e+00
2.552081605522911634e+00
2.451524215049922351e+00
2.385095815897232185e+00
2.339768050076669326e+00
2.216270244906409115e+00
2.157701867959041842e+00
2.357854056538718268e+00
2.514239274171347294e+00
2.148557266288033674e+00
