2.132480599880017890e-07
5.856431624793728696e-01
8.353399399988591378e-01
9.850091982962257964e-01
1.000877640359435494e+00
7.999438634894547873e-01
6.755933389573542946e-01
7.233141992881571003e-01
7.488885563347542629e-01
9.012289844847846121e-01
9.608778150797953055e-01
1.074673986717336716e+00
1.382037422494904355e+00
1.631723710867052368e+00
1.343200655284116474e+00
1.259023768231097407e+00
1.334822487509826905e+00
1.310800620375880854e+00
1.304741558560206016e+00
1.328907982072879523e+00
1.384568926825634039e+00
1.462935541234282821e+00
1.523795113511446475e+00
1.368965316024962631e+00
1.337106212113740256e+00
1.341635321285532756e+00
1.702488897887006303e+00
1.576912456030108656e+00
1.769701724821061140e+00
1.692356296265554727e+00
1.789138546613177727e+00
2.070369072150747503e+00
2.049289291643321409e+00
1.798280776562550587e+00
1.746171497009923357e+00
1.805756764931601310e+00
1.639135584826891812e+00
2.022215276706397447e+00
1.791545908709473389e+00
2.025550434751251405e+00
1.831397803488288289e+00
1.820600958463098218e+00
1.855307305852599509e+00
1.590690524407421425e+00
1.602394895247459594e+00
1.613165791825037720e+00
1.607483995821491263e+00
1.446944677694840697e+00
1.362141085602904811e+00
1.590999252425459476e+00
1.342051323833807430e+00
1.552917952253055622e+00
1.717128834102179757e+00
1.737531575233191461e+00
1.756046872872847109e+00
1.680285574070993881e+00
1.825824111290152985e+00
1.991285055605422905e+00
2.056909452644683611e+00
2.171477436061402422e+00
1.866596315225266256e+00
2.133843910613728578e+00
2.159987368175101619e+00
2.212464391149289611e+00
2.051334222295186027e+00
1.967038907084627697e+00
2.037616697445848946e+00
2.009734724848955434e+00
2.097911903602653894e+00
1.961074949164980152e+00
2.243985068767477387e+00
2.268000873063866329e+00
2.220391305446218322e+00
1.924782776010292684e+00
1.986607921880366501e+00
2.161598280464256394e+00
2.048294606929658812e+00
2.035274225838731077e+00
1.884157095092147127e+00
1.787150857196431408e+00
1.908705841204906939e+00
1.899686021094214361e+00
1.970416017575423950e+00
1.887788089779795175e+00
2.186049351329669932e+00
2.175738451089689551e+00
1.939359240588195643e+00
2.111837268104717502e+00
2.268936868338519819e+00
2.149601281571221989e+00
2.140451834357754102e+00
2.079061742845262906e+00
2.135255056465217738e+00
2.188513729203911407e+00
2.220502071859173032e+00
1.964229660980009395e+00
2.073560994631348908e+00
2.235940647863701169e+00
2.316791261837806815e+00
2.462571258192761903e+00
