6.031565971695669960e-07
4.716995790022355806e-01
6.103130535948610991e-01
7.526230229078343381e-01
8.287938708962178103e-01
8.520636585398163598e-01
8.615298504498473120e-01
9.231145528719196802e-01
8.337029207240885809e-01
9.797011127987507173e-01
1.044633923715210022e+00
1.164188011800589173e+00
1.026263491110174453e+00
1.108951979626289219e+00
1.123501381680341638e+00
1.174435634703216991e+00
1.148735687723483778e+00
1.206112796687390354e+00
1.286366111935829837e+00
1.254857737943530172e+00
1.226955636324055687e+00
1.299674464392119644e+00
1.205505814123407182e+00
1.105781814225473392e+00
1.207563279866584294e+00
1.414896100151664005e+00
1.124030551883220763e+00
1.048037207020576123e+00
1.230599173905949861e+00
1.258730773478644593e+00
1.258808199232177794e+00
1.473376201400591112e+00
1.655452825838780173e+00
1.368167249104973671e+00
1.525346802653778866e+00
1.890921957593131530e+00
1.749978926345182151e+00
1.711301968199706591e+00
1.697203600872733364e+00
1.996531236446196456e+00
2.109824653735335787e+00
2.096793544755705785e+00
2.132042920935240726e+00
1.940425640452338563e+00
1.781650529824526652e+00
1.663338947739016804e+00
1.709045778953563799e+00
1.748500182618649257e+00
1.903300101073014172e+00
1.887016496752143002e+00
1.856764864263338088e+00
1.855486870502691010e+00
1.812468112350724470e+00
1.986129653341621282e+00
1.897496219476573209e+00
2.001375951968056732e+00
1.781364798137787142e+00
1.719668284916290313e+00
2.055840015732357084e+00
2.106873827423163981e+00
2.091173323025845132e+00
2.246408939905226276e+00
2.187551040023012483e+00
2.195030801882810412e+00
2.101596128758855375e+00
2.121042740728599441e+00
2.252104151573665280e+00
2.504729076488358519e+00
2.403804772272825740e+00
2.539259844031334534e+00
2.294198415945364555e+00
2.286128964999009749e+00
2.297072347921978785e+00
2.423440698959156592e+00
2.265883750070018632e+00
2.294412572218615054e+00
2.399468265631234498e+00
2.391365651819173710e+00
2.454037415226274721e+00
2.475713546093869954e+00
2.587155639314271394e+00
2.758979621205471133e+00
2.514709890491388489e+00
2.466585462552597807e+00
2.496485842396000354e+00
2.829215923291751089e+00
2.930321091995970573e+00
3.040154324954262410e+00
3.148928089064125579e+00
3.089435482789105514e+00
3.128014434266457755e+00
3.052857995398808200e+00
3.066726190831531973e+00
3.045921642533290452e+00
2.736678911915499501e+00
2.558740880129985129e+00
2.869475580349244215e+00
2.801026558032132741e+00
2.840854000844925231e+00
2.813263297045627276e+00
