2.132480599880017890e-07
4.546821967676151210e-01
6.318598689063004148e-01
7.058811954215362672e-01
6.863053024862829643e-01
9.023222399646224634e-01
8.933254261891961923e-01
9.100406508264933247e-01
1.063595858215499179e+00
1.260419942184469289e+00
1.303146544999195688e+00
1.277609866691301388e+00
1.393870813585950996e+00
1.190943480831711865e+00
1.136782467657952989e+00
9.080868772824207680e-01
7.632727618096371014e-01
7.601699636379506408e-01
8.264520786781248685e-01
8.323619810344290437e-01
9.180692302248641967e-01
9.885284389951962680e-01
8.028639841907379004e-01
6.690751298832904315e-01
1.066233875585854474e+00
1.054600770233844020e+00
1.162562183945042182e+00
1.110274569624065011e+00
9.980434082422445785e-01
8.839062371801950091e-01
9.789522719181239507e-01
1.249038528549109683e+00
1.374128582806079413e+00
1.254815916398948961e+00
1.161322506932702225e+00
1.296362537842115081e+00
1.403108634329503168e+00
1.233978405796768207e+00
1.249818971990225736e+00
1.212735375888882583e+00
1.010869508725007471e+00
1.003863440068255120e+00
1.124497298828697422e+00
1.137270655192931912e+00
1.227054376587125351e+00
1.015675945357638943e+00
8.840140569509359336e-01
9.413619116831380973e-01
1.004858417108975388e+00
1.048504118135256347e+00
7.888650215460293325e-01
1.020285311914256754e+00
1.129892294002264652e+00
1.113025109869817175e+00
1.071595560193214780e+00
1.024074942892320816e+00
1.251699429443350553e+00
1.512312747934071444e+00
1.440778811647971391e+00
1.281791558597037417e+00
1.191658713989425467e+00
1.150223074198989170e+00
1.349859437009259810e+00
1.534808976788062829e+00
1.727569660129892659e+00
1.792799197761872465e+00
1.584956977142242485e+00
1.587131545114780273e+00
1.389922374522414517e+00
1.511252636270927541e+00
1.489734214756865072e+00
1.451688170145299939e+00
1.513287834310101054e+00
1.452401101592489141e+00
1.372729150967752831e+00
1.246404710455700560e+00
1.201673755593192894e+00
1.184039617785698661e+00
1.409441277083844035e+00
1.596862052184976788e+00
1.613223151294248980e+00
1.511384991881586037e+00
1.516660686827279614e+00
1.537305140319050079e+00
1.337091208255264396e+00
1.238395507552721764e+00
1.515014562649946717e+00
1.462543524221999292e+00
1.387857984449624826e+00
1.249635521202437038e+00
1.345245914220620564e+00
1.140533570303166266e+00
1.295191936644297659e+00
1.318937292287559071e+00
1.503896451481816054e+00
1.528255151216948216e+00
1.580118035998558934e+00
1.499066796501949739e+00
1.556890339744535723e+00
1.627579679814797009e+00
