1.507891492923917490e-07
4.220033953129194715e-01
5.380140230988634809e-01
6.804006995793371315e-01
8.004787508124744377e-01
6.739772778370450856e-01
8.342683618498949460e-01
9.441032752653266691e-01
9.746774959532179539e-01
1.099213751611266554e+00
8.157129757514447466e-01
8.643248957271101318e-01
9.372346490506596739e-01
9.877352549269458049e-01
1.172480247018966804e+00
1.198132533768933694e+00
1.057621194939026843e+00
1.136380491464856757e+00
1.183268996160675046e+00
1.151698874817908891e+00
1.207914464811472133e+00
1.167266917180349362e+00
1.253111001534924940e+00
1.242518409960418291e+00
1.395372558124397200e+00
1.303296668624454036e+00
1.128272229538458626e+00
1.431276099940869129e+00
1.310432945841947250e+00
1.326335336208043447e+00
1.453012757897478524e+00
1.457013502571985919e+00
1.748574989954879477e+00
1.503091721509385525e+00
1.423115665844348232e+00
1.307273631042848105e+00
1.428894010983342788e+00
1.442656590417822793e+00
1.459332246153135726e+00
1.415460546215215887e+00
1.236746841843980871e+00
1.307046798899301976e+00
1.204206532025096088e+00
1.180359983954840430e+00
1.118661491197176394e+00
1.235026580804712726e+00
1.095949415406522798e+00
1.101417706937521501e+00
1.116649349077041942e+00
1.028145170597521751e+00
1.242159111392676651e+00
1.222161550175874245e+00
1.112578764520737229e+00
1.157712864266669417e+00
1.157659297431044898e+00
1.100984996135154548e+00
1.256943731107141859e+00
1.190916383418361368e+00
1.218542877574400052e+00
1.131837958062397176e+00
1.119672607899323769e+00
1.000540419268143744e+00
1.084055867907292026e+00
1.153406258257892114e+00
9.664194462916945172e-01
9.291288176941050470e-01
9.910239849959442404e-01
1.060967481587782313e+00
1.088346760938420532e+00
1.120715016023099864e+00
1.121061410958561044e+00
1.141912786641194222e+00
1.117244263433740725e+00
1.173036237321455566e+00
1.072046777965790287e+00
1.153642680351652849e+00
1.200103275157143434e+00
1.211832753702243304e+00
1.081227234992193642e+00
1.168756821753972996e+00
1.547941656498256879e+00
1.332406372672747308e+00
1.278367765052363492e+00
1.212744833910048170e+00
1.317068043535405186e+00
1.413928783684663015e+00
1.333248868139704557e+00
1.104772849075874364e+00
1.296327712796603082e+00
1.144732991157781044e+00
1.268768973148482804e+00
1.322395376950219914e+00
1.483947028513502353e+00
1.565799610955223908e+00
1.304359951559284303e+00
1.509049237535711629e+00
1.439337907591882626e+00
1.396038608982451246e+00
1.266657309021570033e+00
1.367404993453099404e+00
