1.507891492923917490e-07
3.328763547702917047e-01
4.956118859830529466e-01
6.123662146271049433e-01
6.037549203308144596e-01
6.561413953836789936e-01
8.725101253816710534e-01
8.363043639691746245e-01
9.078250164496873831e-01
1.139130996319127842e+00
1.052178474702152311e+00
1.243894136005192275e+00
1.257177092408171770e+00
1.096126739488777035e+00
1.016069311534675501e+00
1.015383388195150394e+00
9.732085978330756726e-01
9.332093779731039929e-01
1.250626809997475553e+00
1.138547639304637427e+00
9.944842196102474663e-01
1.150724571224403414e+00
1.048257749302439423e+00
1.160479216865255792e+00
1.136970232237650702e+00
1.112765756388757632e+00
1.261830233740120377e+00
1.238303510962164511e+00
1.387959344703573406e+00
1.296545476812050124e+00
1.321349544804667708e+00
1.265302981125945303e+00
1.430320156666720743e+00
1.314634386251571918e+00
1.237843992660640602e+00
1.486307263192202521e+00
1.481731231795583303e+00
1.472683573187033357e+00
1.431219795482125523e+00
1.525737443251092840e+00
1.370039924460205061e+00
1.405888662379544130e+00
1.344185610074155379e+00
1.184593644598332052e+00
1.270805557995647428e+00
1.431603688521946527e+00
1.155152279179491037e+00
1.090783053702851779e+00
1.092076462868379894e+00
1.318898634644426471e+00
1.345951748688581251e+00
1.261799820666192895e+00
1.493340635254013504e+00
1.453300421196809911e+00
1.632332909839192991e+00
1.530847101408779443e+00
1.752934544398744521e+00
1.505244291646995913e+00
1.700331161188666229e+00
1.747157463685167667e+00
1.669982885013930662e+00
1.544989672448263018e+00
1.484712879454952894e+00
1.386978010538657768e+00
1.517612582517676501e+00
1.558405662038480077e+00
1.711200498953795446e+00
1.694185152360238034e+00
1.815074693598644373e+00
1.856216232640188757e+00
2.005991363403103467e+00
1.801510272362895293e+00
1.844208168149501503e+00
1.978125429701731663e+00
2.107697191770698808e+00
2.255833290799918789e+00
2.188841323342388456e+00
2.244551198788315993e+00
2.348602611765560066e+00
2.507041852656054726e+00
2.491658861602929598e+00
2.591641518328202221e+00
2.516164582809810035e+00
2.392399527121873426e+00
2.542113326142023677e+00
2.719010844192396359e+00
2.707198948177188758e+00
2.774938371808636450e+00
2.612233447282343413e+00
2.471765268467407406e+00
2.423879453655174210e+00
2.397248487090369196e+00
2.311570705115327140e+00
2.249782632840367835e+00
2.157798880135949560e+00
2.271903540191592796e+00
2.127019768926996957e+00
2.165212685341553644e+00
2.070375443712902275e+00
2.015331011033513864e+00
