1.507891492923917490e-07
5.081016923662449170e-01
6.642178765805885066e-01
5.913579833266232599e-01
5.888354192318178137e-01
7.224800627480679749e-01
7.051799246204877303e-01
7.970405378399350038e-01
9.277166794707032427e-01
8.648304995500165626e-01
8.901760047783008334e-01
7.835028683434019925e-01
8.531939700908435231e-01
8.819999540758181045e-01
7.326259740455891567e-01
6.075941203499960475e-01
7.730070848910695069e-01
7.820727351125409399e-01
7.548465988990016307e-01
8.626090684986467139e-01
1.011070113210488230e+00
8.395438153703209672e-01
9.383361221536395957e-01
8.108213276191351682e-01
6.893682434734650366e-01
6.265017299461645983e-01
7.227312670909736836e-01
6.436607951796696758e-01
6.657876701261052910e-01
6.846525327120149829e-01
7.782548075348783012e-01
7.815499252792600382e-01
8.736579567404862967e-01
6.137296314692343158e-01
7.827517366022532785e-01
8.435110504250932228e-01
9.819322671977389616e-01
8.063678046393204513e-01
8.625285876492985171e-01
9.147188863112670765e-01
9.720947037450780037e-01
9.659161595822626234e-01
8.247946173208198228e-01
8.899366999468987238e-01
9.396355843739362390e-01
8.261594837439815153e-01
8.959394294371880729e-01
8.646615193955696776e-01
7.827277985982270536e-01
9.223508150990334942e-01
9.993605444095008394e-01
9.352003656632837947e-01
8.611793456472062180e-01
8.235174407857245304e-01
8.804875495155471965e-01
8.860930470158699945e-01
8.113900920180135978e-01
9.473667557667746486e-01
1.055156369408893680e+00
9.415393210795447443e-01
1.196622641506184692e+00
1.326046715638558693e+00
1.272710170496939242e+00
1.308750446767081188e+00
1.385746028538551000e+00
1.368737646865467728e+00
1.340757147913188119e+00
1.345696670150043239e+00
1.332426736036943948e+00
1.164522883239557993e+00
1.330300681316112454e+00
1.450134259222366273e+00
1.393632952688517612e+00
1.501337863106297910e+00
1.365322276441658378e+00
1.421316496578213906e+00
1.197510104645774121e+00
1.136303797229130552e+00
1.246069656573274731e+00
1.172078590641711493e+00
1.120521185515638951e+00
1.222101383083386228e+00
1.399941110418271739e+00
1.409154267784924253e+00
1.443109220573657314e+00
1.649074708049641957e+00
1.517744245457255170e+00
1.446271411238542193e+00
1.547694003977020838e+00
1.318401547017909570e+00
1.378735400572641767e+00
1.563687233677679256e+00
1.569779602156140319e+00
1.554484376896148046e+00
1.523171263226763106e+00
1.641326171162441172e+00
1.476571860717879492e+00
1.451100710346419742e+00
1.571372889805078943e+00
1.432810014830120160e+00
