1.507891492923917490e-07
4.691724895326987443e-01
4.935428243924226410e-01
3.606084847915434488e-01
5.858934035993164091e-01
5.774950540321619474e-01
4.452489401564182492e-01
5.018398899940403890e-01
6.146641432006945127e-01
6.411886348722201090e-01
7.268588427354685244e-01
7.489699980743520502e-01
8.195057753897901920e-01
8.255940005138622251e-01
9.918022394898086125e-01
1.133946979227025365e+00
9.828411789159494649e-01
8.309788807358597928e-01
7.913594194386489589e-01
7.295002780983761426e-01
9.685275585043487956e-01
8.649523134162625526e-01
8.517761240079414486e-01
8.597889031134200444e-01
8.596541195592313223e-01
8.819569083430160994e-01
1.000209306243610374e+00
9.717991057303451141e-01
9.937966871285340842e-01
1.012679380570778997e+00
1.030305054221544836e+00
1.129784610763278074e+00
1.036416116199184279e+00
1.092236368526797952e+00
1.219561886203141210e+00
1.303803248476278487e+00
1.188043296888853240e+00
1.106020388293975865e+00
8.645723743531004146e-01
1.028196755677752039e+00
1.091887521626461854e+00
1.237516744295298121e+00
1.271385196669882589e+00
1.230940633979139776e+00
1.226270983778420254e+00
1.355943834976053752e+00
1.316969158688239272e+00
1.132158705683237843e+00
1.190369452565567920e+00
1.287698465946930160e+00
1.299630267348717227e+00
1.181895915828079957e+00
1.287623161004913364e+00
1.307608145462982874e+00
1.128930744594152102e+00
1.139757293889939405e+00
1.085503381023402047e+00
1.278238205595410903e+00
1.180495855628797885e+00
1.358426277688594030e+00
1.345710051606274327e+00
1.228044094047409995e+00
1.275021579547520378e+00
1.278107669164195270e+00
1.368665931438102668e+00
1.250277351995746411e+00
1.501682604039492164e+00
1.365431166132018870e+00
1.320214143350215030e+00
1.132095634962824615e+00
1.419457878046439303e+00
1.417465088231614878e+00
1.358022952004621864e+00
1.442598238812302647e+00
1.415759893047936258e+00
1.499145952519433500e+00
1.458072871875315979e+00
1.580395327702456942e+00
1.481569087427579756e+00
1.430308820569501149e+00
1.393448511106321508e+00
1.233213985008787539e+00
1.242711925235560955e+00
1.202961655512094330e+00
1.234473608945608758e+00
1.105961750397087995e+00
1.140571747989075346e+00
1.019980670354782681e+00
1.368565579901128260e+00
1.040235000690269418e+00
9.698877165753394536e-01
9.128807553199900227e-01
1.049194260413954582e+00
9.839889062934725761e-01
1.003278607635814446e+00
8.700553511499659054e-01
8.174100033775640872e-01
8.232251141352863177e-01
8.555081072603963888e-01
8.126094775897757527e-01
