2.611744678045111057e-07
5.457778789083136406e-01
6.988467354304932488e-01
4.259730915240305671e-01
7.322612209402057371e-01
7.288404199293487817e-01
8.303341720649908275e-01
9.582289127139257401e-01
1.051115694256584687e+00
1.118812126042918464e+00
1.135195969429015905e+00
1.230651071733583679e+00
1.211579480956678001e+00
1.115422322548088596e+00
1.159605972300111532e+00
1.188349363476328469e+00
1.234919735526994078e+00
1.190902421024948810e+00
1.315377072227285726e+00
1.539525420420766011e+00
1.431306245716750247e+00
1.539832394688835704e+00
1.743257651075567960e+00
1.768545132382117746e+00
1.802224838850718713e+00
1.866405782561702642e+00
1.789716398200587699e+00
1.541283371643386024e+00
1.752563368460615445e+00
1.792826902680428214e+00
1.767563273028696758e+00
1.755408329793663125e+00
1.692570214666605732e+00
1.624593038880502549e+00
1.567721512339398604e+00
1.739731583312500662e+00
1.836730595988465442e+00
1.774513380988047118e+00
1.534849945110621450e+00
1.401090273323972513e+00
1.667266254507625556e+00
2.020268330648526955e+00
2.004425939068367413e+00
2.187605394251343593e+00
1.983415050058458640e+00
2.204479056845899176e+00
2.117892753585911780e+00
2.007863574122723982e+00
1.829623518470261168e+00
1.936570618975473668e+00
1.983084872387347986e+00
2.086813171026101532e+00
2.076078358720457206e+00
2.108226415087270933e+00
2.319257858136443584e+00
2.318765822225577367e+00
2.334887193089204782e+00
2.210947273724388040e+00
2.211627335566489272e+00
2.158607236536566720e+00
2.108544024942304862e+00
1.990700572216840714e+00
2.154105881675573375e+00
2.230779268512291580e+00
2.218357110756142614e+00
2.083352196899300957e+00
2.090963148480656120e+00
1.793637275950437315e+00
2.011459877236501992e+00
2.030681274720347762e+00
2.081878702428615391e+00
2.003868120301068423e+00
2.028074913086589603e+00
1.914145493850106572e+00
2.003991379390749117e+00
1.959246937270052280e+00
1.803835935076056662e+00
1.690832558716197198e+00
1.818299355898563396e+00
1.943957624012350616e+00
1.915178924215410250e+00
1.895645308519257277e+00
1.546957374999162527e+00
1.693509223632313043e+00
1.752714305332685241e+00
1.675962320845592046e+00
1.818684416168227402e+00
1.820340687726908380e+00
1.893609311608144941e+00
2.017370132323654364e+00
1.760958234152468993e+00
1.729450456805275760e+00
1.891317298895899501e+00
1.989113118088670085e+00
2.121367822247324231e+00
1.910476914775660617e+00
2.123370473366861688e+00
2.320643496261634020e+00
2.140115151001213523e+00
2.259324855871973181e+00
