3.693564745147149106e-07
5.916554844501732413e-01
6.564208647557870924e-01
8.896689350256689055e-01
9.289147585371496652e-01
1.037901178837757898e+00
1.076816903174409701e+00
1.244321569684350148e+00
1.178493048737004445e+00
1.287177767367348347e+00
1.470833237520191128e+00
1.611064981499352511e+00
1.271679536789194653e+00
1.332855526176397021e+00
1.419264524134483896e+00
1.391070625045902620e+00
1.434359063828042125e+00
1.321013608896045577e+00
1.322692709224006169e+00
1.569421828008292108e+00
1.586318878124573617e+00
1.520274818584486987e+00
1.598101029489533920e+00
1.601870384920680124e+00
1.644772693225501348e+00
1.921121317790694283e+00
1.941327035909117260e+00
1.943695286163553693e+00
2.108136635748533827e+00
2.122130549990864257e+00
2.062784297478082784e+00
2.023528000263537852e+00
2.183168891579191584e+00
2.268400906678951667e+00
2.240192025188346481e+00
2.224542819705232155e+00
2.280954310533560125e+00
2.315975602935745226e+00
2.303881347349207243e+00
2.387554215813232794e+00
2.438606646493250540e+00
2.566818806064175007e+00
2.599772914392707523e+00
2.585468493768535936e+00
2.491400295442445678e+00
2.450630556255123160e+00
2.666783116387096086e+00
2.771970859170279855e+00
2.721514489911421641e+00
2.653190150596777652e+00
2.526137900743091080e+00
2.797345396338446921e+00
2.930637228829269247e+00
2.991651070714391292e+00
3.196084044842330663e+00
3.230754060591475074e+00
3.255163619634696470e+00
3.204084257623319942e+00
3.212108215087550178e+00
3.311197436824899309e+00
3.003272997757478358e+00
3.158350555292932071e+00
2.921466134377425306e+00
2.703372508708468125e+00
2.881755791504714725e+00
3.050613382252071570e+00
3.029454331135809309e+00
2.916381671999734859e+00
2.958765221342655849e+00
2.890039426501427755e+00
3.103671341190076483e+00
3.172144384780681836e+00
3.283419249362089065e+00
3.307794084948146640e+00
3.191345592606452897e+00
3.446963200367815894e+00
3.500492369062680797e+00
3.517447570788473588e+00
3.557195472903004418e+00
3.650185782993480288e+00
3.724238811905545621e+00
3.664605308148723317e+00
3.519992711654420958e+00
3.582919251933541993e+00
3.602958769425660623e+00
3.755793936820209122e+00
3.735730836128373866e+00
3.697852172632859258e+00
3.734435760550860017e+00
3.652216150947049655e+00
3.774006295114727738e+00
3.646683366595466325e+00
3.951437236459327096e+00
4.104110483178819990e+00
4.065289722417364970e+00
4.232218698531949208e+00
4.128121511286293455e+00
4.183005419784635137e+00
4.080129655017780799e+00
3.988888680840832812e+00
