0.000000000000000000e+00
3.787242775769595893e-01
6.864128568617320347e-01
8.447861807183419947e-01
1.046187605161188472e+00
1.551630159981019830e+00
1.694800228035804768e+00
1.408455769501252508e+00
1.552541620760700347e+00
1.590786318213253780e+00
1.595823551760678027e+00
1.571507309552231391e+00
1.525984493495504912e+00
1.496070183109132534e+00
1.669996510635936016e+00
1.679064788941951214e+00
1.617078685121152049e+00
1.904718606548297277e+00
1.946368308913956957e+00
2.037856151180375885e+00
1.947468328508741742e+00
1.795334733212055278e+00
2.124038133452708088e+00
1.922328134217199169e+00
2.037629240428767474e+00
2.188259515025974267e+00
2.259588785111193321e+00
2.371524790760294543e+00
2.310878104108505138e+00
2.454861981634482770e+00
2.325095058273407567e+00
2.282500558324224382e+00
2.160674736745915592e+00
1.924122455720949976e+00
2.058533477821069102e+00
2.071851142536976553e+00
1.827573930113962408e+00
1.799309586614305845e+00
2.064247215983567862e+00
1.950634042401041546e+00
2.319514674832576784e+00
1.990112476721977774e+00
1.992376315443112889e+00
2.012876919825771882e+00
1.649810021336869825e+00
1.712899135974214060e+00
1.983404934520813123e+00
1.836917710687172356e+00
1.853064074485545998e+00
2.130490503292135962e+00
1.788665228349284764e+00
1.592364806244502384e+00
1.668589746785946959e+00
1.629394971081120636e+00
1.714133358803978435e+00
1.855461706616016171e+00
1.914286723752925079e+00
2.069879528443149042e+00
2.273815807779165699e+00
2.266100765736152489e+00
2.402890905234810859e+00
2.358994352602302058e+00
2.152951565663121958e+00
2.289706131259882316e+00
2.196639159066880786e+00
2.330418709510212683e+00
2.169268201973708621e+00
2.063063023438532539e+00
2.112041805723374743e+00
1.969200105675666501e+00
2.096475116885172518e+00
2.013495801709964894e+00
1.977310797993011571e+00
2.189956162377183269e+00
2.201900705822670279e+00
2.221102272601376715e+00
2.019737318540996363e+00
2.386988348920616065e+00
2.230997533847749903e+00
2.395269544435765230e+00
2.360932399474560128e+00
2.341018234231871276e+00
2.166193726656274521e+00
2.034266608433723977e+00
2.085738610509623836e+00
2.126152225510403060e+00
1.991585371936954063e+00
2.013924926877135757e+00
1.757370517364053031e+00
1.640729336316329334e+00
1.631981959933055393e+00
1.531301365820844307e+00
1.571087006819382514e+00
1.627792616052315511e+00
1.711263383246572234e+00
1.784602005276039627e+00
1.600601820140500564e+00
1.546175520993505970e+00
1.523454910058249512e+00
1.414288010307167553e+00
