2.132480599880017890e-07
4.165688801510348260e-01
6.035954341259336386e-01
7.182646009876771931e-01
5.560624501892439397e-01
6.989573738660209701e-01
8.249237321691965663e-01
6.470350216425133638e-01
8.525089642575440774e-01
9.289688565100658879e-01
1.155902361157035374e+00
1.141212871457345068e+00
1.082456328068472251e+00
1.133774292367643710e+00
1.296240100657896077e+00
1.186412418623757459e+00
1.333068391386331042e+00
1.240339503595559112e+00
1.383535917992628095e+00
1.374002405695133211e+00
1.681931188155401546e+00
1.394520093294080221e+00
1.613036727316776719e+00
1.576105469037180962e+00
1.853477199617846960e+00
2.050414396194306654e+00
2.038250882644707218e+00
2.068526316849034430e+00
2.146046892088529834e+00
2.062815499618118054e+00
1.842262887745409250e+00
1.738743142019193444e+00
1.663054598700549613e+00
1.615447811646188114e+00
1.778744935790897985e+00
1.607770572723985714e+00
1.941031174092316736e+00
1.909718675984248604e+00
1.807386009830676654e+00
1.930687026863933564e+00
1.781069041030213462e+00
1.806218016012075989e+00
1.752578317343355785e+00
1.703032859589100001e+00
1.832978504581754375e+00
1.766195124831738239e+00
1.891109877236012204e+00
2.005596081461358704e+00
1.939905201081874919e+00
1.983651974969772747e+00
1.951817107412854746e+00
2.170739727798143281e+00
2.150847346410496019e+00
2.051220310792737589e+00
1.939097872082070628e+00
1.972444246993676265e+00
1.997752337291657243e+00
1.838954158662413407e+00
1.731813813941228686e+00
1.861358541945640432e+00
1.803503308924671256e+00
1.753190516505338081e+00
1.509669042073835898e+00
1.493608557490789579e+00
1.570107549218055398e+00
1.701402324352178086e+00
1.620032208371695814e+00
1.615669432424525986e+00
1.379874087655927450e+00
1.374877864368363234e+00
1.579752078095063128e+00
1.714576041612395185e+00
1.494973511596472848e+00
1.595677004924570763e+00
1.574049712675148704e+00
1.669079173249962578e+00
1.320938517201474482e+00
1.279889800040583836e+00
1.295255308344816392e+00
1.485086633518246879e+00
1.498169681323558544e+00
1.430934098081523498e+00
1.413607899211803298e+00
1.321181071426403841e+00
1.408113278997253914e+00
1.474349719293607253e+00
1.514275242492167273e+00
1.326380260212923989e+00
1.442519943290219819e+00
1.322691417111399703e+00
1.309499671913952223e+00
1.405493324563733104e+00
1.314948509175117408e+00
1.241532282424660849e+00
1.411094914564513969e+00
1.482586959405203020e+00
1.697563518099534985e+00
1.591849258059510497e+00
1.539852379014845063e+00
1.437666478633728318e+00
