5.223489356090222115e-07
4.802044257927247095e-01
4.469834568999908053e-01
5.547648616404162736e-01
6.028517409113292036e-01
6.741257163056596502e-01
7.695694025076940115e-01
1.023471409403900800e+00
1.039784111119923748e+00
1.241728185820391239e+00
1.238785101257607657e+00
1.277803217663505020e+00
1.143500175740358227e+00
1.278677605944688711e+00
1.294302223326950996e+00
1.228768276225409073e+00
1.563299978177542959e+00
1.544018902837689833e+00
1.473907956311145684e+00
1.394471611820879087e+00
1.273304148022166737e+00
1.347536458679512661e+00
1.475891349845299239e+00
1.425016537912923154e+00
1.372414834494974922e+00
1.375934669146207323e+00
1.540150972058301537e+00
1.555772590602061189e+00
1.618910139342947474e+00
1.738282363419993093e+00
2.053436948100928916e+00
1.833984629076273576e+00
2.169546664823108539e+00
1.957503065230783879e+00
1.869680559660608976e+00
1.687748077573020034e+00
1.601954462283531111e+00
1.608496216657219424e+00
1.578389366623907275e+00
1.732674514126999021e+00
1.818514472102589208e+00
1.780035876975886389e+00
1.752268220771092233e+00
1.825107585668438226e+00
1.840208378728114047e+00
1.748745275976280489e+00
1.880240038114979084e+00
1.940410077073576600e+00
1.941851711724003726e+00
1.810646936070099189e+00
1.887058216663474175e+00
2.004015289490551410e+00
2.188052535237519969e+00
2.228031543481062915e+00
2.334033717979668410e+00
2.079134912728802576e+00
2.211682585730359918e+00
2.360449480681702461e+00
2.361049225371801175e+00
2.515667259149193757e+00
2.263863309712766281e+00
2.219512651922509683e+00
2.299817313632185556e+00
2.262060478724889023e+00
2.421992736270374813e+00
2.201097334731828337e+00
2.218423192616839401e+00
2.228540011698911805e+00
2.277730995057436481e+00
2.421703772450584768e+00
2.263347118775163036e+00
2.144165332159169157e+00
2.058315019030199533e+00
2.045880755207835300e+00
1.897348838896132150e+00
1.694071994033450101e+00
1.601239401563943288e+00
1.740748958842768479e+00
1.948929836522121928e+00
1.952518396555456004e+00
1.717189959465242222e+00
1.721439267510727511e+00
1.811206265924510950e+00
1.875174620408282422e+00
2.067477198935175231e+00
2.031785315645532997e+00
2.157290110040807285e+00
2.183813288851280010e+00
2.017204638145174922e+00
2.066415668515507509e+00
2.030361673097209163e+00
2.062181270855221182e+00
1.820589077747170270e+00
1.928722106832004402e+00
1.864207132655843591e+00
2.025645010914919109e+00
2.012575131039858967e+00
2.201545788736674059e+00
2.154542524900687539e+00
2.019190252036104027e+00
