0.000000000000000000e+00
5.773533622723259207e-01
5.823537478903495490e-01
8.275903142757301545e-01
7.596051584820273650e-01
7.759001272601618870e-01
8.277410644311068433e-01
1.002589865339579944e+00
1.047440265455749753e+00
1.074125755724949949e+00
1.243210809707308240e+00
1.048280935956031890e+00
1.016479500647805567e+00
1.052991820911206799e+00
1.126274316821172850e+00
1.090471275924197680e+00
1.016367009393513987e+00
1.210768550193573434e+00
1.173251049753917474e+00
1.086865885262523035e+00
1.054959542768278080e+00
1.109072493703262996e+00
1.090532322020392408e+00
9.387462767286293142e-01
1.154963761313770432e+00
1.347771435282383967e+00
1.223288304685701933e+00
1.177032893699384131e+00
1.413251883368692674e+00
1.243629338826998998e+00
1.310053156938249641e+00
1.250148391823489025e+00
1.213810168028077285e+00
1.190311465049637363e+00
1.272470602145041818e+00
1.103312771947079440e+00
1.143934963710468322e+00
1.121217271489494127e+00
1.141374860013721015e+00
1.113002292503631585e+00
1.223336173407593375e+00
1.301425655540316750e+00
1.377639877273963975e+00
1.264466379908242066e+00
1.359243667347118878e+00
1.267485724219234999e+00
1.420153997445439575e+00
1.323769799478448528e+00
1.329199957247333197e+00
1.318052771824921532e+00
1.291238396757519391e+00
1.126037572911288143e+00
1.083531292378212996e+00
8.785308938964776493e-01
8.451144078333722165e-01
9.536554765605042006e-01
9.810577773877506846e-01
1.105611116020340567e+00
1.280219732781121333e+00
1.206167264140795226e+00
1.146972129515042349e+00
1.106783471513338224e+00
1.073931092028470813e+00
1.261286174076298172e+00
1.272201845343894355e+00
1.358688143400612613e+00
1.418826975362646792e+00
1.320389267699211056e+00
1.244020288338238300e+00
1.278581767660331048e+00
1.191100373852695737e+00
1.228517520072313740e+00
1.141374503497037285e+00
1.106166656671927040e+00
1.119488834916476883e+00
1.098132247266446981e+00
1.146360950985031657e+00
1.149562872974738692e+00
1.191376901640595731e+00
1.145526087382825686e+00
1.297090844399826359e+00
1.345989482404138959e+00
1.305023471189811213e+00
1.511181526788252460e+00
1.384915586469825932e+00
1.540238365739818205e+00
1.493681821805800780e+00
1.478755650317312265e+00
1.614565714726661660e+00
1.683639150320321187e+00
1.693723018947674630e+00
1.730565072521467407e+00
1.820366808228811806e+00
1.922190446359457017e+00
1.940873930981930950e+00
1.934360554088282447e+00
1.818695793247751435e+00
1.862068273715252964e+00
1.867763882355607530e+00
1.971040897207044340e+00
