2.132480599880017890e-07
3.679100675909828810e-01
5.860312721281942805e-01
6.384809767435698502e-01
7.702284073134533227e-01
7.676051941933658140e-01
8.636497957336062292e-01
1.233379721586718158e+00
1.326209459287857495e+00
1.136241189149380215e+00
1.052160031465899426e+00
1.069647163721850758e+00
1.091341600659976541e+00
8.603330718841113445e-01
9.004305656458678753e-01
7.309707244216350208e-01
8.220424137908972639e-01
6.486642437042595688e-01
6.356950826733926974e-01
7.232321605274169007e-01
9.454728919056345493e-01
1.068100854423063018e+00
1.125541570338793207e+00
1.285753384025252188e+00
1.505538341734946606e+00
1.436997620710181778e+00
1.480136455255569583e+00
1.481948810221749513e+00
1.216002685003685801e+00
1.174454886624848982e+00
1.047117519964864352e+00
1.041716450808918060e+00
1.177667194242702164e+00
1.092501053426905067e+00
1.181126603916138995e+00
1.331539233134317879e+00
1.460244469605950002e+00
1.350128187123254220e+00
1.432233807855711083e+00
1.383611642137914322e+00
1.270117082063567882e+00
1.400574856927395917e+00
1.281960181184541581e+00
1.490189871708163638e+00
1.643942882468936162e+00
1.513517145040639056e+00
1.480573639192062529e+00
1.645365467376064039e+00
1.570430485329758374e+00
1.535261252138532040e+00
1.401869289816348285e+00
1.506805951703662938e+00
1.538289969978810623e+00
1.544373849355093364e+00
1.351831038753354530e+00
1.576803020876114569e+00
1.464647537487797191e+00
1.391964920461707278e+00
1.553089771055403467e+00
1.554032191659669104e+00
1.606014987282405215e+00
1.591774830275715313e+00
1.738685360278004133e+00
1.864283164594161546e+00
1.701244703820269155e+00
1.681011188475235008e+00
1.532416545884400128e+00
1.601025138024675165e+00
1.626627027255386437e+00
1.779928602839231822e+00
1.995394850274741616e+00
1.949353575490640811e+00
1.962807768976125855e+00
1.863011746936821034e+00
1.658081396744714109e+00
1.706724227091393375e+00
1.815134099389767552e+00
1.491040182739128639e+00
1.628027471131957116e+00
1.530141077268882377e+00
1.835973313364175574e+00
1.717403659549592065e+00
1.807554985165682027e+00
1.881302952532877493e+00
1.592471079096926534e+00
1.889743784775468116e+00
1.942681838482785528e+00
2.050798264268355098e+00
1.896729527282178251e+00
1.715927720782050470e+00
1.892018233768489432e+00
1.841300984179002453e+00
1.874366596741875446e+00
1.846655180457570822e+00
2.073902875277619628e+00
2.098155819051034321e+00
2.106180158520374768e+00
2.015489258834024078e+00
2.140204478798092502e+00
2.154136365123058283e+00
