1.507891492923917490e-07
4.452803680095688277e-01
5.119597595003355650e-01
4.007825435663223135e-01
6.218655808056057221e-01
7.514052580486419997e-01
8.012537220811483119e-01
7.072348396478400634e-01
7.684333653073752712e-01
6.913503474736284460e-01
7.998896357044503747e-01
8.106620671176990589e-01
7.806058039610090926e-01
9.449469282568426776e-01
9.463540882742005333e-01
8.657894852940581920e-01
9.537235616894134127e-01
7.274151995633622025e-01
1.005186384678884881e+00
1.121864790400678213e+00
1.003204360983897869e+00
1.365758030932050060e+00
1.252372508990219790e+00
1.196121473336212659e+00
1.194533363844439311e+00
1.156011789919271004e+00
9.341043420153603005e-01
1.089330606825024805e+00
1.118998132826758862e+00
9.984470557907626498e-01
1.106096971975050192e+00
1.137757011786205918e+00
1.080019064534826212e+00
1.079007437147913029e+00
1.138777314178825328e+00
1.106303479128821987e+00
1.114151946268526316e+00
1.139199130280382999e+00
1.030290867655907494e+00
9.333767545291055123e-01
8.898598562733434081e-01
1.063533909163862923e+00
1.100504889361996863e+00
1.240529104908472569e+00
1.092973937811157370e+00
1.200677313802362534e+00
1.314907329651751278e+00
1.399733190476661671e+00
1.241352316745193640e+00
1.267425945193015213e+00
1.245510871783417572e+00
1.234065729123379640e+00
1.060645576864021722e+00
1.030097754347838235e+00
9.526797522269271346e-01
1.031790115059603385e+00
1.260384143993675155e+00
1.375072930894464251e+00
1.361786476837081761e+00
1.191775624103556419e+00
1.179933168644149433e+00
9.977879214617779713e-01
1.027982198208057696e+00
1.013583599176657968e+00
9.987821266343179794e-01
9.073214797222468597e-01
8.776417616051920279e-01
8.382130232424404026e-01
8.500344698672299693e-01
8.901267601128340923e-01
8.504829460478010583e-01
9.923909953244196558e-01
9.409381595773869122e-01
8.323246453955233104e-01
9.378070464727606970e-01
9.429727198967384760e-01
9.363302984855765843e-01
1.111900658229338479e+00
1.323237810544217963e+00
1.447782756337772314e+00
1.441337672234386913e+00
1.229302371199663790e+00
1.287547109953499636e+00
1.215592974608998622e+00
1.319221249402316998e+00
1.143084276195668991e+00
1.261322840112312438e+00
1.160257669594495944e+00
1.311655996818325232e+00
1.176925994184707447e+00
1.266703880639919788e+00
1.207139604584650527e+00
1.222745060816873064e+00
1.301235297605849883e+00
1.146760172660355126e+00
1.274949885927534998e+00
1.289075494452410098e+00
1.266525901229265783e+00
1.409729873529083077e+00
1.283795581682461551e+00
