4.264961199760035779e-07
3.767993235847076905e-01
7.531153456752348596e-01
6.562918066392074978e-01
8.251772352043198477e-01
8.657523814433226717e-01
9.457379636085566643e-01
7.410806253745499950e-01
9.712255102890956504e-01
9.618575404094347192e-01
1.152702155825139352e+00
1.192688796430118492e+00
9.788552535756402939e-01
1.047410623086885595e+00
1.185760895233568757e+00
1.237369705129951702e+00
1.093742432341899162e+00
1.004432291257875809e+00
8.527723744509583259e-01
8.397533316639098633e-01
7.893954294128509019e-01
1.028850792414651272e+00
1.031611196961777388e+00
9.010211383196355950e-01
9.901745387850529045e-01
1.088381074460260445e+00
1.254524760686897000e+00
1.367525132945394795e+00
1.393390385546200871e+00
1.409732693753155575e+00
1.296916120638659908e+00
1.392960642103111324e+00
1.152703931774152979e+00
1.083104425496971945e+00
1.182583958901302523e+00
1.328603342606299531e+00
1.460286337585573024e+00
1.690865774928208332e+00
1.570180045776279121e+00
1.483314054041189323e+00
1.429773076309990287e+00
1.290055403196366468e+00
1.397995056280419535e+00
1.565424244691488109e+00
1.431920060530395444e+00
1.469495195600190707e+00
1.559441180418693840e+00
1.396894625234194720e+00
1.358724371705136935e+00
1.450084697187060900e+00
1.630619227691671336e+00
1.748172789177429465e+00
1.798754610827003164e+00
2.001244199379439426e+00
1.899435201928794115e+00
1.799383311369806782e+00
1.773508774249848763e+00
1.906824271847740837e+00
2.025079051706423439e+00
2.037721090697082182e+00
2.198193357024839312e+00
2.226652353502990955e+00
2.291404983894670178e+00
2.213941086236945299e+00
2.019869416466078871e+00
2.240084067125463374e+00
2.333221165894331595e+00
2.334704060579129159e+00
2.583980781448280695e+00
2.650346456395519468e+00
2.626897323410910090e+00
2.701218531539663736e+00
2.652649471424903815e+00
2.960674757414731406e+00
2.932080664289188121e+00
2.899880068833289304e+00
2.995422977279022181e+00
2.939196946885076489e+00
2.705400336063767064e+00
2.863485896314339918e+00
2.814643360226620761e+00
2.700533160833771262e+00
2.880365204441995175e+00
2.768382236892339421e+00
2.854731235687248958e+00
2.865111657387731992e+00
2.989755506013687114e+00
3.004009200726784901e+00
3.082091236454702621e+00
2.988523641264546615e+00
3.022164084607460222e+00
3.041411297095292898e+00
2.945517066524027783e+00
2.971179135410809025e+00
3.148840229145030811e+00
3.197846905991682309e+00
3.309671085842648797e+00
3.392418610526596989e+00
3.508817296072626046e+00
3.386583369456774406e+00
