0.000000000000000000e+00
6.911086685507995542e-01
5.588501123051456965e-01
6.411213899627673518e-01
8.199512008651754780e-01
8.996267684546466192e-01
8.714775117010830074e-01
8.876576414557835193e-01
8.262032123712136356e-01
6.903929298304593010e-01
8.462041605873171779e-01
7.750736296453223373e-01
7.711922690898154187e-01
8.183890894303834651e-01
7.989655659137513410e-01
7.949042395785661519e-01
9.611601953114665697e-01
8.140356428400311595e-01
9.625504137482662204e-01
1.158114647901479000e+00
1.023890816680815607e+00
1.180063471855891555e+00
1.062792848883805874e+00
1.048113508119549397e+00
1.134396293942953271e+00
1.225866817753096472e+00
1.350656159593813799e+00
1.444195783965439128e+00
1.379569970084994823e+00
1.529152163694827093e+00
1.446927074204397368e+00
1.411407492502537053e+00
1.493020728176039702e+00
1.530904147871531507e+00
1.453541206422674037e+00
1.468147523246190023e+00
1.518409905598637755e+00
1.484702033856684311e+00
1.528185519722955688e+00
1.838110552106652307e+00
1.973933421314184367e+00
1.961932044675993581e+00
1.819098241370295854e+00
2.038324941346918440e+00
1.960516465118388396e+00
1.866877893674508293e+00
1.926204835853807307e+00
1.747731706068246238e+00
1.866260629583540442e+00
1.747603682348812359e+00
1.714877360481407154e+00
1.693209636184826783e+00
1.795871052629202991e+00
1.756999085214559164e+00
1.966357872328721612e+00
2.100086662339994525e+00
1.971342135048887334e+00
1.902642826740801318e+00
1.980284390748068724e+00
1.998758622057670298e+00
2.042089423146902671e+00
2.022252102162563681e+00
2.164063791917171908e+00
2.159208883594383011e+00
2.044914321842760341e+00
2.109851948764964735e+00
1.999747100151937351e+00
2.055577103168556352e+00
1.990712386928452204e+00
2.015854345974334105e+00
2.053539380400679626e+00
2.176204804812320592e+00
2.097891498993771364e+00
1.903766109390413463e+00
1.891396428139439756e+00
2.061725924324703918e+00
2.072738308834892962e+00
1.924526260933491217e+00
1.898779180574480030e+00
1.842378063013922151e+00
1.903828159736939751e+00
1.966478519358377808e+00
1.926263627798583622e+00
1.932807221905714634e+00
1.930638487230022848e+00
1.952263206857476785e+00
1.858627890955633077e+00
1.803670803342365625e+00
1.907809697470203014e+00
2.131825336567798601e+00
2.189812534957559453e+00
2.270938632145718561e+00
2.384612411062961623e+00
2.329146608466683421e+00
2.206251084440602472e+00
2.218220939273191750e+00
2.191490136818393886e+00
2.042488035057318907e+00
2.277274368101179558e+00
2.207451024461692946e+00
