6.031565971695669960e-07
3.950906232314728150e-01
5.584706814003318476e-01
6.622050365027764007e-01
7.786996784676629701e-01
9.434357113568279107e-01
8.268671535021112629e-01
7.252716452787882906e-01
7.827253248297749710e-01
8.447465043548069152e-01
8.094580533427959690e-01
9.222479989884750928e-01
8.464083962133526207e-01
1.014081934518898276e+00
1.506838675647522052e+00
1.654054846851916283e+00
1.779106162853546502e+00
1.886337635800431123e+00
1.660650643322887143e+00
1.476845053879896286e+00
1.645170784262032893e+00
1.655108973212215284e+00
1.742497047121374321e+00
1.636498057754752100e+00
1.812368112121875097e+00
1.906911834991623866e+00
2.019847232644212287e+00
2.047803515229207338e+00
2.326859362631609862e+00
2.305466485712645675e+00
2.369726006260894913e+00
2.376873805398732831e+00
2.409152891062596780e+00
2.452942609558623310e+00
2.585330267629909695e+00
2.605678040257529471e+00
2.444305403374339658e+00
2.246327515145334353e+00
2.192740530478110017e+00
1.993179553165593365e+00
2.212228447503201689e+00
2.244243686149827166e+00
2.137734628383680224e+00
2.338010965825299881e+00
2.560378103561605556e+00
2.834090584148655445e+00
2.869621237590601392e+00
2.664213410679692640e+00
2.626895282110866425e+00
2.572619310183296815e+00
2.502948613965657820e+00
2.647049292218140337e+00
2.548552849199366754e+00
2.251932640532575025e+00
2.177983730273717722e+00
2.149122166733087091e+00
2.377032406516835117e+00
2.506667978936569785e+00
2.393517532405373238e+00
2.380668580139266410e+00
2.625805450585335876e+00
2.482480172189826639e+00
2.590739235467950152e+00
2.727222318720380123e+00
2.632458784275225838e+00
2.429410909882664615e+00
2.337788392834340812e+00
2.253079078113092937e+00
2.280974826421437562e+00
2.560400306877994137e+00
2.440759259840098672e+00
2.439037497347725569e+00
2.470058543286712816e+00
2.368448181275181419e+00
2.477230894334999878e+00
2.405550823441263919e+00
2.527298060774307409e+00
2.450881822813537614e+00
2.606039699403475574e+00
2.793790838880340299e+00
2.968886077752896480e+00
3.380313611392180118e+00
3.619574513563226681e+00
3.481881522526908412e+00
3.392369065600479239e+00
3.240956444937479475e+00
3.330635087669032490e+00
3.221951136010205108e+00
3.159651566952650814e+00
3.192306993334610876e+00
2.822032169650682043e+00
2.791853381262861866e+00
2.586323176667300938e+00
2.813601674863558610e+00
2.783897588606206952e+00
3.026894560364762565e+00
2.883031784346997917e+00
2.935160515886006127e+00
2.890256127493108895e+00
2.801989388101639111e+00
