5.223489356090222115e-07
5.123139049706808557e-01
4.893607751355659174e-01
6.394161445926933585e-01
8.690958994918265290e-01
9.264372509803017186e-01
7.689907838887249936e-01
9.172053830409884201e-01
7.915522983146158209e-01
7.558055683006561498e-01
8.774555238526683398e-01
1.088532523323872070e+00
1.147509545745255322e+00
1.060759557811223885e+00
1.123225440320636093e+00
1.224572464572194264e+00
1.256185848743401889e+00
1.532058388551612138e+00
1.407186181668544256e+00
1.277452630107014819e+00
1.276079842768240047e+00
1.251195559253388545e+00
1.384991908885662815e+00
1.577101958901425016e+00
1.523588715843063213e+00
1.499526004794195178e+00
1.400355456024834355e+00
1.434919399302899246e+00
1.392793085953825560e+00
1.358214342331510949e+00
1.503385860686218267e+00
1.759840212043402019e+00
1.614450610367969885e+00
1.590753067734093751e+00
1.602462748060713205e+00
1.787741805684393004e+00
1.647222061930758708e+00
1.619274625823693192e+00
1.733313124634113134e+00
1.638826109208204818e+00
1.637175347942845249e+00
1.523230342349251476e+00
1.648179890655672386e+00
1.520163335142621808e+00
1.494170916255092463e+00
1.431165543474416824e+00
1.567791709882081941e+00
1.548762292944210417e+00
1.718475697117793466e+00
1.930027385560552977e+00
1.773342397525179859e+00
1.930998628509593917e+00
1.871406272799177595e+00
2.121124243378128771e+00
1.814659887286365958e+00
1.898956195771128508e+00
2.037010471193132499e+00
2.085304769708944850e+00
2.195313853404446292e+00
2.002370022279801987e+00
1.902888370748113456e+00
2.187402584189239274e+00
2.231372102703609084e+00
2.144118725032468920e+00
1.994830015573964221e+00
2.078875140741957228e+00
1.885538392409403574e+00
1.971693191993649563e+00
1.962935453389851981e+00
1.914000278942031397e+00
2.115835863090822055e+00
1.876723689015549867e+00
2.012968696064416640e+00
2.389247989332746958e+00
2.331285715467816821e+00
2.117448321818294676e+00
2.134049338329752743e+00
2.048590394005140425e+00
1.731552591950497044e+00
1.969990181281731756e+00
1.928745335829976648e+00
1.648604219325106257e+00
1.757680370508913903e+00
1.625591154002305139e+00
1.618631781181799623e+00
1.507621100500623923e+00
1.523636006723281477e+00
1.476162228530366161e+00
1.580228945508594274e+00
1.806268449345278082e+00
1.763845158165299853e+00
1.848589451911744952e+00
1.943695201344343815e+00
1.675465604148381082e+00
1.853636093479151148e+00
1.921615837030936857e+00
1.859730554964291960e+00
1.914888780816143443e+00
2.049242450018379458e+00
1.980127781856314106e+00
