0.000000000000000000e+00
4.788334205361716167e-01
5.590087622739574602e-01
6.552819195538817088e-01
7.225145751866666188e-01
8.038671269089280313e-01
9.067790838384754970e-01
8.638465915441392307e-01
9.631560845067442811e-01
1.001123038079815952e+00
1.077982765903136242e+00
1.236647796931800602e+00
1.456121265694600320e+00
1.366274329692776623e+00
1.601137989581771004e+00
1.441765858531949274e+00
1.254541300244599089e+00
1.445991859620507691e+00
1.490772600557835004e+00
1.328532163463248317e+00
1.258120628124538065e+00
1.100190461104179285e+00
1.059302157133496625e+00
1.227328497570837174e+00
1.166779880954413207e+00
1.151223724410950000e+00
1.238077902845343026e+00
1.108310732045574065e+00
1.141966072209395611e+00
1.078501162985851414e+00
1.035207567089972081e+00
9.017223600343067247e-01
9.664724614085743459e-01
9.682020236720944029e-01
9.890982791690902109e-01
1.072076224933125266e+00
1.096596052609921657e+00
1.192440225690626132e+00
1.115166025134862515e+00
1.067035706516324289e+00
1.158216961487174901e+00
1.292892174878216727e+00
1.411467197684890040e+00
1.379914587232090595e+00
1.261240812312959703e+00
1.197278297564869920e+00
1.313933852714284312e+00
1.377334904571325680e+00
1.409411160848789146e+00
1.314905715323497315e+00
1.421358575061092866e+00
1.423011842048835351e+00
1.438027956966680732e+00
1.509561113098919494e+00
1.579147594121915743e+00
1.520033333266519460e+00
1.587417990615460628e+00
1.489159432706777197e+00
1.632825977522917693e+00
1.588632306530848748e+00
1.626778752362945113e+00
1.634512458191738293e+00
1.604283791489985678e+00
1.764412322985846160e+00
1.568185630895906790e+00
1.734397993340025312e+00
1.794217688808364075e+00
1.782907512593885802e+00
1.738494688458583903e+00
1.682285811149650590e+00
1.690787421102733168e+00
1.506738556552054575e+00
1.736370189854070656e+00
1.662754894265489725e+00
1.513539621951137004e+00
1.389052453869923376e+00
1.416395586708574017e+00
1.523436534719068591e+00
1.750274790095109223e+00
1.506207216294302098e+00
1.516119937413328955e+00
1.490950494696432260e+00
1.526364647889806081e+00
1.612325300873024059e+00
1.579738732127220047e+00
1.674188340100303929e+00
1.537796153334505034e+00
1.652900544881062084e+00
1.577091993300331785e+00
1.625773303374696388e+00
1.514339055135229595e+00
1.674053829211848310e+00
1.604367450576811516e+00
1.660692238457435632e+00
1.826839774232534408e+00
1.643508054533501905e+00
1.726273674465544028e+00
1.700959147451126974e+00
1.452690087445237310e+00
1.560716304806874177e+00
