2.132480599880017890e-07
4.939262946471134064e-01
5.464674854817295202e-01
4.273221859559166447e-01
5.679986055950942969e-01
7.049373999407799740e-01
7.585304954750583528e-01
7.989234922547190365e-01
8.760799262554666011e-01
9.927104503621103637e-01
9.897255380584376594e-01
8.620816072688168852e-01
9.397306461672647604e-01
8.799735211689729830e-01
1.058673277877010488e+00
9.643887906538690657e-01
8.496132430941497615e-01
8.686512186316351913e-01
8.918767322744755033e-01
1.012838588694241926e+00
9.073590698240141528e-01
9.933209484278033852e-01
9.845169646870211011e-01
7.921123350910083127e-01
8.601342288370529277e-01
7.569430229725868653e-01
7.745151262044661644e-01
7.590747408817305475e-01
6.906825876367022055e-01
8.385102164891342635e-01
8.469783837649440539e-01
8.970308858466026214e-01
9.822436299584522690e-01
8.834459763821769229e-01
9.613564618552529195e-01
9.357948790468072486e-01
9.625409236685732450e-01
7.165316541251635085e-01
8.515030610048192061e-01
8.800969664813040882e-01
8.498845200220062068e-01
7.840498297668104799e-01
8.987174821031601590e-01
7.369258475734506986e-01
7.307688125788877054e-01
8.850038278748684206e-01
7.998331752439085118e-01
8.668794984879208965e-01
9.263342651161999841e-01
1.026088139680448652e+00
1.069002864726846358e+00
9.266840988692399694e-01
1.038733638413556815e+00
9.793490102168993516e-01
1.010959136867392028e+00
1.045581808597760398e+00
9.556403522051404309e-01
9.415841767400993101e-01
8.766491082516189026e-01
9.649203264360662891e-01
1.023687514836906232e+00
1.145463492130760930e+00
1.057487597768256515e+00
1.084563736843418003e+00
1.080660258024412235e+00
9.975444724179146627e-01
1.096453352905127465e+00
1.004246297059385284e+00
1.154070493296267763e+00
1.030431766531362703e+00
9.507139957899248817e-01
9.071966057295874908e-01
9.059817282217792478e-01
9.322768703332530160e-01
9.055943497638683226e-01
8.522654280179728925e-01
8.894063895650875518e-01
9.121541834090265422e-01
8.993946154845470220e-01
7.052549352687571549e-01
9.005718752288697226e-01
9.855901211244858517e-01
1.003525195618981902e+00
9.806443724399782624e-01
1.122756089718255801e+00
1.161735858745706063e+00
1.080565213372460143e+00
1.138142849232476328e+00
1.222320357676549119e+00
1.409066105637209798e+00
1.712363335290091326e+00
1.698347924327409109e+00
1.617767418558659465e+00
1.685985616548175248e+00
1.904648457654165350e+00
1.563547362039524158e+00
1.629317115756659051e+00
1.821432979116247131e+00
1.812283322005078467e+00
1.974106628161791610e+00
