0.000000000000000000e+00
4.996616477270647838e-01
4.828405847325169531e-01
6.460532642877212517e-01
8.939502765910181115e-01
9.543935668474571310e-01
9.139882478726070181e-01
8.931875486396808617e-01
1.025364270751714102e+00
1.026217026268471777e+00
9.620021164295025073e-01
1.256833671155587862e+00
1.258903800628040193e+00
1.173545550889381728e+00
1.026432691302561873e+00
8.898172814178069157e-01
1.116170356546292819e+00
9.767330498617722290e-01
1.224071458554949476e+00
1.320662878397945494e+00
1.208463745825155922e+00
1.121617257510475918e+00
1.141937679647022641e+00
1.082441661950401812e+00
1.115557666424640493e+00
1.192394567259965621e+00
1.123919300719291359e+00
1.391124186576538468e+00
1.260761466893224991e+00
1.400063451697664663e+00
1.521001626303489562e+00
1.377907936725873528e+00
1.375535936022031835e+00
1.391618102193504791e+00
1.395250422656777234e+00
1.314764520091636468e+00
1.306786280242183462e+00
1.311726631494670503e+00
1.483008247354350218e+00
1.592139326762648688e+00
1.656835928653036527e+00
1.618841072656715729e+00
1.585928511815588138e+00
1.667702950224363878e+00
1.815592909179507775e+00
1.856398978930396071e+00
1.673617887845449292e+00
1.871482524956117333e+00
1.875865815843891893e+00
2.031860156076063628e+00
2.135533488075791908e+00
2.291782429287186673e+00
2.105205062137089467e+00
2.039081950390864595e+00
1.963433030732428808e+00
2.102797349590424414e+00
2.082985006054339561e+00
2.036565803988668932e+00
2.084523989500886465e+00
2.134885846868141535e+00
2.125247026396521299e+00
2.201430350050405327e+00
2.122236275360388724e+00
2.177773798482170342e+00
2.096904376074395060e+00
1.859087141823113187e+00
1.877331030858833127e+00
1.940916687644595351e+00
1.931404042120698605e+00
1.960874754320055535e+00
1.809724924102485311e+00
1.768089605304091538e+00
1.728242856762536084e+00
1.641570025824354850e+00
1.928314498282602596e+00
1.863983599325701235e+00
1.761984680027077754e+00
1.827004160348981499e+00
1.895053940259327829e+00
1.923480610833012250e+00
1.977047492861570666e+00
2.250090560501814441e+00
2.316579041012404971e+00
2.375289022031668029e+00
2.292686114924348040e+00
2.326038813644243586e+00
2.454414264377504651e+00
2.447616573031456078e+00
2.340998087365479208e+00
2.267980057355406753e+00
2.408706333251149800e+00
2.486883289194726121e+00
2.524756216028714473e+00
2.584180851191062445e+00
2.792261446312021889e+00
2.550104817720689532e+00
2.586378470458252643e+00
2.566185449331582991e+00
2.694816797568888589e+00
2.729794904562533375e+00
