4.264961199760035779e-07
4.332786759955136735e-01
4.826373122594165288e-01
4.905773715984997896e-01
7.616519085255588628e-01
6.011941292756184385e-01
7.701970402591289400e-01
8.512878019307523747e-01
8.829801673174508814e-01
9.207034055834348862e-01
1.144906576429547407e+00
1.345261169848906091e+00
1.425921882597422918e+00
1.648586590523891449e+00
1.786439291140758945e+00
1.715149042186658424e+00
1.709434376011295109e+00
1.870285280498378722e+00
1.950279860723934666e+00
1.878373893935120664e+00
1.940129124888353651e+00
1.861090361311523944e+00
1.921320234231172375e+00
2.008942190441624032e+00
1.890587870422622663e+00
1.781044135335171807e+00
1.665571184688048101e+00
1.703174345699508319e+00
1.700687334999942735e+00
1.746651294974276070e+00
1.850029635568002817e+00
1.792473999018493691e+00
1.811229056158517592e+00
2.039877294512024708e+00
2.165421627792788684e+00
2.178233516144017834e+00
2.024459427225114627e+00
2.007275224624873733e+00
2.075139011557383117e+00
2.128859339170379172e+00
2.094982880262935776e+00
1.957158485479967513e+00
1.746932670242516084e+00
1.625718758062691061e+00
1.547011416517849458e+00
1.489703843605166389e+00
1.691618784385258145e+00
1.857150545628114324e+00
1.832417615674301503e+00
1.961008095058550671e+00
2.080502957406023423e+00
1.965186474576564146e+00
1.988058688837197385e+00
2.117443860124702759e+00
2.096641269652063766e+00
2.118216705471140493e+00
2.107613123138289968e+00
2.145962744487865503e+00
2.165680525877119234e+00
2.139192742749426390e+00
2.234488688275926283e+00
2.395110573343894433e+00
2.524918231526721346e+00
2.628754794488000535e+00
2.639804072900129306e+00
2.823312947949478513e+00
2.961275050453917590e+00
2.895549955073783543e+00
2.869416350366840174e+00
2.802264027366779153e+00
2.983280318112337515e+00
3.262874399209009013e+00
3.284058406145476283e+00
3.041790158031857594e+00
3.035874779302914828e+00
3.381650915914069966e+00
3.584577429659363101e+00
3.688419098685201902e+00
3.569976197750180713e+00
3.609952043151258394e+00
3.529757535861136830e+00
3.529841582796485966e+00
3.439653641268096695e+00
3.430841983621733426e+00
3.271939581354501581e+00
3.207288309335572407e+00
3.235771393890161551e+00
3.124427669688315312e+00
3.120758954490116199e+00
3.215469981649481834e+00
3.348710512960055397e+00
3.264245531494728958e+00
3.101940477074768943e+00
3.166095004864098339e+00
3.173061612310205337e+00
3.091533727033295431e+00
2.944686051352606526e+00
3.239220813466241022e+00
3.271892037704718259e+00
3.242175726500087674e+00
