4.264961199760035779e-07
4.332608064324843244e-01
4.317688986652088445e-01
4.930758205230851843e-01
7.556862084198409102e-01
1.060181489063938942e+00
1.109493077973696673e+00
1.187872213371132357e+00
1.000071176633991588e+00
1.221306679664160066e+00
1.131176898573521550e+00
1.186939717799970317e+00
1.280748993061459284e+00
1.273752044790344096e+00
1.364797792198397364e+00
1.547067162485398439e+00
1.304798217223118950e+00
1.358724345118021537e+00
1.431468646667592326e+00
1.281247095055136898e+00
1.355330688622518709e+00
1.029592309508436498e+00
1.225119890993666472e+00
1.257184287118956911e+00
1.218683135024955622e+00
1.234154488051414145e+00
1.336504422103138801e+00
1.419853443623070977e+00
1.609977792271263697e+00
1.532471029291312181e+00
1.553730536350927505e+00
1.408979571800563102e+00
1.341616563209258040e+00
1.613471827780974976e+00
1.479722359859678704e+00
1.374858244877692703e+00
1.586207199445711424e+00
1.643981145764369600e+00
1.609876684247815604e+00
1.474362333129555225e+00
1.507256717474079633e+00
1.445160571493694368e+00
1.598150792600300241e+00
1.500775157986876662e+00
1.662702962352516245e+00
1.625591813944735620e+00
1.708790882077127149e+00
1.604347881636992046e+00
1.461067947113930732e+00
1.575790706989940393e+00
1.491416280544786810e+00
1.702854573958095363e+00
1.558130778520981252e+00
1.475212807362354495e+00
1.674162593084484119e+00
1.744373596755406597e+00
1.742854921385111444e+00
1.671589033751238906e+00
1.634399940171330279e+00
1.551332107369991720e+00
1.436634617225498234e+00
1.634178270976308189e+00
1.797258477742427196e+00
2.049465633344136783e+00
2.007067936182515666e+00
2.277701701129532186e+00
2.120073200714188033e+00
2.001907954442571302e+00
2.196650814475827218e+00
2.078402456064436077e+00
2.279235494188918132e+00
2.326284051412112142e+00
2.154181901524060194e+00
2.082797018287402491e+00
2.190090424717073159e+00
2.201392184387390927e+00
2.269655743108691226e+00
2.140700515416477323e+00
2.059473954009915619e+00
2.086341573594111320e+00
2.102878184894441116e+00
2.195092698805309439e+00
2.300097155116541447e+00
2.046329008079779133e+00
1.958757143251065314e+00
1.820238754365408829e+00
1.991919323418480214e+00
2.205222168650494918e+00
2.325178912545169396e+00
2.245457097496594390e+00
2.475169682446191732e+00
2.532777641853831696e+00
2.482521268479586318e+00
2.341893429234602753e+00
2.232219909672909619e+00
2.277056077037345361e+00
2.488794667752692202e+00
2.350400247534388587e+00
2.523022439345846468e+00
2.656622328796228061e+00
