0.000000000000000000e+00
4.819123845478616164e-01
7.004208359313113252e-01
5.478693395521255782e-01
5.905156263360500368e-01
7.271684687752421050e-01
6.675359270811248580e-01
8.192292637680095302e-01
8.269317984414359390e-01
9.333261219519786156e-01
7.851221101921149748e-01
8.906891920053200407e-01
9.946493019677661307e-01
1.043861188390054151e+00
1.107754742191712216e+00
1.157956195496070650e+00
1.332441938738742282e+00
1.282275734896507258e+00
1.360832272211742300e+00
1.239357058335269546e+00
1.050836387793849802e+00
1.054096409910325161e+00
1.299335782301476394e+00
1.117309926001140319e+00
1.054665829942776689e+00
1.187188067537996439e+00
1.133909061151376685e+00
1.385355985497868092e+00
1.361465699178454392e+00
1.292933869964921323e+00
1.365171917916407907e+00
1.470581976644323330e+00
1.330157555038097961e+00
1.477554016565278072e+00
1.548830678766420776e+00
1.552314821551256552e+00
1.638421887367250029e+00
1.602780133447303967e+00
1.982030108849162975e+00
2.128188101046249781e+00
2.155470390739264719e+00
1.978008808465367530e+00
1.902154472105592298e+00
1.998952475795747530e+00
1.896494462381892010e+00
1.893554949415567901e+00
2.002241365106061988e+00
2.005654858759881698e+00
2.089719820806909212e+00
2.074225129873392248e+00
2.116579959293801938e+00
1.882513734594282173e+00
1.945230799711579861e+00
2.064736349076853550e+00
2.028408992453336612e+00
2.175000911438641271e+00
2.087158457471598005e+00
2.009098879773874469e+00
1.918289199437941628e+00
1.983259053651475146e+00
1.951579338145350340e+00
1.975621591089252949e+00
2.031786994237702704e+00
1.879061651045454084e+00
1.944322074723506155e+00
2.014408148942593346e+00
1.993615355043929727e+00
1.945460637524376812e+00
2.068509865664320824e+00
2.253305806158063529e+00
2.066346136583077975e+00
2.197223574936298718e+00
2.064988763379524084e+00
2.102498768226439996e+00
2.088323301024764600e+00
2.081464401670992004e+00
2.302479936764762147e+00
2.360388305972843881e+00
2.461580424653056376e+00
2.334956250492049801e+00
2.332331116394887882e+00
2.440194154497854928e+00
2.419636904261166510e+00
2.628129586214420055e+00
2.585242514853641982e+00
2.544680481734934663e+00
2.454549140447042088e+00
2.263643581025096996e+00
2.258267129295969511e+00
2.249689876488409457e+00
2.158337083494093367e+00
2.104324110551605287e+00
2.396389212924179724e+00
2.507982491561960625e+00
2.514610341464471155e+00
2.664247777406019591e+00
2.563377811719002697e+00
2.677983271684016842e+00
2.661422080314181482e+00
2.852247004124452978e+00
