4.264961199760035779e-07
4.748936472378130769e-01
5.671403488773374413e-01
7.942877065249839275e-01
1.022417257463381413e+00
1.037665916174043801e+00
1.158648834364019775e+00
1.297796515933098194e+00
1.181101188169014327e+00
1.231948378393368460e+00
1.565958884639210291e+00
1.646492686997686361e+00
1.798138516361098560e+00
1.798652101799844694e+00
1.898945225652532098e+00
1.722203849972280487e+00
1.860780958084974124e+00
2.043561258511061851e+00
2.109261300268326700e+00
2.123073334974721060e+00
1.903102137041632558e+00
2.059665279297422380e+00
2.180715048257944932e+00
2.385065526533475477e+00
2.186156881197764967e+00
2.094133650199236474e+00
2.186602693022167365e+00
2.163169709805075058e+00
2.149172522564388732e+00
2.169264270356958235e+00
1.953905454731563962e+00
2.091423367213739670e+00
2.372038410884808268e+00
2.389544030578287348e+00
2.446275440030305948e+00
2.907042898190902669e+00
2.893012293716318517e+00
3.065463633563439316e+00
2.786653408700784595e+00
2.751767430348163401e+00
2.767508375426653178e+00
2.993937177571185160e+00
3.076256269461994375e+00
2.749710554380870864e+00
2.684610753698413621e+00
2.742436044782625704e+00
2.504527875271409076e+00
2.471617439854447706e+00
2.452076587122263618e+00
2.311613603970879893e+00
2.490055140143706325e+00
2.819703260986648363e+00
2.860425252090084136e+00
2.718270142350288854e+00
2.774086241641952277e+00
2.635811577541694373e+00
2.656340977947043935e+00
2.613406894068103448e+00
2.308736701724002138e+00
2.323861718572104884e+00
2.270301148054990392e+00
2.435905552089522974e+00
2.277836110763379995e+00
2.323844589395898108e+00
2.362247754032960501e+00
2.302087387894847570e+00
2.347961234376874540e+00
2.292587509720305228e+00
2.529642178749664350e+00
2.556358012406666269e+00
2.563660546709042531e+00
2.523441794581166242e+00
2.381964322344869434e+00
2.451069130633358295e+00
2.521147352643472672e+00
2.509637958092842513e+00
2.566885750818660217e+00
2.671557900732413504e+00
2.765966473284026783e+00
2.913868892842855107e+00
2.987094564173346178e+00
2.978333294016277222e+00
2.947992014066338484e+00
3.040452351308533974e+00
2.938149287094685036e+00
2.892042005489959600e+00
3.009320459384126956e+00
3.095073737020191285e+00
3.115830537941230105e+00
3.147623264701222112e+00
3.030339795175737816e+00
3.102552490258211115e+00
3.231215910138835579e+00
3.010960821564736989e+00
3.343506283443101967e+00
3.351402285604944797e+00
3.256510874682531309e+00
3.398246191174853159e+00
3.236934723583267282e+00
3.287436265186170825e+00
