2.132480599880017890e-07
4.054589723635836918e-01
6.952600584357014890e-01
4.846392691656420948e-01
5.189022299772100277e-01
5.238289848206286736e-01
5.310090612093676388e-01
6.459126323244445134e-01
8.093372952392255959e-01
8.545957539807317316e-01
1.084397809499770826e+00
1.068998183533335089e+00
8.409211260170667002e-01
9.265469315254275529e-01
1.151087617337212210e+00
1.108691002401395398e+00
1.186600695376789361e+00
1.052346737526141274e+00
9.983311711407505395e-01
8.489040746578691010e-01
1.015958401183687965e+00
1.072941290315942320e+00
1.177377787569247936e+00
1.217944415072663933e+00
1.159187937692351733e+00
1.104881528819023462e+00
1.082279265800390800e+00
9.786755608972412812e-01
1.046337993711095482e+00
1.210603411041040189e+00
1.281010445529805475e+00
1.237214355746179217e+00
1.306867508524163224e+00
1.410351332520669798e+00
1.417984122618846987e+00
1.112717519723419590e+00
1.406683080208453784e+00
1.644622112582681650e+00
1.702817120770403259e+00
1.622080977378516753e+00
1.694179919971217974e+00
1.689902600044055569e+00
1.793058658938685657e+00
1.688152103818934435e+00
1.819638333316247580e+00
1.837964197262343280e+00
1.992024177867329326e+00
1.823624165981781564e+00
1.682792454204821153e+00
1.832575772171358475e+00
2.012445246248504294e+00
2.009887354867625486e+00
2.056589496776785708e+00
2.096898894148475190e+00
1.998525752309877612e+00
2.075075365357994528e+00
1.927588203217424745e+00
2.268490998158918082e+00
2.070988636139208694e+00
2.080803111691530205e+00
2.329624565984635076e+00
2.426124449762794288e+00
2.364860072512827482e+00
2.301645583304162468e+00
2.373154321355282814e+00
2.587720467370154598e+00
2.546443979296073135e+00
2.609933554875036421e+00
2.522416606021313790e+00
2.428541010050818461e+00
2.322681671049000141e+00
2.190437089109371183e+00
2.389588001198586831e+00
2.315920031077498109e+00
2.233928405118326577e+00
2.308645450974488256e+00
2.345764090646236255e+00
2.348755818526794492e+00
2.329956398602471168e+00
2.539329255495051729e+00
2.352454810189993584e+00
2.457030461150765177e+00
2.506210395140025415e+00
2.710101255130538789e+00
2.534648734761500322e+00
2.564959205752680216e+00
2.528081083046695987e+00
2.664376968106099586e+00
2.756845684117176454e+00
2.685266197732137261e+00
2.702101132437538578e+00
2.780612713066216823e+00
3.030864446977355797e+00
2.968382663953265332e+00
2.990367613238281486e+00
3.030420172421019132e+00
3.224775668861386446e+00
3.222873186784769306e+00
3.266018971893068112e+00
3.289006012739764451e+00
