0.000000000000000000e+00
4.873481928646052341e-01
6.711981648568302594e-01
9.675925628511083953e-01
8.935821125425933431e-01
8.296943047347425937e-01
1.037724702559429613e+00
9.503250893885136774e-01
1.220439159740602353e+00
1.232093574214378595e+00
1.404084955983967653e+00
1.531716539962050483e+00
1.462946067863807098e+00
1.848413937706235410e+00
1.873129375756024784e+00
1.692339945309328408e+00
1.848341120932923021e+00
1.686731823174068001e+00
1.767786070047623115e+00
1.635698097846654875e+00
1.741537153886207889e+00
1.806458710116015665e+00
1.798212917091084551e+00
1.782079841039107215e+00
1.753913022708597724e+00
2.042786614683554269e+00
1.831881185088658270e+00
1.784881977868857383e+00
1.849146712222679900e+00
1.887511936062191253e+00
1.762583308485178524e+00
1.775186539683384135e+00
1.926597029676797579e+00
1.748361695730362042e+00
1.635749525069092991e+00
1.809278785770530362e+00
1.834938983093687304e+00
1.824097102328266828e+00
1.867529412216118345e+00
1.855272977741328155e+00
1.849957212527248318e+00
1.912461624509443903e+00
1.925795607182516411e+00
1.923187484673892778e+00
2.191953790649829426e+00
2.011180630251995893e+00
1.986036325676730163e+00
2.036307356660778556e+00
2.108174963258131029e+00
2.195863270711231330e+00
2.128240483211229606e+00
2.267000726736882132e+00
2.169863672161369106e+00
2.219657582219376479e+00
2.321668779126218940e+00
2.054294361259781709e+00
2.066418828851869005e+00
2.101946515524367065e+00
2.181853800040411517e+00
2.064146525489678918e+00
2.086007186476642072e+00
1.955968824889657398e+00
1.702056083463795666e+00
1.910335936719555816e+00
1.946484299687149200e+00
1.942697300820563022e+00
1.954957048626555283e+00
2.082924550258213880e+00
2.107663754176396953e+00
2.197908828723691865e+00
2.142730228042104113e+00
2.180402479374715430e+00
2.140700532052861149e+00
2.044264443220527916e+00
1.868623538606105194e+00
1.898970562165861242e+00
1.904046653313979265e+00
2.121896671569942328e+00
2.262889485659780764e+00
2.221525764180397378e+00
2.098172648221420911e+00
2.068126001829849070e+00
1.928185682191474681e+00
2.104637472001620324e+00
2.140403824980436021e+00
2.241896180847659625e+00
2.147381044967197727e+00
2.155998389118342740e+00
2.218770470004719719e+00
2.260038579888056010e+00
2.285576025660786659e+00
2.073896715318853445e+00
2.418352714082527832e+00
2.307967745308785013e+00
2.270528056693882135e+00
2.068427669848318384e+00
2.291195372912229189e+00
2.215956605667740664e+00
2.211071755334756528e+00
2.346171931120728082e+00
