6.397441799640053933e-07
5.223904339881751957e-01
6.997243649140358901e-01
8.616861404459236207e-01
1.005582407444360227e+00
1.064534878133865270e+00
8.773119547336297730e-01
9.885854723797814492e-01
9.650305806111501017e-01
9.390585872089064479e-01
8.310233481220458129e-01
8.953864575487426869e-01
7.447050101750883888e-01
8.900733647780227908e-01
1.040804274334536927e+00
1.017279852687147379e+00
1.086239022540488097e+00
1.175201712448300517e+00
1.114844173013526563e+00
1.226242222069839238e+00
1.234688945315450148e+00
1.359155368668258701e+00
1.373075447357793299e+00
1.518148788361929791e+00
1.419905173507096441e+00
1.680708041048575296e+00
1.611557844338684653e+00
1.457938374370492340e+00
1.550189173622464667e+00
1.548884911136582332e+00
1.300632269677314934e+00
1.334472300806960776e+00
1.389699569578165539e+00
1.401804713328363539e+00
1.389601130044373134e+00
1.213882889365671458e+00
1.149240223696519347e+00
1.263191578790628267e+00
1.263512899848328708e+00
1.165277897466126644e+00
1.163589673834434013e+00
1.048499294892458078e+00
1.090176532251948327e+00
1.145356047992471593e+00
1.347771458897440322e+00
1.420402517327945979e+00
1.650075297674369557e+00
1.753214686582483139e+00
2.060124036386312252e+00
2.340196994865478164e+00
2.067946030293728477e+00
2.207387223393049158e+00
2.285021052492178129e+00
2.400054716927558562e+00
2.451963833865994591e+00
2.262221636808725123e+00
2.426341814546809861e+00
2.345363537522849207e+00
2.482956085415187530e+00
2.557564017069374085e+00
2.423801271472700858e+00
2.512089177653725081e+00
2.412891523292346463e+00
2.397295917243887686e+00
2.534289646412717367e+00
2.369688348974442249e+00
2.312177408552197555e+00
2.493930275162261623e+00
2.466177576041876929e+00
2.356850377274806618e+00
2.409410001318927019e+00
2.234736922348741217e+00
2.305958429231151907e+00
2.410278820303299430e+00
2.579311250938876032e+00
2.397060374122873316e+00
2.471673431434457946e+00
2.418300604226990558e+00
2.558672292729030406e+00
2.590379434056753638e+00
2.497733057003753476e+00
2.531448357042496600e+00
2.732727159506773695e+00
2.672412696243277708e+00
2.728910531281466323e+00
2.757807682980695674e+00
2.975670080160123909e+00
2.966238896970383010e+00
3.255093976909664732e+00
3.360533580263922904e+00
3.503434251450026959e+00
3.619229261889803428e+00
3.602845476905338629e+00
3.690167790900335643e+00
3.853864945408024933e+00
3.914740627851968302e+00
3.848923945649507683e+00
3.939708198090702052e+00
3.927530021692641871e+00
3.889380479570752502e+00
