3.015782985847834980e-07
4.220988902678808885e-01
6.215781151307094854e-01
5.789674186172474313e-01
8.170623503861789150e-01
9.117156652590371335e-01
7.351033137026609099e-01
6.325164692823617152e-01
7.375664568766535645e-01
7.821936216297030731e-01
9.014381013697378986e-01
1.114669692847549465e+00
1.099097336699524696e+00
1.195589935383154279e+00
1.139594259153159594e+00
1.372415623588083555e+00
1.360019906411761736e+00
1.536442632847665468e+00
1.605221185459386302e+00
1.881578949899341158e+00
1.722333538233164152e+00
1.765346413345659338e+00
1.865704776169093471e+00
2.019866988936795948e+00
2.088685440389448367e+00
1.982600772448487980e+00
1.965145152894857361e+00
1.939256626408775164e+00
1.968756930676753614e+00
1.864562262238406598e+00
2.151998328973410590e+00
1.934487644987303190e+00
1.761971268362675147e+00
2.000646894393805386e+00
1.869778469157644452e+00
2.049491662088626764e+00
2.151136846962878657e+00
2.322213471605861557e+00
2.245662093212242194e+00
2.573608598731039088e+00
2.503484654703973966e+00
2.399953873563520634e+00
2.366885648550901777e+00
2.365536975325568836e+00
2.172474711823754845e+00
2.226177107156127377e+00
2.162548908411119353e+00
2.035949947394064097e+00
2.109497670570546379e+00
1.968872115174092441e+00
1.824906377781324140e+00
1.965542790137266849e+00
2.184338476155207154e+00
2.388245395019203077e+00
2.189093941873230253e+00
2.040673865246813712e+00
1.819435083701927969e+00
1.779858911403708221e+00
1.689809115274415685e+00
1.701340901098322256e+00
1.811264521388308291e+00
1.799611638404415181e+00
1.737446217632745649e+00
1.679716301813681367e+00
1.609006722963686631e+00
1.695810768398072543e+00
1.842246908271816919e+00
1.741392057294466111e+00
1.874892428650114740e+00
2.031963724757419598e+00
1.876540276506675653e+00
1.787436125946052501e+00
2.010044600751472732e+00
1.889654821325007061e+00
1.986760581073989673e+00
2.072335935978091737e+00
1.821245566097775548e+00
2.068593809355503410e+00
2.003146523212983254e+00
2.019157920827471919e+00
2.051684930641997084e+00
1.806932085287839662e+00
1.825968237539693506e+00
1.752901696232211037e+00
1.603608659864096175e+00
1.769004305492298812e+00
1.772270279377142321e+00
1.723194019310637204e+00
1.990685381691720268e+00
1.977789884572547674e+00
2.034583757334515575e+00
2.008073383007560331e+00
1.935920594180345677e+00
1.928394071379059271e+00
1.990865612864205492e+00
2.069631270630335695e+00
2.136386664335359953e+00
2.226394394921239250e+00
2.014059287020752098e+00
2.131922642195105411e+00
