0.000000000000000000e+00
4.515594350532945445e-01
5.938000727753260932e-01
7.752632286846484755e-01
7.359864701804038623e-01
8.306785584598721517e-01
7.848308237379376662e-01
7.323865153509659942e-01
8.214259515845455661e-01
8.911507137288300351e-01
9.211165045246190175e-01
1.098634584547371285e+00
1.108807950509275164e+00
1.262787027447147103e+00
1.177653802527776072e+00
1.157151711962532747e+00
1.470118338731220442e+00
1.577508065908647117e+00
1.593241670180847169e+00
1.590666329557373748e+00
1.485636747770128885e+00
1.729352630914484212e+00
1.872135530920578272e+00
2.050849224160479878e+00
2.189513814163953853e+00
2.169752966453415866e+00
2.086153958503688788e+00
2.150189165100344191e+00
2.271416469113085590e+00
2.345745115607122067e+00
2.363131453650920477e+00
2.283455507552655916e+00
2.471495815339321833e+00
2.562779339906605003e+00
2.497668655805055593e+00
2.548708934073001586e+00
2.667297988894027139e+00
2.472042612230614278e+00
2.567975036549015488e+00
2.582088296276329853e+00
2.465163632169907970e+00
2.549038242723605130e+00
2.664525249522350148e+00
2.581790585214226663e+00
2.626934774272288386e+00
2.694773125408093772e+00
2.738046498795599248e+00
2.583351964007880142e+00
2.596024814324467300e+00
2.704362612583033343e+00
2.597977894519385433e+00
2.524721025431757138e+00
2.444726637795728852e+00
2.417887713546087447e+00
2.376733729880122326e+00
2.575624028432443868e+00
2.354654873188910980e+00
2.336911888336372201e+00
2.225681109023649906e+00
2.058909932294295420e+00
2.135914741956263185e+00
1.959377367352480803e+00
2.146764794980492663e+00
2.076786308534587011e+00
2.016481255879933876e+00
2.160423518513273855e+00
2.198091146879137980e+00
2.173178151191442087e+00
2.272236983249208642e+00
2.376600396627595480e+00
2.446815391397377137e+00
2.401072562815701250e+00
2.369041405541048917e+00
2.425565647199927177e+00
2.485338204949443686e+00
2.410285905766300196e+00
2.385305995376309607e+00
2.385759940502651499e+00
2.508153172770610784e+00
2.342308975505541291e+00
2.439755543152620554e+00
2.588573139348103069e+00
2.706405969604986694e+00
2.669357075915529620e+00
2.600952471837418845e+00
2.685871960504677691e+00
2.703824561148052474e+00
2.825035149139969448e+00
2.681030297979730470e+00
2.515134967979338665e+00
2.584223231774151142e+00
2.658373413730951818e+00
2.670190036335931882e+00
2.558792517810457134e+00
2.473416249680859824e+00
2.436050184398022012e+00
2.423132334553743661e+00
2.317403045952856733e+00
2.421526344232709516e+00
2.552696382714599199e+00
