6.031565971695669960e-07
4.046772309519767741e-01
5.865572777063351451e-01
6.953256605530586665e-01
5.804717873101749026e-01
6.245558336746040995e-01
6.713065801109202591e-01
6.012684161881929334e-01
7.421288258942110305e-01
8.101701130309472143e-01
1.083630406433989002e+00
9.094348670072037732e-01
1.035777123940385902e+00
9.692690179312115628e-01
1.050806053396328599e+00
1.007550341694190443e+00
1.145144580788597155e+00
1.209083926603459869e+00
1.175232279059960527e+00
1.051645292650785990e+00
1.032302758083172955e+00
1.290786208169512950e+00
1.288478456662447424e+00
1.433955136453541224e+00
1.498156437931396301e+00
1.444764063231765538e+00
1.513939566787606772e+00
1.601415995648018509e+00
1.578511800032907697e+00
1.624141889129832705e+00
1.456781077150827830e+00
1.690903055607452021e+00
1.720105058604673332e+00
1.687769748495193234e+00
1.769428961218501239e+00
1.835630243995104882e+00
1.776903971942064731e+00
1.807476993741249593e+00
1.999824765058163756e+00
2.070029605029819475e+00
2.073708814805244049e+00
1.968263788294891459e+00
2.050189022272079775e+00
1.910202007580668715e+00
2.010878690225960330e+00
2.060372454237072493e+00
2.177835103099800218e+00
2.123426969690787480e+00
2.181133533208872599e+00
2.283627090691751071e+00
2.294783418830045996e+00
2.504057740472754645e+00
2.315221438475955296e+00
2.351239997596318965e+00
2.265724369108016667e+00
2.120712302129713844e+00
2.011315076840145988e+00
1.936475129131985717e+00
1.844742588801634442e+00
2.014893863832285970e+00
2.079908675832647713e+00
1.942363517494607006e+00
2.014460664085061303e+00
1.950763468971695058e+00
1.676534535474674792e+00
1.741228247782659944e+00
1.759918199056735633e+00
1.908054863662663969e+00
1.818455136703575059e+00
2.029796561579695346e+00
1.978320912301773316e+00
1.986440524494418547e+00
2.007611492584239876e+00
1.886739230376944576e+00
2.072222275627344512e+00
1.855056008425107095e+00
1.823659108126280293e+00
1.737305414583355745e+00
1.673130328201779982e+00
1.538695171283966934e+00
1.593882920344379173e+00
1.725659825030562589e+00
1.693196442918445177e+00
1.843520641506988023e+00
1.834674205329324348e+00
1.891368090716333716e+00
1.900120752998625706e+00
1.926501094754210497e+00
1.877880226058339375e+00
1.855772772089471889e+00
2.041838788782361469e+00
1.851596727165770728e+00
1.855716809783064525e+00
1.956886633441422330e+00
1.909652442843123188e+00
1.961317457944035558e+00
2.004447208468736807e+00
1.948645709327900377e+00
1.944414643252634356e+00
1.823402565343622550e+00
