1.507891492923917490e-07
5.600665185842869098e-01
6.405092117649319183e-01
5.714141406775650189e-01
6.301324074020477894e-01
9.000785124896680811e-01
9.759038017384273900e-01
9.340439547830798883e-01
8.741990574474847175e-01
1.067486923494872730e+00
1.112804838798943985e+00
1.134168634600377867e+00
1.258620585659486979e+00
1.278757954989332424e+00
1.433983508393051443e+00
1.222443319245041904e+00
1.145983228102555040e+00
1.239298001708924124e+00
1.289278136411763143e+00
1.371274427313015298e+00
1.320409104597290328e+00
1.422624528640829222e+00
1.569571199299196307e+00
1.565659589324975842e+00
1.683020399262604938e+00
1.518944520430957512e+00
1.497063005748831666e+00
1.380712497790257842e+00
1.369068514047102614e+00
1.441625171392228788e+00
1.427142754218946319e+00
1.352840854605160015e+00
1.514467270893722350e+00
1.376599840195613655e+00
1.196714727175471671e+00
1.151120816352319665e+00
1.172645862742618394e+00
1.311802658032792390e+00
1.166067709421026555e+00
1.228970430038077932e+00
1.328054017839046530e+00
1.311928542981660284e+00
1.248873471917150813e+00
1.300623081148382765e+00
1.202805888807026546e+00
1.261190393120956488e+00
1.180922665263796745e+00
1.146728571500714722e+00
1.100559312280949831e+00
1.060195818153726766e+00
9.339617021462517377e-01
1.104494060017547241e+00
1.107167365703669137e+00
1.025657843645944700e+00
1.144856353169459773e+00
1.309325394348274330e+00
1.374680345847419938e+00
1.138640037728170684e+00
1.280887201642670004e+00
1.240001280722391019e+00
1.271692803618973189e+00
1.322038371833268222e+00
1.430646697385076216e+00
1.518371095475449239e+00
1.586370255146166253e+00
1.296420723024443555e+00
1.433215376201638414e+00
1.427440505106325030e+00
1.216950915933553867e+00
1.241956940881649762e+00
1.308552105756080275e+00
1.325968587198320003e+00
1.287995183759558904e+00
1.187151815526363619e+00
1.360323086165102779e+00
1.404628984190304131e+00
1.422078193826373571e+00
1.644583357629832765e+00
1.729725575721610564e+00
1.766921215443309823e+00
1.672427003808220958e+00
1.512947565250064574e+00
1.713567313573708617e+00
1.713631040889228574e+00
1.586837555258854282e+00
1.588441998350616835e+00
1.515044962807295059e+00
1.402089325521118424e+00
1.350026595886339775e+00
1.145594843806836627e+00
1.155221556088000145e+00
1.219318990644442380e+00
1.382407326748630982e+00
1.348500382352267213e+00
1.371811695333278847e+00
1.374618591120332356e+00
1.464938844202022139e+00
1.465612700783672118e+00
1.662985404992139760e+00
1.702504858209529237e+00
