1.507891492923917490e-07
4.846777471220226619e-01
6.366412419992342198e-01
9.185303841141942982e-01
8.625354772047139074e-01
8.385979011206783351e-01
8.572053491078990284e-01
7.883805533928112119e-01
8.024959003813614267e-01
7.708021434444238817e-01
8.701712891932635863e-01
7.262130114620342081e-01
7.518332555704538844e-01
1.012833531969359990e+00
1.048403413074973534e+00
8.967638144041530923e-01
9.978418558060355714e-01
1.189755476397506007e+00
9.876216584521559927e-01
9.093228113686953051e-01
1.232834308779350962e+00
1.343394907414982908e+00
1.107579600869871062e+00
1.211313144306760625e+00
1.412697251904437179e+00
1.352825054618622014e+00
1.524058220512589434e+00
1.398806906492785052e+00
1.636757979950828945e+00
1.605154153341566525e+00
1.651248154453124117e+00
1.589778297581049271e+00
1.708731759775022452e+00
1.660726599779735801e+00
1.519417164748104954e+00
1.576739631273891717e+00
1.501408505272248561e+00
1.719459538577470026e+00
1.947495808214115165e+00
1.932211629272603481e+00
1.882816209218927117e+00
2.069877215710756335e+00
1.920757355907152464e+00
1.856423495763545262e+00
1.865796960953649997e+00
2.072475869828869666e+00
2.089118535205963578e+00
2.040608905302919496e+00
2.271243386678524878e+00
2.407919463756109213e+00
2.389383887922691407e+00
2.422796811921176019e+00
2.326215171273624094e+00
2.416471732684862594e+00
2.414234336156887206e+00
2.324840954501425916e+00
2.227960982440361448e+00
2.169366472748849084e+00
2.441195325239626346e+00
2.366923303187508321e+00
2.503359347873327145e+00
2.449462275459637794e+00
2.413762909369325360e+00
2.260385244141824845e+00
2.223554631042680807e+00
2.501703230082871876e+00
2.343061005975157318e+00
2.385418501130798674e+00
2.533340793661715828e+00
2.585619550749692852e+00
2.445110597286073162e+00
2.425868153452626963e+00
2.343237176747382300e+00
2.506701894948281772e+00
2.513342236707349464e+00
2.701254276422896172e+00
2.595835651555791657e+00
2.772990753901246830e+00
2.702976635082082080e+00
2.878418064618251115e+00
2.697418832353824403e+00
2.644378781936859379e+00
2.710432263238363060e+00
2.798474323696766852e+00
2.781941271574889907e+00
2.687342706433998973e+00
2.601379098540823165e+00
2.813799280048475016e+00
2.783930708279524602e+00
2.563375617215433167e+00
2.513392102903633241e+00
2.510206330518832907e+00
2.525388934790226525e+00
2.538891604638321198e+00
2.612400670565181660e+00
2.478054059945050014e+00
2.148668575323338548e+00
2.385935637187459601e+00
2.135793504768535467e+00
2.369493510460274344e+00
