3.015782985847834980e-07
4.447368116893817835e-01
5.194554425207760229e-01
6.323551568570955350e-01
7.226785305737700726e-01
9.098153389236556254e-01
1.002334862353947420e+00
1.037294610378878268e+00
1.075390318760914621e+00
1.122612044565402867e+00
1.459168872863819466e+00
1.169017108115990355e+00
1.178968116139026856e+00
1.255651949238330234e+00
1.055365465778339340e+00
1.018572828908868244e+00
1.079993243995870156e+00
8.860316371167725746e-01
9.810375098816895845e-01
9.206357645343331564e-01
9.824140141791958269e-01
9.801123298979069753e-01
1.023893211753918564e+00
9.697627042514767037e-01
9.542224809314688860e-01
1.014600288408715523e+00
1.059570065660755400e+00
1.023559492792693648e+00
1.036778842108531995e+00
9.031591808528016685e-01
1.041874250603576746e+00
1.009317902748726015e+00
1.007479299405247497e+00
1.020744418989304014e+00
8.699648683592270393e-01
7.767900154364615339e-01
7.114460300900798950e-01
8.332976002582819230e-01
8.740804022901252912e-01
1.052720606782965307e+00
1.145969247957308923e+00
1.284245069924412785e+00
1.267966744478074448e+00
1.350770942103374228e+00
1.622750895009227090e+00
1.358586188807893391e+00
1.447509014853319620e+00
1.394665241833763059e+00
1.332268021323849139e+00
1.680460451507511443e+00
1.437418856438295034e+00
1.571754929260732681e+00
1.775316175009734820e+00
1.561299822319933250e+00
1.541504319296779668e+00
1.378127637304456643e+00
1.393702682508833446e+00
1.473069241304428401e+00
1.527520408027555954e+00
1.355767389133568201e+00
1.234332888070882595e+00
1.338169691628850133e+00
1.498495882469547791e+00
1.638496516934715430e+00
1.589130460116848553e+00
1.466320474995305823e+00
1.616684208901755682e+00
1.595690650681345968e+00
1.693367824552524770e+00
1.498988435949451858e+00
1.289959773405295662e+00
1.430990920284776591e+00
1.597170261527176560e+00
1.542834428281980141e+00
1.687366108753708627e+00
1.767549767495502078e+00
1.784628209790599662e+00
1.813294064053497134e+00
1.745089366280616838e+00
1.673501001380016673e+00
1.680729493770944716e+00
1.707119301712925141e+00
1.659984577191585320e+00
1.409898754537920018e+00
1.522328725780370373e+00
1.481852448368793373e+00
1.566691576898093574e+00
1.454311929220889255e+00
1.508596383632787807e+00
1.385574215615230198e+00
1.399127023981862061e+00
1.345316862816764880e+00
1.586644693932952599e+00
1.760013397400131074e+00
1.721701888878176101e+00
1.794351415615326850e+00
1.549983333245649408e+00
1.471537116356887109e+00
1.457309268038439409e+00
1.292365055494157700e+00
