2.611744678045111057e-07
5.131855417421150589e-01
4.629097178199056417e-01
6.865258422339675093e-01
6.575900019048332990e-01
5.844430031145689819e-01
7.884351577988512050e-01
9.504119499151124639e-01
1.009427509453403760e+00
9.570684050436959467e-01
9.257306387823007743e-01
1.080721163948166641e+00
1.117259039263326370e+00
1.112819603514612732e+00
1.125675133994234356e+00
1.338749023738586619e+00
1.339329670609331613e+00
1.105402792998996686e+00
9.774521183931892399e-01
9.238944808568515521e-01
1.037449560645922864e+00
1.009613054920536879e+00
1.105028063261638938e+00
1.242979615307526986e+00
1.198140049585977973e+00
1.104273088602548691e+00
1.171609789690251535e+00
1.185150047397836248e+00
1.320759267948539373e+00
1.384845296127285019e+00
1.348336482644682421e+00
1.597101332813741337e+00
1.385056959810691657e+00
1.370534923474212130e+00
1.330028410129076688e+00
1.402267226075475826e+00
1.324732442910978136e+00
1.462904211060691129e+00
1.366458048922034596e+00
1.519712449447205849e+00
1.253441162609258752e+00
8.938971740032486402e-01
1.005903184118112970e+00
9.234628640396480570e-01
1.067625169507928407e+00
1.181647700094487830e+00
1.235643183091839736e+00
1.021967909664114549e+00
1.069537306327384751e+00
1.010706923156470927e+00
1.039472189379091915e+00
1.211119958728528179e+00
1.127198763526239045e+00
1.034604655029967679e+00
1.248337155470673032e+00
1.066746665091936608e+00
1.167192115935315355e+00
1.174141950721356409e+00
1.160489154417495783e+00
1.383476110703933948e+00
1.262008111576266689e+00
1.290014901640873735e+00
1.385509151507543502e+00
1.529436684199616980e+00
1.432256213658174682e+00
1.512069439969426998e+00
1.464307040569012175e+00
1.489595805677337736e+00
1.599000885716749920e+00
1.696447568149103358e+00
1.457847742016645798e+00
1.424809623588203067e+00
1.276675832837845803e+00
1.404177350039322869e+00
1.257419091752873364e+00
1.496437457591909270e+00
1.369056354682581578e+00
1.363866715899595849e+00
1.586164052135401459e+00
1.871922900255753364e+00
1.714012891297103103e+00
1.839972886906993788e+00
1.748009285112110733e+00
1.765947500968837014e+00
1.725628905097407850e+00
1.567588110975144611e+00
1.657150576539356379e+00
1.626255992000130490e+00
1.680000292354960179e+00
1.875302730763123815e+00
1.934433732783207294e+00
1.777971594744347961e+00
1.824090688347633327e+00
1.717843920828039384e+00
1.788155369851490928e+00
1.679769428533994580e+00
1.708627960931237366e+00
1.706250420899033893e+00
1.686171900360763365e+00
1.669521032260072424e+00
