3.015782985847834980e-07
4.938941415095606802e-01
4.986542792468705576e-01
6.651594850900165445e-01
7.408687018629506182e-01
5.115131949631535058e-01
5.080233541847661849e-01
6.195156543252632320e-01
9.334776306417269520e-01
9.048776704287861961e-01
1.021523736389316372e+00
9.246902248120812962e-01
9.535220670585966563e-01
9.441135847603860931e-01
8.884971467891266128e-01
9.748767796519367534e-01
9.522050323521380477e-01
9.345793532109474278e-01
8.538525602360995670e-01
8.984849621229914485e-01
7.481874882619918843e-01
7.981184017317454193e-01
1.052575111615912773e+00
1.009640359705259005e+00
1.131631920507541356e+00
1.222473739081355149e+00
9.893610285931019321e-01
1.066629113687203700e+00
1.152261302999434189e+00
1.171158923523305750e+00
1.196004343349599042e+00
1.362283510123659891e+00
1.162812496256588002e+00
1.224573265694097746e+00
1.173600611623113465e+00
1.339972033308409305e+00
1.174604410631207685e+00
1.032425408855180970e+00
1.230496260637550909e+00
1.125404206994251588e+00
1.181281351209123809e+00
1.384215503273452441e+00
1.375819019583306879e+00
1.276835222369196110e+00
1.372108211270932188e+00
1.275420564168348481e+00
1.205243998709451203e+00
1.256225287246921063e+00
1.130220380209545183e+00
1.164253041184709403e+00
1.194942397404290535e+00
1.202799022681305008e+00
1.220656156960998162e+00
1.120101674730647145e+00
1.157430135546890781e+00
1.081557957815965310e+00
1.001309752832230338e+00
8.170592633324723630e-01
9.788164215938439661e-01
1.198362574282618720e+00
9.599384648284710053e-01
9.366090460068758894e-01
1.081297767249530750e+00
7.776202973204383584e-01
7.914425627748231662e-01
1.010792995271074135e+00
1.083126134397713436e+00
1.179445998863621892e+00
1.211990917897088016e+00
1.092675806412019224e+00
1.072823977905392745e+00
1.172023808808258849e+00
1.204716171637054023e+00
1.433076382983546671e+00
1.349055725577732900e+00
1.447838278683640123e+00
1.266537011707465021e+00
1.323388412377775047e+00
1.383759409195510548e+00
1.380443433204011194e+00
1.562474621028104860e+00
1.750275710619044967e+00
1.773640342531923819e+00
1.519754197142566321e+00
1.697328020556690964e+00
1.570198042585776887e+00
1.608787901273292853e+00
1.540329049981747689e+00
1.582286744745447837e+00
1.602745463229317435e+00
1.722410634285953757e+00
1.691551711907213429e+00
1.538178307272885403e+00
1.548923086388598547e+00
1.646911658913073895e+00
1.657298934398109491e+00
1.691953692329209558e+00
1.776790073971191042e+00
1.862330304109061307e+00
1.785242871570482448e+00
1.905914560444463834e+00
1.829735088410635813e+00
1.884328813893982657e+00
1.789975145656298894e+00
1.540455287579300725e+00
1.670090071429322309e+00
1.810640667083794009e+00
1.799348482121051251e+00
1.851536830195028127e+00
1.798257419413267444e+00
1.839500712845412833e+00
1.767864985386678356e+00
1.759618219098344927e+00
1.633864420209958590e+00
1.623992030811611809e+00
1.603957025804569669e+00
1.647424890819607635e+00
1.706821043474337385e+00
1.541406583968082389e+00
1.563531561726611452e+00
1.650876628649517786e+00
1.845407829671800393e+00
1.840383370168753752e+00
1.820667305207217535e+00
1.616459217086241962e+00
1.690874495629429264e+00
1.797386881779318379e+00
1.845410001728108096e+00
1.857926874368372339e+00
1.680293537374112356e+00
1.571397321692219906e+00
1.608910335418323179e+00
1.888701795552433893e+00
1.899418702452835728e+00
1.940250180259339929e+00
1.692709011014803311e+00
1.864155659584718849e+00
1.796507731880325975e+00
1.851296640665545112e+00
1.749481421327322650e+00
1.784314703078897058e+00
2.000159803913436729e+00
2.070519091768835640e+00
2.000025967436645402e+00
1.749922427989357487e+00
1.854820618868987525e+00
1.885240606021626464e+00
2.171394148491548659e+00
2.350624303886623245e+00
2.263136782492495058e+00
2.305458420963092614e+00
2.385782942368592341e+00
2.258461072457631946e+00
1.998110393551952857e+00
2.041742254499927967e+00
2.114801714184203263e+00
2.259121515252619616e+00
2.212139163722329105e+00
2.435963859613111460e+00
2.487999577048758404e+00
2.376598098275597426e+00
2.403488368884269200e+00
2.422726088469745243e+00
2.549639314962023562e+00
2.805043628977380354e+00
2.688079493768087858e+00
2.633704445667745198e+00
2.662479941310359699e+00
2.680431287468072465e+00
2.782537317549749201e+00
2.608732560133851131e+00
2.534686887919083365e+00
2.514245059625514145e+00
2.576121283220564884e+00
2.477470867816050415e+00
2.497032962122621491e+00
2.507097486650398110e+00
2.475709660766704179e+00
2.457284965940036425e+00
2.584772165805205191e+00
2.589230510614665803e+00
2.733187809793832024e+00
2.731284900741469901e+00
2.839152591804293913e+00
2.897647832832584314e+00
2.907502323709247438e+00
2.722539520741444452e+00
2.750571911954735160e+00
2.712294425140435727e+00
2.824375865210419168e+00
2.881035242148110687e+00
2.952876802737109063e+00
2.791641532518548185e+00
2.818591288907999814e+00
2.706209784533437634e+00
2.995233307148034374e+00
3.037743764106301647e+00
2.956536924358412755e+00
3.149826881499065756e+00
3.019810180016551993e+00
