2.132480599880017890e-07
6.049616654558934714e-01
4.644439186758779758e-01
5.339671799391157991e-01
5.712726437777048138e-01
7.751050857802627148e-01
7.677263747032861962e-01
7.235388594644944771e-01
7.633915153155966804e-01
8.225385323519318614e-01
9.608911492950527045e-01
9.895041967366170477e-01
8.825296308658864275e-01
7.906982823782707781e-01
8.097894176836180069e-01
8.986419338141050650e-01
9.190312891278530349e-01
8.667741995058457771e-01
8.419060584079124387e-01
8.202288726513526917e-01
7.818086489586657528e-01
9.923521583053657169e-01
1.024815080807619516e+00
1.026308596141046525e+00
1.192053285544032004e+00
1.322760158430963173e+00
1.338589639413348520e+00
1.284805307126195117e+00
1.141184533934455958e+00
1.243376121808662083e+00
1.196395806552801533e+00
1.154715521867706318e+00
1.031905024485209932e+00
9.735730377907727551e-01
9.589147887597134767e-01
9.346776611003467794e-01
9.217900634851748931e-01
8.900537411658067111e-01
8.870724223163832800e-01
8.393618854902942239e-01
8.969768717000903280e-01
8.201288310443722862e-01
8.579785781667201849e-01
9.033564872341942609e-01
7.837974523224428003e-01
8.642783101489773800e-01
8.798636373097957764e-01
9.806381643683986793e-01
1.160781974266549499e+00
9.895141626666699164e-01
9.875438247071474107e-01
8.674680914856528480e-01
1.033013556936908772e+00
1.080010799713606362e+00
1.147402209951747132e+00
1.194753790082795364e+00
1.114366890622058515e+00
1.143544475503863733e+00
1.179235233507466063e+00
1.275329552136091893e+00
1.062640223654547800e+00
1.047922203141121722e+00
8.742972361634773204e-01
8.455163953684695644e-01
7.335675639132778203e-01
8.172776586928551801e-01
1.104699604730616791e+00
1.210356140190470331e+00
1.123158622537490547e+00
1.063104402786496427e+00
1.036764164905095154e+00
1.131054718731987041e+00
1.122305022452442014e+00
9.968151604727325532e-01
9.543988051790874838e-01
1.026453958892254104e+00
9.522378314303308056e-01
1.092271517469618702e+00
9.607887513310768846e-01
9.452508934143057928e-01
1.026717581078522956e+00
9.545568124760386297e-01
9.520362096035878130e-01
8.900177639361115389e-01
1.027108707009309230e+00
9.501966077590435766e-01
9.894858926302420032e-01
9.698316621137955673e-01
1.073048119108140019e+00
1.296660364419659484e+00
1.162341146582131612e+00
1.206496228782534708e+00
1.230054499085704078e+00
1.064531331059937580e+00
9.798884427296009614e-01
1.119562111686134065e+00
1.132106375155335298e+00
1.283928179680747350e+00
1.369971547990364469e+00
1.322581141978072417e+00
