7.387129490294298213e-07
4.821193995098616569e-01
6.130314574185814491e-01
8.474888621571000646e-01
9.323693024926299477e-01
1.043313595932778171e+00
9.777180216158107839e-01
1.257608860046533605e+00
1.164597740444807350e+00
1.298848880507412540e+00
1.220588967763409860e+00
1.204347502027072414e+00
1.213998802527160858e+00
1.322709569903258053e+00
1.541608509796031701e+00
1.387508747314259994e+00
1.445858374681081582e+00
1.419273647734759392e+00
1.484296323904664039e+00
1.579477292758494356e+00
1.433359643129379579e+00
1.426979271121001425e+00
1.619297032830511185e+00
1.483346204191224427e+00
1.456925641748210820e+00
1.545223679037716735e+00
1.603918898136768023e+00
1.453122579796328528e+00
1.528652614712944668e+00
1.293027306248853536e+00
1.186505488790968510e+00
1.290630476459184717e+00
1.502800628421829376e+00
1.608231576462822332e+00
1.646522352677634027e+00
1.782271740511006008e+00
1.697976648495520990e+00
1.716847256866125271e+00
1.928772523050348298e+00
1.694642930085087595e+00
1.513278688151122653e+00
1.719878329339051604e+00
1.721949251691131222e+00
1.953545307490869742e+00
2.065614973762864626e+00
2.073328483803719813e+00
2.236680176814471288e+00
2.099941468704634495e+00
2.157212219769806261e+00
2.161487420647342894e+00
2.274314715915582763e+00
2.461786795596145438e+00
2.570394572415597878e+00
2.622394756028840312e+00
2.676606279913320563e+00
2.531342992217512133e+00
2.382310846921279701e+00
2.401632341352993194e+00
2.295313759884838767e+00
2.145738818832823469e+00
2.281296747436287742e+00
2.178563265956024342e+00
2.215882067973524272e+00
2.196607466047209911e+00
2.103367398176934522e+00
2.187484220681152003e+00
2.375511284791463229e+00
2.251593423131447391e+00
2.250894820657975082e+00
2.312896336922379614e+00
2.295430045879952807e+00
2.209442005034404577e+00
2.412444412999473986e+00
2.565858510395664371e+00
2.411518867909334674e+00
2.527102489942870900e+00
2.688068228366363499e+00
2.732992005980439121e+00
2.895655100681822969e+00
3.033989575974862518e+00
3.006518846443774873e+00
3.040521863164393768e+00
3.213341332491150393e+00
3.216428884407161792e+00
3.345858337379067127e+00
3.024752123621187394e+00
3.115158399646979159e+00
3.044713352628576342e+00
3.072183942592799699e+00
2.902316492668107095e+00
3.151533966831037148e+00
2.991355974008532037e+00
3.002594413351429292e+00
2.971140062576771435e+00
3.169705864867512712e+00
3.159141548849811798e+00
3.107577097310133762e+00
2.950703666544431947e+00
2.906045256943488475e+00
2.916506338559245126e+00
