1.507891492923917490e-07
3.797754689092717184e-01
6.345488146327672441e-01
5.673137695537637804e-01
7.138524562313102173e-01
7.198225123925473534e-01
8.470396721842169407e-01
6.056452125714704149e-01
7.002876026309878821e-01
8.220346200932991954e-01
8.228382708571676529e-01
7.952426992358395674e-01
8.188481054521062896e-01
8.516653927010621183e-01
9.255642959266511260e-01
9.761175909675744444e-01
8.602620546539486712e-01
9.932498010521280118e-01
8.348498234542561791e-01
9.817148155761195039e-01
1.067335282416951081e+00
9.470851309648397054e-01
8.619468193555426261e-01
1.017590779748275720e+00
9.962721802984140229e-01
8.315275394694462419e-01
7.646490510622619974e-01
7.345787190881299944e-01
7.792885385486599814e-01
8.236065835001002977e-01
7.432725448082396769e-01
7.548509276860531081e-01
9.044373039633338829e-01
9.490409901548827465e-01
8.740695956963205893e-01
8.534047067445560408e-01
8.934799116042003719e-01
9.573344285328543313e-01
1.061788058459239403e+00
1.182421830535070884e+00
1.132338195506474854e+00
1.017824744552095595e+00
1.044512904898428962e+00
1.064074808439306352e+00
1.164610283437310878e+00
1.143979815865630911e+00
1.047365571872403311e+00
1.055522208713052690e+00
1.238988162014647898e+00
1.104576744673072319e+00
1.082291626055451372e+00
9.373533153254053341e-01
9.641034105435105639e-01
9.371106043290099441e-01
9.770064059627734387e-01
1.148173944181078099e+00
1.085107102171339433e+00
1.257750915521898438e+00
1.057301523353887607e+00
1.015682422318598954e+00
9.455029228088376314e-01
9.239276216294747268e-01
7.678454879123417509e-01
7.201861193855086940e-01
9.153653828835641715e-01
9.408717167295481687e-01
1.079465275618091802e+00
1.008772995010152052e+00
1.071344852371689971e+00
1.092374851110784029e+00
1.109980862009196212e+00
1.191069048548569320e+00
1.189395718147844949e+00
1.221511431281309124e+00
1.280944068048666562e+00
1.277934765420488228e+00
1.111032465702028071e+00
1.298344197481013484e+00
1.259510833755333348e+00
1.131955442722643257e+00
1.062762484697491017e+00
9.773542419626004563e-01
9.438633050230899046e-01
8.663581404226197158e-01
1.063891012556935411e+00
9.103140184896586495e-01
9.590265534864486074e-01
1.120018661859984332e+00
1.230199173497903198e+00
1.104510748080058891e+00
9.523355280948658796e-01
1.025740617803925003e+00
1.071044913928856923e+00
1.303674497463872761e+00
1.231785728180766926e+00
1.115943980928880475e+00
1.246727494651719281e+00
1.350216324878203089e+00
1.536986363487691687e+00
1.332724173831697723e+00
