2.132480599880017890e-07
5.050781515734261706e-01
6.889899042071322421e-01
7.248329740872629934e-01
6.221865563838867574e-01
7.362522831400323264e-01
7.079177104850199465e-01
6.429053663640044158e-01
5.803758656176055686e-01
6.200335681497107787e-01
6.138075019722120107e-01
6.238200145250809570e-01
6.803921192527676576e-01
7.150811458293024891e-01
7.420138128709741210e-01
7.641055512848323739e-01
9.264561463984083423e-01
8.013049827913839573e-01
8.391437506697695392e-01
7.948913763863727500e-01
7.760787579605950004e-01
7.959336929391175319e-01
9.405283434869333714e-01
1.123951536256385442e+00
1.191706240997831845e+00
1.056599828270499586e+00
1.129190995690984467e+00
1.046486788708518523e+00
9.912770316002391668e-01
9.001941523108282217e-01
7.787342278270794615e-01
9.901609460618274738e-01
8.904040141988650570e-01
8.208201610314249663e-01
8.740077242008577052e-01
1.044741698036992128e+00
1.121010062457415302e+00
1.155220544014014417e+00
1.179530810098706750e+00
1.304297793669010774e+00
1.192263179211098700e+00
1.241808229827420229e+00
1.153744806925778077e+00
1.227393261732664831e+00
1.134902002978599000e+00
1.163162697511743948e+00
1.104239091426897579e+00
1.007153917684114441e+00
1.062077856794255037e+00
8.408843742215081907e-01
8.959898805532663379e-01
1.032258962921837719e+00
1.023130273250053346e+00
1.069196115792251378e+00
9.181909329766075878e-01
8.392673304660437372e-01
1.015068608153943286e+00
9.958083847180931869e-01
1.068555683981723181e+00
1.186437166339206373e+00
1.361223519878858257e+00
1.603489054771130018e+00
1.644686721105387051e+00
1.463455743763723449e+00
1.454056070583352955e+00
1.460105910599525991e+00
1.596309289195091186e+00
1.684771118217286423e+00
1.522207066637913053e+00
1.798857261320234269e+00
1.780474267672137678e+00
1.874389322288724458e+00
1.940927619856960940e+00
1.726113568815883736e+00
1.806891653006967857e+00
1.459544869145811719e+00
1.328480492518444134e+00
1.359125248553913812e+00
1.462043380085207955e+00
1.177819475996241039e+00
1.196835665270900906e+00
1.338043542950166254e+00
1.396796430221683760e+00
1.519846101652146508e+00
1.363703359296513762e+00
1.355176133213416012e+00
1.272075812133794948e+00
1.384623746304572078e+00
1.315393791992224282e+00
1.368996954706762859e+00
1.276814976994817386e+00
1.465778011829411032e+00
1.349568142920934521e+00
1.373797916102122318e+00
1.384475293472983815e+00
1.397255724838856850e+00
1.408145374106427816e+00
1.521745975238964821e+00
1.383918289324897133e+00
1.585222655543547798e+00
