1.507891492923917490e-07
4.086991299244835396e-01
3.732983549321921002e-01
5.374388405642749333e-01
5.072724894115958616e-01
8.209078845069285313e-01
8.728458581287722451e-01
8.095122583520160120e-01
9.076359279638089861e-01
8.030261782337138055e-01
9.409525788346090325e-01
8.954810503567296465e-01
8.043048840082943629e-01
9.187461166708184024e-01
9.901221652298651810e-01
9.425014951340080493e-01
9.096053135266112255e-01
1.023166154037330688e+00
1.201259930615311999e+00
1.256385299740309103e+00
1.217754366554048895e+00
1.216447175012160375e+00
1.256587441147856588e+00
1.226365016465611912e+00
1.245762859573625869e+00
1.419924933008064105e+00
1.412896399919123080e+00
1.280431821791392144e+00
1.386092860429119389e+00
1.408487943443047508e+00
1.449829036216375933e+00
1.367318082750970332e+00
1.187189213163503787e+00
1.251264329822810994e+00
1.331800286546275469e+00
1.458722813088835668e+00
1.483984077635474907e+00
1.395390303742954918e+00
1.385431375475194349e+00
1.327868238776440446e+00
1.406637216095046217e+00
1.481237725558115725e+00
1.373468258950843124e+00
1.366444457418287017e+00
1.364022758379114908e+00
1.291889921729470814e+00
1.452395027050916942e+00
1.455315779220975880e+00
1.284112616310792987e+00
1.430099652314126946e+00
1.338164817543685325e+00
1.244833828460391478e+00
1.216548449720893155e+00
1.060757399607793472e+00
1.221700499197362788e+00
1.169673012375889165e+00
1.146788035263692551e+00
1.327233367148576093e+00
1.202501945529620642e+00
1.410409654930511181e+00
1.342970528066347979e+00
1.369076302896041542e+00
1.359772338192634322e+00
1.498229431302894099e+00
1.299145227321690355e+00
1.319686171513925865e+00
1.458309698371996088e+00
1.442372829083955921e+00
1.484339735409121230e+00
1.569936756942767575e+00
1.395109158624079360e+00
1.417976163699771641e+00
1.263618491550958067e+00
1.359789817855457050e+00
1.485914220021735233e+00
1.345356867823526592e+00
1.498277178647599905e+00
1.361207416369913936e+00
1.244881884032137620e+00
1.288136957112214098e+00
1.364674953606002772e+00
1.496342187332534435e+00
1.388992793793470293e+00
1.388815596014161047e+00
1.404030412521830584e+00
1.516534671135792767e+00
1.624022419453599930e+00
1.535040864481904910e+00
1.611097873895976029e+00
1.691845928666545040e+00
1.813577062849729860e+00
1.876985615967724952e+00
1.764968730516534690e+00
1.832380240596346965e+00
1.819972328538544959e+00
1.792876486696673100e+00
1.726055487676432243e+00
1.564871830671906938e+00
1.434717549206639742e+00
1.650723169916350264e+00
