1.507891492923917490e-07
3.694129052495801480e-01
6.788179929680503433e-01
7.101203358376483310e-01
7.248579249202375951e-01
1.055567682476524993e+00
8.343884311484596195e-01
6.361253701607033628e-01
6.298850912476330333e-01
6.694657296508447208e-01
7.558401609488233364e-01
8.188972459658109271e-01
8.377093360817181589e-01
1.181482893599428596e+00
1.051705220568102561e+00
1.106451824053672928e+00
1.250376046577195810e+00
1.103690241335730349e+00
9.558755457036148817e-01
1.268532044414588222e+00
1.247699664202968517e+00
1.248149433443063838e+00
1.274657203573432707e+00
1.250049075690716771e+00
1.266418008255059124e+00
1.453166671277167810e+00
1.243727820006213625e+00
1.500678523100376527e+00
1.390456709617853281e+00
1.444643335084021984e+00
1.320796923499804709e+00
1.407715526409120121e+00
1.392360008968573482e+00
1.205812971340713746e+00
1.477626427542214183e+00
1.495622105967084892e+00
1.508911500331962641e+00
1.349654694837040037e+00
1.467998672114057879e+00
1.524291554980639063e+00
1.433165315419345998e+00
1.495947606260027651e+00
1.434279001411297383e+00
1.510569655791619059e+00
1.579412511355529070e+00
1.548836403528001338e+00
1.459248101877415049e+00
1.438188325962514336e+00
1.328572877254833751e+00
1.358682807439559159e+00
1.385374610333363954e+00
1.516251145011719537e+00
1.425638832018486069e+00
1.363492714251736349e+00
1.598031657724832355e+00
1.400278486602618111e+00
1.531032897208453925e+00
1.489554410423572284e+00
1.512173747579853123e+00
1.661939094595500599e+00
1.567969557635362055e+00
1.638640328864245488e+00
1.617221027972684189e+00
1.750115229179481036e+00
1.697063657888511656e+00
1.775017333310129120e+00
1.821674595016916420e+00
2.015074690611176056e+00
2.073867725568617093e+00
2.007797234860733582e+00
2.066492787874871340e+00
1.890461265409405289e+00
1.814470909445312641e+00
1.750076985000561303e+00
1.934226958150845110e+00
1.850944443324624933e+00
1.928540761672956627e+00
2.016186004921582064e+00
1.892030952856471604e+00
2.016401215718794493e+00
2.442488298106456401e+00
2.448915504932296372e+00
2.330650279371452527e+00
2.297174967995960326e+00
2.299288578409082628e+00
2.453944252819846739e+00
2.374279630073869995e+00
2.130091167405391062e+00
2.132508454335961812e+00
2.045406337807416541e+00
2.159615829380964858e+00
2.397869768565186632e+00
2.295162413379697064e+00
2.215642488275209931e+00
2.296406033614185382e+00
2.408553040435889248e+00
2.398152129871633953e+00
2.488883862681629200e+00
2.426292135192757105e+00
2.488564907057625675e+00
