1.507891492923917490e-07
4.518605381074757843e-01
7.859677333754560014e-01
7.755654313983018078e-01
7.133112074936718283e-01
8.190467265789339590e-01
9.163042325962720280e-01
9.751212214146536272e-01
1.120258721443116112e+00
1.029895151419389254e+00
9.262775295558790534e-01
9.052700467792408334e-01
9.535849877338167246e-01
8.360670123698863421e-01
1.040940712597383078e+00
1.038854934475999192e+00
8.967191369765880049e-01
9.157169604562169773e-01
7.348093418950855105e-01
7.997312194872910895e-01
1.057082672961890735e+00
8.346666876515123068e-01
9.710749170617666293e-01
7.215615703839292072e-01
7.314997328619319283e-01
9.632893134035270810e-01
9.925147576618490453e-01
1.027104480037132284e+00
1.029786015902737439e+00
1.153464295626937197e+00
1.145211100942102211e+00
1.123343025463380718e+00
9.671234780346443793e-01
1.057474973510124983e+00
1.236799597998564426e+00
1.088375789910658531e+00
1.130637066017587289e+00
1.169157109511917314e+00
1.223904762368185350e+00
1.392984784081811922e+00
1.576678227409517241e+00
1.077320019124298422e+00
1.172028828959707392e+00
1.036078918030531648e+00
1.076981609560904163e+00
1.094931131530850976e+00
1.032633198191081014e+00
1.038260613545351374e+00
9.498012285273620403e-01
9.509778724186375154e-01
1.176663426857782246e+00
1.205581299980361010e+00
1.001288597804376845e+00
9.546137223193830179e-01
8.473396271936264323e-01
7.624722978038197541e-01
8.866664024410662037e-01
8.720636001676806970e-01
8.774597144218628797e-01
1.050894399792891232e+00
1.022103221778152937e+00
1.144390816757181462e+00
1.282884289291659430e+00
1.252000123056936642e+00
9.382026449915704669e-01
9.969076877129279257e-01
1.127707300331870943e+00
1.240156946921390890e+00
1.132949250866841062e+00
1.208439427286874368e+00
1.089034837780910037e+00
1.104866824734406450e+00
1.168714305329652703e+00
1.187326831406750660e+00
1.260496118173324964e+00
1.321581481591011631e+00
1.183512477779982808e+00
1.213907379812350307e+00
1.259031199064146511e+00
1.297393525071730336e+00
1.146013177354770818e+00
1.181588337767087937e+00
8.606983700333489251e-01
9.572469119147776206e-01
1.154335066436303681e+00
1.194837917158586560e+00
1.357074293119650887e+00
1.484478506317657320e+00
1.439133501244052926e+00
1.355610024738828523e+00
1.143488894786083510e+00
1.419597343662833078e+00
1.393461625976532892e+00
1.397553242897469739e+00
1.247520395408219684e+00
1.196978719638524646e+00
1.207903913865267853e+00
1.256697852031893214e+00
1.356996528348349385e+00
1.376978571926701145e+00
