1.507891492923917490e-07
4.552640668210074515e-01
5.063333811599158851e-01
5.270888399262254609e-01
5.304494457833252019e-01
6.098643984709564148e-01
6.379108561568812563e-01
7.822112725896366303e-01
7.370470381107139257e-01
8.301571907570199915e-01
9.039277291979856965e-01
9.437809303101597491e-01
8.472573859030594345e-01
8.256011678484267424e-01
9.534326570161384407e-01
7.944966791278953444e-01
7.241315993995018907e-01
9.522271756650566576e-01
1.226789896365312327e+00
1.518436115863578628e+00
1.359011349469610552e+00
1.210496207668260382e+00
1.430171842758150014e+00
1.694246441850400631e+00
1.610704204051988997e+00
1.670697897698183443e+00
1.610090169486479095e+00
1.517472445189021135e+00
1.536985242348912317e+00
1.664444595596901166e+00
1.730987820754040563e+00
1.539559474243957782e+00
1.438778262826122090e+00
1.473699443336350834e+00
1.510907855185102733e+00
1.660226923635243157e+00
1.840228919536679442e+00
1.947560509762569891e+00
1.878696462787480481e+00
1.920427076947629264e+00
1.823442227260392512e+00
1.803952698784853093e+00
1.889789234882624402e+00
2.151558947377413933e+00
2.248294525431148383e+00
2.281090198851762008e+00
2.412366924206978958e+00
2.438700121823066169e+00
2.402034670584998199e+00
2.419956729935402784e+00
2.389455499532518346e+00
2.513469896458237152e+00
2.281301901537795551e+00
2.385601108467070297e+00
2.404494211316900998e+00
2.601148423658732778e+00
2.532733408021911714e+00
2.513380645015303561e+00
2.605820335292377887e+00
2.557302360970588051e+00
2.455823554816403131e+00
2.495871618717359741e+00
2.323581974448378773e+00
2.394396476848073441e+00
2.304077128417212794e+00
2.298111747307777897e+00
2.110845028858303607e+00
2.198767968023120023e+00
2.140971221941796010e+00
2.249594871168169696e+00
2.274169210108881511e+00
2.230360420137431632e+00
2.134640941337828668e+00
2.102302523822950686e+00
2.084366841434164730e+00
1.932795192010831054e+00
2.098988105967200646e+00
1.932820998221906894e+00
1.926473430260123854e+00
1.903656997609967982e+00
2.158493047239469664e+00
2.159355338608082597e+00
2.061880524613465049e+00
1.720674679679251806e+00
1.831327783544666854e+00
2.014321584099893592e+00
1.869047749453628171e+00
1.745353844516673636e+00
1.889193808306487865e+00
1.825248267785326117e+00
1.910162458012809372e+00
2.019443939731262461e+00
1.945308114366113506e+00
1.943599239032604009e+00
1.961073811595157146e+00
2.057478414021095325e+00
2.206976966079353453e+00
2.435221879672933465e+00
2.293673491664237840e+00
2.230713875434918947e+00
