3.693564745147149106e-07
4.187687328295986444e-01
5.822176721670331290e-01
5.279730279041231489e-01
7.583308386890448283e-01
6.437167562080697847e-01
7.474016996781225330e-01
8.034136872494276327e-01
7.625780329003970515e-01
6.565388350244821813e-01
7.877426198009804814e-01
6.962125568613988236e-01
8.432202959643546603e-01
9.777021935064251767e-01
8.679745347189760096e-01
8.375829063685427123e-01
9.474161511225119847e-01
1.098341276187116300e+00
1.138634992072807162e+00
1.091585336092053771e+00
1.086069127425625114e+00
1.078454930885844654e+00
1.216615472456240576e+00
1.318188220018564394e+00
1.543155179475619754e+00
1.525641041269155673e+00
1.417600921163076011e+00
1.597579252498937397e+00
1.588828597872472104e+00
1.892685979835220689e+00
2.274031462190257979e+00
2.116294598145324279e+00
2.113101153204009819e+00
2.189872358815486031e+00
2.257337051206340206e+00
2.120997332396503676e+00
2.004187477262810546e+00
2.090923977113495980e+00
1.717689169110791836e+00
1.927689378003595078e+00
2.089987420762269732e+00
2.008297936343324430e+00
1.721128964735992195e+00
1.823022459346574919e+00
1.655698794024455189e+00
1.706670877974443945e+00
1.491739346823683476e+00
1.525760755359149234e+00
1.736960120558622478e+00
1.877371064137379753e+00
1.792122722829537773e+00
1.842057072553748620e+00
1.840686786133973296e+00
1.737531554095387509e+00
1.834565061767729155e+00
1.586621418135664374e+00
1.534661165187465759e+00
1.422028375886064788e+00
1.485249366872946286e+00
1.604576400575228545e+00
1.435940133996892465e+00
1.480700471489054371e+00
1.442062309385448104e+00
1.520099332734825559e+00
1.509912452488298529e+00
1.422128504983227737e+00
1.559074146191755661e+00
1.558989503719537595e+00
1.763093746139860585e+00
1.521420618623160470e+00
1.536089133007171315e+00
1.719387272300387126e+00
1.781826228646754551e+00
1.744555371495996265e+00
1.761112235213266430e+00
1.822558988396116630e+00
2.078014018333808721e+00
1.921005558997049167e+00
1.851497152430115367e+00
1.643433778176896620e+00
1.711111322206720908e+00
1.789992367230329284e+00
1.536396669456634001e+00
1.519306731110267261e+00
1.464878792808671060e+00
1.406747777963923474e+00
1.684001660118227273e+00
1.503821262400263592e+00
1.615014815007524751e+00
1.662390453633558529e+00
1.704062118364953138e+00
1.893069357579800105e+00
1.809417761553100634e+00
1.812049040069848571e+00
1.714283671136449527e+00
1.677072973564977199e+00
1.684431500275442195e+00
1.701047243024931932e+00
1.703025181318714498e+00
1.625290545665502462e+00
