0.000000000000000000e+00
2.962205125172047704e-01
5.106664448783642118e-01
7.142031753171123043e-01
6.370100499944518768e-01
6.557819439245679005e-01
5.015079311118382233e-01
5.740106479845334952e-01
6.282091563887055585e-01
6.792890157268640650e-01
6.740336922903792383e-01
6.981242277802596208e-01
7.753430861856832612e-01
9.476176959663844546e-01
7.425898006135670526e-01
6.521328326971745915e-01
6.707765668891648714e-01
8.280432827810038088e-01
8.582385493084178085e-01
9.946996950295199369e-01
9.331709290041094729e-01
1.055393741046344314e+00
1.166564754939638959e+00
1.312151458175177643e+00
1.371434011034039724e+00
1.310419584335099419e+00
1.251705952683944467e+00
1.125832516520424598e+00
1.177984714085556828e+00
1.179434292413906293e+00
1.222042531821382561e+00
1.244353751792363294e+00
1.324936517438558115e+00
1.260741032323217325e+00
1.193494941564721801e+00
1.276068259070248567e+00
1.116232393429019032e+00
1.073758368858394707e+00
1.028879516875460087e+00
1.171179567447790282e+00
8.473640949207346118e-01
9.096899000640256139e-01
9.681372368157774577e-01
1.062877412210663453e+00
1.170127249047875573e+00
8.961620404009729146e-01
1.017003075755960717e+00
9.448504008117564190e-01
1.022633248617612844e+00
9.563747393464862023e-01
9.569547613813145226e-01
1.019235288210295742e+00
1.093092787403180832e+00
1.211581589671567816e+00
1.135984764548330306e+00
1.074846217725884401e+00
1.317268923380268131e+00
1.169345452655614626e+00
1.131574182982779453e+00
1.387979756330332437e+00
1.250518515513206363e+00
1.355711414590989428e+00
1.392950667830777478e+00
1.281953980089319156e+00
1.298135836847239766e+00
1.387488263669566013e+00
1.308881806800745284e+00
1.341142041319543399e+00
1.437506294899331571e+00
1.425551063721197886e+00
1.447430530780587477e+00
1.139737622657526206e+00
1.142773607982360939e+00
1.098565254144798775e+00
1.026463081103330177e+00
1.093773126552920916e+00
1.066540581827653211e+00
1.005387833463368130e+00
1.083260508342181128e+00
1.018512949944696544e+00
9.491952790122578643e-01
1.112406871784064943e+00
1.131785409655475139e+00
1.170458477615389903e+00
1.151607850320921722e+00
1.118968088919315651e+00
1.297698319897653052e+00
1.251335411761863803e+00
1.296858147718876531e+00
1.184203039401894975e+00
1.329051867755302263e+00
1.380367497535609278e+00
1.286359283356490746e+00
1.204292506967826526e+00
1.170371596739765208e+00
1.117113522829408456e+00
1.139890555306829922e+00
1.157292471644224774e+00
1.229487678312936261e+00
1.267392798095309692e+00
