2.132480599880017890e-07
4.167989761848959196e-01
4.798180893974189343e-01
7.152733969197776487e-01
6.980034818681406517e-01
7.876274353450030130e-01
6.916649205171935266e-01
8.843739259395125840e-01
7.264706885766006872e-01
8.178945626101347122e-01
6.621779590694318873e-01
8.689106068042863340e-01
8.598285501305806822e-01
1.003998109447027387e+00
1.068924248877169969e+00
1.077696663717204517e+00
1.041948217446656999e+00
1.270637353456941954e+00
1.000421107589030356e+00
1.271053632228227315e+00
1.104993339913508787e+00
1.258158915870658978e+00
1.327544656313183191e+00
1.490947672308001515e+00
1.214062823427897619e+00
1.362800266790958670e+00
1.580845889678853311e+00
1.516097486009868600e+00
1.378588862219943811e+00
1.439280160481208881e+00
1.540815372063923050e+00
1.371486504051518951e+00
1.172707084372373254e+00
1.045506151249554039e+00
9.074800018022599613e-01
9.900554876006628646e-01
1.008698323607692071e+00
1.088957803247876610e+00
9.086569590288767762e-01
1.075655693943594615e+00
1.096187116527461924e+00
1.186083863366765190e+00
1.249480799583596369e+00
1.233759137967205710e+00
1.087888990532241307e+00
9.828558201839702191e-01
1.086664468617146273e+00
1.331894652884050956e+00
1.286497082481336207e+00
1.424405980354052748e+00
1.405886371444665439e+00
1.419483674843593057e+00
1.338695859355611528e+00
1.457796040502009172e+00
1.282979903490795159e+00
1.218700773519813874e+00
1.062199255704368461e+00
1.181169379719405166e+00
1.056940228009619842e+00
1.150907619243232594e+00
1.009153887424560692e+00
1.256008185423230339e+00
1.310424038504512501e+00
1.067862907755949387e+00
9.841645098742264341e-01
9.550636009053118380e-01
1.158197962526950509e+00
1.141391733854583590e+00
1.189307904221062584e+00
1.333644448276495531e+00
1.205148023660638446e+00
1.251022543054690850e+00
1.386669014289158008e+00
1.448694893918875071e+00
1.401544003790730519e+00
1.232837815315250163e+00
1.326161639700366823e+00
1.471943096831328956e+00
1.460730801502232890e+00
1.464199753337391385e+00
1.601777264758600605e+00
1.603790880756023052e+00
1.582411615599230936e+00
1.373284355249131616e+00
1.235335203156961104e+00
1.322941912787540586e+00
1.407691780036661955e+00
1.454084018964181713e+00
1.451828014299678893e+00
1.475701108744658319e+00
1.593603797096267982e+00
1.588656553612900479e+00
1.617709216020907892e+00
1.604386797821293120e+00
1.732807066943127694e+00
1.801080173825708286e+00
1.733611910534706535e+00
1.755541236053435705e+00
1.886325905864369989e+00
1.941852261649253286e+00
