0.000000000000000000e+00
4.028155933837639369e-01
5.327816571225524322e-01
6.260833480302785414e-01
6.681625225751394170e-01
6.718676568845611818e-01
8.386348991167843492e-01
1.011645340883465805e+00
7.968587810275595817e-01
8.554244114618477779e-01
8.882771070191893825e-01
1.159344610193051128e+00
1.184674670181950606e+00
1.263572071030770960e+00
1.328815722469202321e+00
1.345699872619023463e+00
1.539977194972329544e+00
1.525614384804313550e+00
1.583636891176156469e+00
1.760096081879860330e+00
1.767190935558954568e+00
1.643880391908193683e+00
1.865983915023617934e+00
1.683582652688525805e+00
1.695373354276826561e+00
1.783734042181782220e+00
1.767855710815730230e+00
2.137928593306918312e+00
2.171070034149003458e+00
2.017630276544799095e+00
1.945495639428893364e+00
1.977133020709139544e+00
1.906732798752955871e+00
1.827466507463390011e+00
1.764621917074787660e+00
2.048274491148872389e+00
2.142338146564638723e+00
1.991961220222969287e+00
2.168041313047264218e+00
1.981691575051421017e+00
1.922932220003922499e+00
2.017894143118636574e+00
2.046373436137145507e+00
1.850431673030703994e+00
2.081202163700353491e+00
2.239654603778356901e+00
2.238363855589901696e+00
2.341733243658615571e+00
2.023561028980369159e+00
2.108357122527956484e+00
2.106085386500122780e+00
1.976583020776205402e+00
1.714429975025054453e+00
1.746341566697860337e+00
1.835645764193380325e+00
1.826693624909949909e+00
1.866158498395957377e+00
1.802027662883787906e+00
1.588617528004946378e+00
1.756741764481425383e+00
2.012590318789123423e+00
2.069534004085845424e+00
1.959103732462144531e+00
2.307331923325905976e+00
1.974268079357950345e+00
1.863105940488355428e+00
2.072785545123823958e+00
2.034361742020105446e+00
2.078557783635976541e+00
2.230811225708574597e+00
2.414556026846090386e+00
2.093102973031987890e+00
2.263862040947030696e+00
2.189675062694128371e+00
2.306623439950351795e+00
2.118466295937492472e+00
1.900250344642313127e+00
1.944515397142167812e+00
2.049941715674927778e+00
1.845643951301914054e+00
1.858383688887322860e+00
2.106201904433670169e+00
2.101822024241609022e+00
2.119589562232081725e+00
2.276287513942399698e+00
2.323517117352635886e+00
2.376738655573562120e+00
2.456881558893875273e+00
2.231400836969649415e+00
2.288933990779726813e+00
2.253629557460997468e+00
2.310135627519830592e+00
2.270702316833579371e+00
2.352845737293772999e+00
2.391903882863258612e+00
2.435927459364511272e+00
2.480181283922918478e+00
2.524321467678506625e+00
2.560106146776915725e+00
2.582843566910506095e+00
