1.507891492923917490e-07
3.645958241265995770e-01
4.420518264255077212e-01
6.897446811770442388e-01
7.092321105294748795e-01
8.038729704269533816e-01
1.018265509417381809e+00
1.002148876023153168e+00
8.407762254652075828e-01
9.515646243139030958e-01
9.489383317052593192e-01
9.295575853783265563e-01
1.003345931018252202e+00
9.865532494660478324e-01
1.142904631133825122e+00
1.112352196367325297e+00
1.168519155531633436e+00
1.068707912850176411e+00
1.081352656869777107e+00
1.171079868809890456e+00
1.170875685945634403e+00
1.313604719807897947e+00
1.405512395626766997e+00
1.275204372236585337e+00
1.245250295329871637e+00
1.201722258359995132e+00
1.153840203051937463e+00
1.101102748546511245e+00
1.311612855469424854e+00
1.325107554177674674e+00
1.204533915110953091e+00
1.227162824431745181e+00
1.170263663578280600e+00
1.096845523138922474e+00
1.168146526086705217e+00
1.200007383860629551e+00
1.123607942674292648e+00
1.042830170491383157e+00
1.112357944178809843e+00
1.125808972763664872e+00
1.342345800715081472e+00
1.200882317545602485e+00
1.363014469517312754e+00
1.492276949365859418e+00
1.755933996313509216e+00
1.664487747978949939e+00
1.647964483733134866e+00
1.679275566661642127e+00
1.681703474200518578e+00
1.534772511223746694e+00
1.620515157891662117e+00
1.586548978511155950e+00
1.800430067005777568e+00
1.809651920873870168e+00
1.667757047081215527e+00
1.991529462808104167e+00
1.880031437747332168e+00
1.901180521648447863e+00
1.597126139722278015e+00
1.639480992909732482e+00
1.784971089060458427e+00
1.905740406007073950e+00
2.111053629033543988e+00
2.099010204567584914e+00
2.148485757824755815e+00
2.300274412714734762e+00
2.335395848377644246e+00
2.203781059215324856e+00
2.616426915888173443e+00
2.643858112639972724e+00
2.701111410083897102e+00
2.685505889393138279e+00
2.638199559298120889e+00
2.452897193375812801e+00
2.342647838678782346e+00
2.315376745340565812e+00
2.468358996319479193e+00
2.437672009379187266e+00
2.427021464227876901e+00
2.302181051940593193e+00
2.375087345690104712e+00
2.599203002917309657e+00
2.637647094880813281e+00
2.588951449214168754e+00
2.627671308188575416e+00
2.665770864007382279e+00
2.922181492700497429e+00
2.741087667355584401e+00
2.986937852965212858e+00
3.095774049069697220e+00
3.087944907740765021e+00
2.831458951595531293e+00
2.784217234434729349e+00
2.943921541952892351e+00
2.954551052382935694e+00
3.221451602056280894e+00
3.439814783393793540e+00
3.507986992453093755e+00
3.294588595801863473e+00
3.291323430904315561e+00
