6.397441799640053933e-07
4.047539776663070521e-01
5.719186560468105807e-01
8.371117804193906053e-01
8.891320276376091236e-01
1.060212236766914229e+00
1.174664804209460289e+00
1.243419022327362677e+00
1.463012967516344132e+00
1.340496384734242818e+00
1.536249289787733119e+00
1.733096555882171375e+00
1.766302543608808673e+00
1.714576381588834630e+00
1.675396339018395908e+00
1.645217691876655453e+00
1.608041078484116371e+00
1.635138973143323238e+00
1.977319574750550091e+00
2.085460921984898963e+00
2.142559179457654395e+00
2.113595852251830109e+00
2.052247900520417279e+00
2.132464190061339693e+00
2.257326816711173745e+00
2.150232840602249951e+00
2.179629044476703914e+00
2.241209929261235079e+00
2.289674439044053322e+00
2.138279391988632039e+00
2.086121607180672743e+00
1.937275648627682534e+00
2.147809696768431476e+00
2.086076920989367256e+00
1.778813760140870448e+00
1.854998686112867112e+00
2.058374930256305024e+00
2.034414527057820887e+00
2.021098128597595522e+00
2.378283860135783190e+00
2.229696633466373257e+00
2.182682532806661246e+00
1.918605752015515975e+00
2.171232942884985917e+00
2.259316337833713106e+00
2.319536105054138986e+00
2.130987623078448134e+00
2.480691157625904086e+00
2.369109157738372939e+00
2.351082778555065200e+00
2.485702661027573424e+00
2.602009166530782291e+00
2.301236998544193835e+00
2.142389917846147185e+00
2.198668378782393962e+00
2.223464398869225533e+00
2.054363534340481579e+00
2.263585298463017814e+00
2.314708346126529648e+00
2.502687945447153783e+00
2.525369416459341210e+00
2.858389433997081674e+00
2.815296538534639570e+00
2.918729460729915459e+00
2.758734428445329012e+00
2.784752776191951718e+00
2.667712987659659696e+00
2.468082979999319804e+00
2.528159910621722961e+00
2.323405630623428753e+00
2.473881607092612622e+00
2.670629132001629102e+00
2.629892940431469039e+00
2.582662551870665180e+00
2.591442325879803388e+00
2.611552975387095632e+00
2.676320170389169917e+00
2.704818298039088020e+00
2.898473384471645709e+00
2.842034632232700364e+00
2.784615956245626744e+00
2.984640648410574748e+00
2.923750908617977817e+00
3.066069146212474728e+00
3.073396975866130809e+00
3.065830748077498669e+00
3.371139926110239493e+00
3.226979963746247737e+00
3.201308277620770859e+00
3.012642775941436479e+00
2.957485962252216272e+00
2.975970965980066829e+00
2.983354836275013522e+00
3.093749719045836510e+00
3.008950481856019543e+00
2.922682066871528761e+00
2.994896661561530227e+00
3.034638900893616320e+00
3.225510271385626737e+00
3.325357675621897879e+00
