1.507891492923917490e-07
4.253336196179507978e-01
6.715849816220145208e-01
7.025689586988944635e-01
8.935856932340476844e-01
8.204201620013328311e-01
9.662418278909066238e-01
1.085689765136802043e+00
1.059116195014149442e+00
1.208867744086850493e+00
1.252053381686927924e+00
1.355098831058519249e+00
1.367036969815529135e+00
1.246557113213544010e+00
1.231885295918289325e+00
1.262353469298623132e+00
1.138083912229500783e+00
1.305842019344016780e+00
1.175904766741681984e+00
1.365007955201107404e+00
1.219739670354394123e+00
1.350919823800530439e+00
1.408200854081692821e+00
1.230244534555842817e+00
1.041667831742660200e+00
1.313083248896823596e+00
1.397825625787520565e+00
1.343585101605615284e+00
1.361878254340140204e+00
1.368606988177523132e+00
1.305676130305891691e+00
1.418912098074076589e+00
1.227300967865859960e+00
1.456118314970415772e+00
1.485978946738439888e+00
1.315831557553315934e+00
1.327063926358394541e+00
1.331789252063743323e+00
1.319877798256202883e+00
1.328326154090788025e+00
1.330284293130757911e+00
1.240165610451680278e+00
1.116949103256107190e+00
1.194371876612014827e+00
9.899983804999721304e-01
1.034257170451877705e+00
8.597513669844913942e-01
1.078612798105700321e+00
1.177725856281269801e+00
1.281513186112921421e+00
1.295997621085521523e+00
1.149857572139987072e+00
1.252493496425740371e+00
1.273557755490145826e+00
1.275714173349033809e+00
1.120910889920506914e+00
1.092518307152441581e+00
1.317980455267558915e+00
1.392928748057379096e+00
1.207867607398109389e+00
1.196930275686326928e+00
1.299477792942774546e+00
1.429353270217161187e+00
1.215966722928026433e+00
1.278720013789675702e+00
1.210932490181539922e+00
1.239742385400594671e+00
1.359602269819510489e+00
1.463762196637949264e+00
1.626547439759368219e+00
1.555085461681775083e+00
1.543784315254832729e+00
1.459915850659077696e+00
1.431602802114916528e+00
1.493709330323925943e+00
1.318840379484979675e+00
1.446879514024457913e+00
1.433082524108784561e+00
1.313976121006559694e+00
1.481782296935030496e+00
1.452758393601118136e+00
1.646241968360205865e+00
1.596040620227752616e+00
1.439117562552069352e+00
1.660031127455063427e+00
1.576787178271283896e+00
1.791261373879503793e+00
1.716527758230527168e+00
1.699170941945040925e+00
1.658537556511273658e+00
1.585125431486393177e+00
1.515646980106307939e+00
1.762091011141285746e+00
1.831815092714971449e+00
2.015762220232325763e+00
2.104258486312224008e+00
2.155693080344026846e+00
2.244240415251920862e+00
2.015458665749819023e+00
2.142550650254351208e+00
