6.743495761743045547e-07
4.811804062936160808e-01
4.862192561127244850e-01
6.521864373140880966e-01
9.393685106921679795e-01
7.994747359682319310e-01
1.074960396896261994e+00
1.135120746397947578e+00
1.170287111887359899e+00
1.160944664310845198e+00
1.100728217971184142e+00
1.022366141976286169e+00
1.045842422332501354e+00
1.166327039654224018e+00
1.187358435234865395e+00
1.248754484057447378e+00
1.332843916617109548e+00
1.344196069719974851e+00
1.374874462801695119e+00
1.178125145642406224e+00
1.358047306851324354e+00
1.600087702822976077e+00
1.405886104988129048e+00
1.486098644211987230e+00
1.323997427000920935e+00
1.415832391833409254e+00
1.376796862779662511e+00
1.306680506568967726e+00
1.382107965101416092e+00
1.541493916788640339e+00
1.605549043412717758e+00
1.703806116101771684e+00
1.798183806998557621e+00
1.960095480395131595e+00
1.871613418283101460e+00
1.705282004357308256e+00
1.732180292280005141e+00
1.879190512979675987e+00
1.802640596016527486e+00
1.924822719355799405e+00
1.912127106028959300e+00
1.860120768316369411e+00
1.899035832918063882e+00
1.754974188226245513e+00
1.559412169232396339e+00
1.645178188630346039e+00
1.739207067280613250e+00
1.906566506503374114e+00
1.973675930961241720e+00
1.838900816501195301e+00
1.962839893832712512e+00
2.063861113121674862e+00
2.132859222962498524e+00
2.168865583577245904e+00
2.135035096866319648e+00
1.881515243680667249e+00
2.026425830840679509e+00
2.284403805429517487e+00
2.164435440743011974e+00
1.934814202113583681e+00
2.312962375468571530e+00
2.585889458678928055e+00
2.702677390105891586e+00
2.812152692452755787e+00
2.630146497602368960e+00
2.613189738601994883e+00
2.401734281513701497e+00
2.129976933746098755e+00
2.230164952297512659e+00
2.183956021379155121e+00
2.251145504125454444e+00
2.138751085984539113e+00
2.083732132319950914e+00
2.129671912468911188e+00
2.294100481143656278e+00
2.354363438930827890e+00
2.209166476151449121e+00
2.271436983560401135e+00
2.360850984026082511e+00
2.508295787985243663e+00
2.502184497826783094e+00
2.581687204154787807e+00
2.532095524759187199e+00
2.656095626388458086e+00
2.676391375861117972e+00
2.758870900282002658e+00
2.831080622604027930e+00
2.800852257987501925e+00
2.903548758470170021e+00
2.831678970627057090e+00
2.917551770802042199e+00
2.969376417489789421e+00
2.719770340280642795e+00
2.790472515317507174e+00
2.728513327394999521e+00
2.852145316601426117e+00
2.823888889090885534e+00
2.897284381586163082e+00
2.864531771995005194e+00
2.915797168899472158e+00
