1.507891492923917490e-07
4.328901350772981216e-01
6.786815140469785179e-01
8.254683909318084600e-01
7.454543180354264997e-01
9.418620048472122752e-01
1.030563857154217944e+00
1.120121978296243936e+00
1.257995587446702368e+00
1.083633860218484735e+00
9.224693106477945825e-01
6.025221267130280722e-01
6.037124574093800655e-01
6.335420440706366341e-01
6.521626043517223525e-01
7.768834934474547760e-01
8.017357056186552589e-01
8.498651651356201597e-01
1.105032480108324888e+00
1.101699625232417379e+00
1.091854643442613737e+00
1.078286835676904420e+00
1.120934323114699094e+00
8.618139950757511825e-01
9.406201138695143849e-01
1.242190551185002878e+00
1.235755930142714787e+00
1.138250202541885914e+00
1.218720187142864120e+00
1.389163321621370129e+00
1.184464068144107429e+00
1.048138691391812038e+00
9.700855243352097812e-01
1.035038514872421267e+00
1.008629042281444343e+00
9.089173368869597480e-01
9.011046974974211698e-01
1.091977231027412509e+00
1.004126169593838824e+00
1.097300987328749811e+00
1.148256682267267514e+00
1.180001901268054931e+00
1.335068210348798079e+00
1.273634921517199370e+00
1.282198939844331198e+00
1.214721936177884043e+00
1.208786064204491861e+00
1.005695654999904765e+00
1.113996342180700427e+00
1.125502699881216317e+00
1.182660865245666715e+00
1.095203031479747402e+00
1.115907700579101380e+00
1.200766683504677523e+00
1.127249244854432453e+00
1.243588774816003051e+00
1.235313188455750444e+00
1.323464981686085729e+00
1.431148281774225151e+00
1.362177704425077573e+00
1.696555117636263210e+00
1.560803303942456033e+00
1.638257263752573412e+00
1.668914676978391132e+00
1.895702586680341195e+00
1.821152342564849258e+00
2.015905515007878623e+00
1.978242555333430852e+00
2.043110255085403448e+00
1.961415697659944168e+00
1.813286045000177538e+00
1.821242714979917299e+00
1.690056659656851812e+00
1.954877280141710028e+00
1.746996703040928800e+00
1.913562582283774294e+00
1.839714183524231661e+00
1.915659330501237712e+00
2.073860399674985810e+00
2.037722034893753253e+00
2.178173483980332836e+00
2.019135961780445854e+00
2.060124813470821437e+00
1.963925003702983396e+00
1.967219705079892966e+00
2.059640723965095344e+00
2.287353265675910130e+00
2.493138430246306214e+00
2.436637501012554718e+00
2.477736724989838546e+00
2.631879387743856658e+00
2.487673349405722156e+00
2.355169324181531465e+00
2.802869024103032736e+00
2.795901714650227188e+00
2.801110536572994469e+00
2.826119678762120557e+00
2.821600627317981225e+00
2.763905713033317113e+00
2.917521848424557085e+00
