0.000000000000000000e+00
4.685003282525465607e-01
6.677741808780067734e-01
7.079535037489357308e-01
7.641409206845467539e-01
6.311844271164270825e-01
7.143527295094451723e-01
9.364840831038060420e-01
7.626560271261362267e-01
7.395127833496094594e-01
7.745457287786818856e-01
7.461787989302002266e-01
9.190400155238276358e-01
9.014333142318370351e-01
8.955547344752095018e-01
8.215957412937433535e-01
9.121022177797329933e-01
9.203366207420464740e-01
9.766529552239965328e-01
1.073813853355332970e+00
1.063072356970367727e+00
1.025380216275409317e+00
9.625573009500473232e-01
8.582365602728804221e-01
6.917378233061993731e-01
7.980916086452092273e-01
9.693372916288082175e-01
9.654610764321972516e-01
7.884103396243909989e-01
8.859109855416045232e-01
9.493286953090835922e-01
8.948854147569901274e-01
7.858620696258871163e-01
7.844076966494989422e-01
7.727905357020063981e-01
7.931513964362968405e-01
9.512032708030093708e-01
8.969289691619587446e-01
8.412852114441937701e-01
9.355248863769008993e-01
8.806837660578176186e-01
9.009698477250516202e-01
8.126433247595933329e-01
8.227561919075726538e-01
9.089434249092370743e-01
9.494306699259873472e-01
9.294030073647098211e-01
8.310300165380776205e-01
8.646817009822699296e-01
8.793395808445685358e-01
1.053319634210146516e+00
1.202365644049179449e+00
9.426167044228801473e-01
1.108852892881495356e+00
1.049731441314739833e+00
9.615557412542816706e-01
9.715042512263809549e-01
1.144711732722712316e+00
1.082800749484238434e+00
1.155221115157462730e+00
1.110527458890915309e+00
1.294324214962919051e+00
1.110429939698424739e+00
1.117523354068309605e+00
1.034805769044686352e+00
1.305646454473132101e+00
1.504252168537052681e+00
1.466776206351882994e+00
1.237843799351992624e+00
1.166629273221245766e+00
1.129771606458932487e+00
1.303142132680548348e+00
1.101057564509229314e+00
1.215429288110427164e+00
1.132872360536978151e+00
1.130195632521979743e+00
1.135435741843273671e+00
1.282091352237191950e+00
1.489887261104516636e+00
1.551621460934636376e+00
1.251295733360795248e+00
1.313789533851716040e+00
1.162358124852808761e+00
1.112039656413224442e+00
1.282882567744987545e+00
1.343547714900002132e+00
1.407914234616300275e+00
1.507231418329588735e+00
1.428502466765739998e+00
1.423667978214352425e+00
1.586303277851366156e+00
1.428171913480480448e+00
1.592558390016409753e+00
1.427238254501483672e+00
1.555765319450097106e+00
1.605146069751413052e+00
1.767619411867876300e+00
1.605806672608456109e+00
1.458552054725020142e+00
1.638522283781002287e+00
