0.000000000000000000e+00
3.887144272339946860e-01
6.288625629719416521e-01
6.081501356129278557e-01
5.577323623843386535e-01
6.747736754990628638e-01
6.740486234582511171e-01
7.524665085583078783e-01
8.406347382747147989e-01
8.570506849328402010e-01
8.518736915885669614e-01
1.004337782622518827e+00
1.005484205827449573e+00
8.599867166296272236e-01
1.000172595477694992e+00
1.069236349882220161e+00
1.159381018251108175e+00
1.171046020989254588e+00
1.124051164841340933e+00
1.290757623777873286e+00
1.208306320142504831e+00
1.263539632891582665e+00
1.156091705824906501e+00
1.399569655231239773e+00
1.361435078902085483e+00
1.311918739215527596e+00
1.332503446991510021e+00
1.271497050177415211e+00
1.377328728285501791e+00
1.582693691804831992e+00
1.299335609596122376e+00
1.297632458975643388e+00
1.283368938798912229e+00
1.312795753242803620e+00
1.368098074442793299e+00
1.386161562738407182e+00
1.594370973989571283e+00
1.760667378516090231e+00
1.812145244084171880e+00
1.935069253624568608e+00
2.011246577446653916e+00
2.094032375611528440e+00
2.105533444644268837e+00
1.954874119214993877e+00
2.250768825939018836e+00
1.853741728542383393e+00
2.043076533027405883e+00
1.999931383537207008e+00
1.704511444340583548e+00
1.830079815406657540e+00
1.838925305514902409e+00
2.037884965631249212e+00
1.995766451538179442e+00
1.990140249079306312e+00
2.085393867742002083e+00
2.005982334808564804e+00
1.985836359360248604e+00
1.991419643602173828e+00
2.263742953873769892e+00
2.266946858795948483e+00
2.044463705315099578e+00
2.211852579101570182e+00
2.020290110871081790e+00
2.055647375201994365e+00
2.107090215304856073e+00
1.970428018079950272e+00
2.040085026845089189e+00
2.002550849045846793e+00
2.125033166815992747e+00
2.083691188025511565e+00
2.086002110803814258e+00
1.960108933040424661e+00
2.173524790491725867e+00
2.253629229571791015e+00
2.332595087487554508e+00
2.236083150789068164e+00
2.412998646972880135e+00
2.360606188339098743e+00
2.425091679443556192e+00
2.324995466794646859e+00
2.530559285692560945e+00
2.661398812739155684e+00
2.712516758083661550e+00
2.546252527903323681e+00
2.627962252058188675e+00
2.650259741733461016e+00
2.539838674431826870e+00
2.390368821476641426e+00
2.529783985585166928e+00
2.495854393594809650e+00
2.589708163470497482e+00
2.629957861772785233e+00
2.425419259195169097e+00
2.245688077347913314e+00
2.266450561227077554e+00
2.331690216426268947e+00
2.407519435345728098e+00
2.173763848895969186e+00
2.318030644207550228e+00
2.141662547229324254e+00
