8.259061849445711103e-07
4.864185388226793250e-01
4.371502132965137122e-01
7.049157261606323610e-01
8.173149387364782026e-01
7.619984886965456283e-01
7.506839585108786572e-01
9.248274794696283996e-01
7.704414690684497913e-01
1.221201944486386859e+00
1.057080052193527298e+00
1.195658156067370026e+00
1.298451841749249214e+00
1.241541265637646552e+00
1.397176088193562871e+00
1.128595820731893129e+00
1.095718499276199465e+00
1.372151308758572386e+00
1.189540433860212687e+00
1.292230514658676110e+00
1.268173963065577281e+00
1.165319859632690580e+00
1.431860264101698865e+00
1.463765479260589419e+00
1.353363104507667725e+00
1.498480956108957152e+00
1.550742669747358526e+00
1.572335446947244364e+00
1.879839434659983821e+00
1.711488119762990978e+00
2.029778578756061602e+00
2.240850545372113256e+00
2.236892826548519952e+00
2.113660549733987981e+00
2.149753279970828324e+00
2.200533579365500536e+00
2.183956268884837293e+00
2.120092123410522778e+00
2.052399958295003213e+00
1.955720605492076825e+00
2.110377428004921452e+00
2.261272701215772951e+00
2.239266150520323961e+00
2.355175978281417670e+00
2.237540069633950690e+00
2.193092587388676407e+00
2.149575527617411552e+00
2.191189115144512201e+00
1.986617149261846071e+00
2.297353293519811324e+00
2.209567110079670549e+00
2.273368953144340399e+00
2.259893436041115589e+00
2.204006677028280237e+00
2.286562866862595023e+00
2.274188067118843914e+00
2.181064713938112742e+00
2.310056089843884219e+00
2.301918072146202476e+00
2.255108693968292055e+00
2.343845503134686314e+00
2.511793511121658717e+00
2.329481685974267080e+00
2.373369391923370930e+00
2.131864274551517280e+00
2.067743555523284815e+00
2.311098357758549326e+00
2.270976177908252236e+00
2.279939608328702239e+00
2.172719352259067094e+00
2.192073803725842929e+00
2.118685315970067151e+00
2.096784048819565260e+00
2.090215126379734834e+00
2.454957327194747574e+00
2.294515696239175728e+00
2.237907886474220120e+00
2.377219124398583627e+00
2.235329545288973652e+00
2.109172389577329554e+00
1.935927044422985688e+00
1.955643805448674222e+00
2.069301156880709591e+00
2.148148989971972789e+00
1.978643137630830218e+00
2.108033346988323675e+00
2.093438392844662932e+00
2.008140873589924436e+00
2.242722921692238192e+00
2.274259134252684778e+00
2.394125439146035372e+00
2.581649442839077047e+00
2.536894567040622661e+00
2.668771014767597816e+00
2.665135290001795720e+00
2.546521109770676361e+00
2.496654022560300668e+00
2.490175367994286848e+00
2.394095672907968986e+00
2.491190124405162631e+00
