0.000000000000000000e+00
5.349695497554380896e-01
6.481159366294164670e-01
5.716262136862614307e-01
5.283155343330453446e-01
6.558624764539143781e-01
7.563603738043993552e-01
7.647299661595351461e-01
8.370214928363923779e-01
7.163281758619840511e-01
7.008018119290416736e-01
7.535635673929238498e-01
8.453543893700117273e-01
8.080214874947831971e-01
9.245295822852702683e-01
9.628648809804531972e-01
8.327932067895483792e-01
8.096674718627666634e-01
8.788410109097219980e-01
6.672460345487374322e-01
8.303116047800267463e-01
7.700726674720096421e-01
9.120798606108267981e-01
1.010985181960343926e+00
9.385912097966121470e-01
1.273708525149160442e+00
1.167721000553153532e+00
1.360932562407181079e+00
1.185877782844256156e+00
1.320422299670393596e+00
1.344299662967585407e+00
1.532355002156342572e+00
1.568165031548585109e+00
1.638228442304685784e+00
1.649724431861039786e+00
1.546648850579863232e+00
1.552193756313272610e+00
1.706189589361113867e+00
1.854109916521844426e+00
1.824876243829006706e+00
1.918271713386711541e+00
1.974367853659973138e+00
2.110045108281673354e+00
2.147499346335874471e+00
2.073151760182685877e+00
1.994226191787514590e+00
1.954481941401532641e+00
2.094624086542370645e+00
2.002768662903023689e+00
1.806285024365640091e+00
1.999478458334160713e+00
1.918451236242818103e+00
1.858997090920896378e+00
1.725515084363573370e+00
1.904920208907824097e+00
2.340850390407856363e+00
2.350388566103673416e+00
2.336583734463496764e+00
2.357402121932891781e+00
2.435182878452038846e+00
2.364334973477616675e+00
2.400930349006532794e+00
2.687338269171008598e+00
2.619859365523549588e+00
2.869360268042928652e+00
2.562358301621689982e+00
2.587916606169537559e+00
2.720624280028466568e+00
2.479620731665090894e+00
2.764468534835955005e+00
2.710181993516326049e+00
2.797642798247006013e+00
2.847989722138701829e+00
2.874596948784279515e+00
2.882389403776898451e+00
2.812565438267371931e+00
3.106642732277694829e+00
2.936711069574654775e+00
2.844409048294156417e+00
2.804391289704958989e+00
2.985067871757993707e+00
2.864017236674717637e+00
2.679220841513358931e+00
2.738557731750770774e+00
2.520689116738596969e+00
2.725012685734872875e+00
2.490299512383629565e+00
2.743246992313660648e+00
2.880108058231219736e+00
2.782749761224429630e+00
2.853869086600413940e+00
2.946824040157966618e+00
3.154333656016127918e+00
2.912845800870978774e+00
2.903821325184950286e+00
3.121148742758618422e+00
3.341447628605962450e+00
3.450175745523314408e+00
3.446162797964043900e+00
3.283062856469772139e+00
