2.132480599880017890e-07
4.441286504285649195e-01
5.371165115752859487e-01
8.367444187781248877e-01
8.557006013790353638e-01
1.211656635042401620e+00
1.256450327486017704e+00
1.441502143857907203e+00
1.092699060448403481e+00
9.408104999425702664e-01
9.370870877707569990e-01
9.833479263060579401e-01
1.116423726460755939e+00
1.088802710007196861e+00
1.419596187118047581e+00
1.396942827450544877e+00
1.676325766296501207e+00
1.654171514390793574e+00
1.645581920775769147e+00
1.602525272473205531e+00
1.836732216913845805e+00
1.712065016761195491e+00
1.757768984835070603e+00
1.885304566439807816e+00
1.740994601498415895e+00
1.910859951613282925e+00
1.766199612504558702e+00
2.090318506590273184e+00
2.137945239397291530e+00
2.055985856372126719e+00
2.138528212930687289e+00
1.997737403316089289e+00
2.014048962597076109e+00
2.022853838214040856e+00
1.881723362363558305e+00
1.768699818792187850e+00
1.753696513093412124e+00
1.665054239651498680e+00
1.815301543325443134e+00
1.655265140779407007e+00
1.913723311374296632e+00
1.773156781566174844e+00
1.956756664577422589e+00
1.981845637994496867e+00
1.703673103479196982e+00
1.686984295125138589e+00
1.869119471803686094e+00
1.904754637864874978e+00
1.932945693694356759e+00
1.820491963602570706e+00
1.875393075679656407e+00
2.180277562524243873e+00
2.281230497791946199e+00
2.393791081606699844e+00
2.408743088583385372e+00
2.322588933829109248e+00
2.622379778081845192e+00
2.539651693075059669e+00
2.643750328414131712e+00
2.485590347985232373e+00
2.596145148342623443e+00
2.597991106302919739e+00
2.431069655418269360e+00
2.328506253298427975e+00
2.626884886438955569e+00
2.463567728601959050e+00
2.674935289506616964e+00
2.750112909219843971e+00
2.783494726335797864e+00
3.038103240689072670e+00
3.003311926141008392e+00
2.824742610614898730e+00
2.951130563908836102e+00
2.804552659274385906e+00
2.912092966703040187e+00
2.883821652773285393e+00
2.808513399457947202e+00
2.836962581596607080e+00
2.958946880857796113e+00
2.882135951748884928e+00
2.857581750053782343e+00
2.959203517410569528e+00
2.966192365334004766e+00
3.019452521618754215e+00
3.041936815398139871e+00
2.987277106931725434e+00
2.962267456044977099e+00
3.086526240623399087e+00
2.979342717105580185e+00
2.846133847575098130e+00
2.843209774384179322e+00
2.680424493039217815e+00
2.787545449771726691e+00
2.832447525349717665e+00
2.934970009459062723e+00
2.928023548230126227e+00
2.915561278729875028e+00
2.782736696768809193e+00
2.709682434076495117e+00
2.603768485449419856e+00
