6.031565971695669960e-07
4.836151929303523223e-01
5.355027378674881433e-01
5.318581669578777982e-01
6.811115824545542763e-01
6.228743235985748639e-01
7.057631295253624648e-01
9.678387920110707032e-01
1.162125276506991822e+00
1.084217308518204970e+00
1.102742927764484016e+00
1.020567342490193541e+00
9.937995056687555229e-01
1.081277095890916140e+00
1.319012795278680983e+00
1.103448943445207053e+00
1.297790565320230849e+00
1.135715632194786773e+00
1.396758965245067152e+00
1.249831778425858797e+00
1.208318659080402035e+00
1.297432193742017903e+00
1.251826209856429450e+00
1.231232630782238768e+00
1.065009797655682044e+00
1.161887930327502483e+00
1.125989689542287175e+00
1.278401069197762530e+00
1.289902072391921894e+00
1.129405145293719714e+00
1.342587204971952941e+00
1.384400908616807646e+00
1.406485934174030117e+00
1.458115275711890924e+00
1.636330927105904331e+00
1.634026116063419298e+00
1.633493600764072573e+00
1.574923860429729316e+00
1.889643442538301743e+00
1.980919082957987021e+00
1.887608553512228005e+00
1.917906868037396295e+00
1.914122252129563551e+00
1.616033168750841131e+00
1.783408824383763580e+00
2.196354156329674456e+00
2.150418443247543276e+00
2.111199689541937818e+00
1.919767489080491440e+00
1.816411010035816176e+00
2.116771956117876829e+00
2.251246474342329051e+00
2.232713243991166774e+00
2.357099295747434820e+00
2.279810083341923921e+00
2.639327381012963603e+00
2.841246498706880619e+00
2.858339673594678665e+00
2.817389925668233541e+00
2.712554904460167560e+00
2.724410206129372014e+00
2.550563003057336076e+00
2.710081174460388986e+00
2.613212298590301685e+00
2.816318559265580390e+00
2.640362146407511990e+00
2.715241058519358930e+00
2.761368227828068012e+00
2.828591118672740379e+00
2.827037183488428695e+00
2.924390527726300260e+00
2.806490481028139250e+00
2.828063707003255267e+00
2.850538558053247851e+00
2.734292697183085874e+00
2.741594243484473115e+00
2.835487070812602095e+00
2.805765256251785633e+00
2.591189582602117181e+00
2.664449172860232640e+00
2.830895729787895387e+00
2.819065055431673184e+00
2.818621286010765559e+00
2.970555117780645293e+00
2.818977151855965424e+00
2.871362543469154094e+00
3.069020981908026968e+00
2.988418936785354862e+00
2.977245213438637350e+00
2.997734607676520557e+00
2.976434817414999046e+00
2.925550154998735053e+00
2.840371625723622451e+00
2.962391884053923619e+00
2.886631969593296709e+00
2.615116539030811982e+00
2.601821639202615000e+00
2.540281417091661886e+00
2.958130647309057171e+00
2.888200779972244003e+00
