0.000000000000000000e+00
4.932240221612789188e-01
6.537260007932735872e-01
5.921507075273280130e-01
8.246650510945623402e-01
1.051170093555360063e+00
1.193012639142089659e+00
1.235960021776903783e+00
1.259868609114603855e+00
1.189428917460930712e+00
1.170005934057033237e+00
1.079466165052578752e+00
1.460555948390932501e+00
1.242826186249675668e+00
1.334851348348288447e+00
1.335732432216619525e+00
1.274090270495057409e+00
1.061384751626674561e+00
1.295888050150878490e+00
1.283479190017272620e+00
1.296190823690551719e+00
1.244094582006337601e+00
1.434113969034159775e+00
1.429940685813610335e+00
1.609945750033682677e+00
1.799805377834451159e+00
1.728934923510755395e+00
1.799756616080461447e+00
1.673917228064920826e+00
1.945037589851866588e+00
2.079957840417220538e+00
2.066207596288043735e+00
2.080696884006767000e+00
2.010333233352621374e+00
1.916255520631855447e+00
2.041932901088293395e+00
1.981134985230337486e+00
2.068531768427468442e+00
2.005878974730811670e+00
2.154740028996556589e+00
2.495263734566922853e+00
2.469575668266271951e+00
2.522460825976940768e+00
2.266346082999195044e+00
2.057892178754956003e+00
1.998915184726225203e+00
1.940759600794926598e+00
1.990104369508026494e+00
2.033394147139171437e+00
1.875741794859085099e+00
1.783055487176719023e+00
1.946820012606333083e+00
1.918783013527711079e+00
2.045542438407896402e+00
1.937217605442068002e+00
2.039239724878835425e+00
2.114342782361452677e+00
1.991922967738555483e+00
1.899447893453396041e+00
1.854287925585499597e+00
1.861923630669055862e+00
2.103454433704519122e+00
2.086348520443898291e+00
1.970499951007496531e+00
2.161993575811964163e+00
2.284227099130796024e+00
2.554691393362166441e+00
2.638283339269944516e+00
2.576913155626643803e+00
2.637088193165660677e+00
2.461036513241180668e+00
2.372575799124774676e+00
2.267234585558937088e+00
2.413193216547162123e+00
2.330410599308071262e+00
2.373709536161305866e+00
2.462978729422920843e+00
2.506188103534544354e+00
2.506495451348721204e+00
2.733615717498867337e+00
2.745241868293054832e+00
2.519319298108285921e+00
2.631135853214668696e+00
2.917982801423506967e+00
3.121813756510694926e+00
2.938779657084499064e+00
2.736985238149459487e+00
3.124339789193193440e+00
3.160459442286402076e+00
3.212642134208309130e+00
3.038892648221774184e+00
3.026272286333991257e+00
3.379728200011468342e+00
3.628096827019300807e+00
3.562617405081814681e+00
3.524691155479695581e+00
3.547728814708408063e+00
3.454602557618015712e+00
3.491330928626186658e+00
3.232848213254400971e+00
