2.132480599880017890e-07
6.417608451146357140e-01
6.964078692835503626e-01
8.588244917819328750e-01
9.466294724174354469e-01
7.719520920604140413e-01
7.925092300695769643e-01
9.694481190129713433e-01
7.348800167839584230e-01
9.634238220081552395e-01
1.124122708375910884e+00
1.098379299597697312e+00
1.003196729394340680e+00
1.322222178037084861e+00
1.309640373344163278e+00
1.352013199825143230e+00
1.436745017774764488e+00
1.391419763161536816e+00
1.432690534390768988e+00
1.284441726930271255e+00
1.448151027745254504e+00
1.491583674399527659e+00
1.483247507277828836e+00
1.580816914893661718e+00
1.625151318188201133e+00
1.798868577857178908e+00
1.602355076046849458e+00
1.704550784125552498e+00
1.839404206127206454e+00
1.903570375702095641e+00
1.968486730736745516e+00
1.924821755751920715e+00
1.735061095749361959e+00
1.811589518519688635e+00
1.864299586843581436e+00
1.595478451115309504e+00
1.763063335638945350e+00
1.872020552622838618e+00
1.886172938629786744e+00
1.832553698373866391e+00
1.841749182468151114e+00
1.657904300016534771e+00
1.743329265596052835e+00
1.907085338605530866e+00
1.943437317250531260e+00
1.989796221225662354e+00
2.123471107563612570e+00
2.141310646411326069e+00
2.221172924245784053e+00
2.288541116440987455e+00
2.337113976576995267e+00
2.284929991061547039e+00
2.287042976502828839e+00
2.238478201170674975e+00
2.320194956168492251e+00
2.260492652710091921e+00
2.411471323381031873e+00
2.462522741209852928e+00
2.485875910207381079e+00
2.295088782930107207e+00
2.243771910918996859e+00
2.392751909326126913e+00
2.381257186613199739e+00
2.499348583899547283e+00
2.526444514096858995e+00
2.624446076979285003e+00
2.787209413410349779e+00
2.827049022816544355e+00
2.954670149802040235e+00
2.941916728825967109e+00
3.200730648023212943e+00
3.519526282093791814e+00
3.387675852136181387e+00
3.330445416248251522e+00
3.361686586078284300e+00
3.427606948325293335e+00
3.403289167775657376e+00
3.484215158451304806e+00
3.436835576539561732e+00
3.521156016751560536e+00
3.669649651579263594e+00
3.788834732529986482e+00
3.773515344651758419e+00
3.703928187556958296e+00
3.623262104181466992e+00
3.645219558987063291e+00
3.664228523551193106e+00
3.791421637806932754e+00
3.767340582316074382e+00
3.789860519821212304e+00
3.817337484625088262e+00
3.782867821109870743e+00
3.550567583538970506e+00
3.478861820790159154e+00
3.478792986082658523e+00
3.665443853430647714e+00
3.649872397084668041e+00
3.461045158274971723e+00
3.569398287222572463e+00
3.399411466352352917e+00
