8.529922399520071558e-07
5.604591590603950069e-01
6.021243088335640481e-01
6.820929145536392957e-01
6.277843102840163780e-01
7.373357322110623002e-01
7.513445550166767406e-01
8.332852841706850366e-01
8.073614154167571000e-01
6.373042097971934883e-01
7.617308167334767566e-01
9.330312654816843576e-01
1.078590713278971824e+00
1.207436981993635916e+00
1.301659793543542998e+00
1.308137376208923675e+00
1.246244010053384033e+00
1.486300317932914394e+00
1.429837486649704337e+00
1.542494139452794899e+00
1.399126139577643757e+00
1.486026836674570362e+00
1.617799824339525738e+00
1.742851268979816570e+00
1.563663040826138939e+00
1.558651399096366408e+00
1.476475286666358855e+00
1.501054161068499537e+00
1.415401151275131886e+00
1.297401906621056478e+00
1.199841677172970300e+00
1.338570559059369058e+00
1.473382791093378552e+00
1.613599585756619215e+00
1.625780493459571874e+00
1.744111149605703348e+00
1.842388608743135370e+00
1.901604060972295951e+00
2.105562113674437352e+00
2.025326061841822511e+00
2.129507665004665817e+00
2.202988126891520348e+00
2.114029378899257683e+00
2.070052720003987101e+00
2.083742424234782398e+00
2.138444306853304777e+00
2.298358978837333755e+00
2.339483451579315698e+00
2.596003842687969243e+00
2.473235248614129134e+00
2.374036407458211873e+00
2.432760372758199896e+00
2.326389381826940106e+00
2.146543074080905722e+00
2.120982070391381757e+00
2.274856047680226201e+00
2.433796491729045108e+00
2.351176618860169931e+00
2.411376790828302141e+00
2.452836829131209040e+00
2.448713399217687048e+00
2.185578086495059136e+00
2.256147395967324165e+00
2.121398912426089023e+00
2.107541179803197995e+00
2.083160144515868062e+00
2.268071169270287957e+00
2.305048208548474253e+00
2.501164008320964971e+00
2.370503631700540570e+00
2.454109063622623044e+00
2.564699990851141198e+00
2.544312496313962058e+00
2.648289496040832969e+00
2.705490488805143645e+00
2.585719707332731154e+00
2.743046431416053643e+00
2.943330938740755354e+00
2.937583918455818566e+00
2.939311579533983032e+00
2.833016282961692944e+00
2.902142931568413520e+00
2.772483313568711694e+00
2.978153170792737559e+00
3.043373180570844383e+00
3.152769294035544068e+00
2.897392453953102187e+00
3.027600857798809386e+00
2.949846919197275597e+00
2.698142548699364429e+00
2.748557389788471639e+00
2.754309233030361348e+00
2.899135096954427393e+00
2.783398126082536894e+00
3.044298806041661809e+00
3.158929766382209348e+00
3.337043528401779646e+00
3.200103057784840832e+00
3.121925881188276186e+00
3.110672746669232325e+00
