2.132480599880017890e-07
4.518783428841156025e-01
5.535010387077691218e-01
6.755186099728479610e-01
7.632880182480969999e-01
8.645814746365518833e-01
6.833179669471806106e-01
9.906557031462361884e-01
1.118355530514627105e+00
1.089660517322584399e+00
1.210356150485053073e+00
1.427126965147998527e+00
1.330031730917182298e+00
1.170823573529529815e+00
1.211641703698608019e+00
1.265740616043511402e+00
1.228182965263834081e+00
1.176432859914585238e+00
1.171318172528158730e+00
1.246571516325196027e+00
1.265754445652073734e+00
1.208997248958367576e+00
1.165838979193860592e+00
1.276519432303552470e+00
1.286232756309654723e+00
1.317628996423056309e+00
1.220552208460230714e+00
1.222327407562376012e+00
1.356456279275001453e+00
1.315592767764297122e+00
1.425844575997814667e+00
1.525382754299279053e+00
1.539394214453204457e+00
1.630022930425403693e+00
1.769312281066803827e+00
1.684671699339010953e+00
1.695135478429673714e+00
1.595156683018184252e+00
1.896893678380970449e+00
1.848170806768704377e+00
1.891122788860035264e+00
1.908826987373572370e+00
1.939960135771368721e+00
1.943225480260089677e+00
2.201469377708046959e+00
2.280161717060984028e+00
2.142535459928848418e+00
1.929017062004156458e+00
2.026919063033340240e+00
2.134327676266549290e+00
2.357606749369223209e+00
2.387815235899483302e+00
2.081110481274789148e+00
2.114829646955686648e+00
2.066099603978667876e+00
1.759748744905877071e+00
1.825247890366184622e+00
1.827069508288994504e+00
1.934241852229445557e+00
2.104230065494163249e+00
2.088729209584032631e+00
1.874117435644554686e+00
1.857956235905594999e+00
2.001604101956230952e+00
2.017765407537533751e+00
2.034349283765710670e+00
2.221885733427023002e+00
2.296271030557966775e+00
2.085343853425182470e+00
2.162324683591513530e+00
2.069120684182130354e+00
2.141280419485430020e+00
2.100726494567366487e+00
2.320146569063041397e+00
2.365698312087812560e+00
2.222640405038361244e+00
2.363942684526057825e+00
2.268280035368085201e+00
2.306045869522079794e+00
2.401215799593650946e+00
2.267419338141011487e+00
2.257444735581383366e+00
2.562794370814472700e+00
2.767899195266712464e+00
2.737881758676090627e+00
2.717211452438002439e+00
2.637631364050485594e+00
2.562400504483432595e+00
2.495740271210481254e+00
2.630280205245905112e+00
2.782130764664542788e+00
2.904200828303548310e+00
2.921091183002287206e+00
3.003957526147195800e+00
3.208902036559388993e+00
3.436002582668419958e+00
3.257293687174688923e+00
3.238290770632433091e+00
3.417399888401800201e+00
3.333676490379626323e+00
