1.507891492923917490e-07
4.008873244659396651e-01
5.288386877579769330e-01
5.947226632829039072e-01
6.003832062565095384e-01
5.801213928985485824e-01
6.867648292844846791e-01
7.931935614250270605e-01
6.481155019255595562e-01
9.304332319345576252e-01
8.531035687804442436e-01
9.546949840023121192e-01
1.026990740482097486e+00
9.098265754350011170e-01
1.045380898239377521e+00
1.073926001371972028e+00
1.067425299269397554e+00
9.342970971332433816e-01
9.798102167056899070e-01
8.156564048189356431e-01
6.152695655821202037e-01
6.717343736797276588e-01
6.794201219456668106e-01
1.022141538511171843e+00
1.046487725230832000e+00
8.611125446826385366e-01
1.073344633602624665e+00
9.292390297610351180e-01
1.025879048393275372e+00
1.257617201252153372e+00
1.116847291807163467e+00
1.295054273508999154e+00
1.328759130282987533e+00
1.278432127453674072e+00
1.461446784462075987e+00
1.608299078210539967e+00
1.740189164820629131e+00
1.761291156543402181e+00
1.674793238368532444e+00
1.573376402877638247e+00
1.507041427164927727e+00
1.533103513748380387e+00
1.598146369391245658e+00
1.505556122270246044e+00
1.462222654332418825e+00
1.476192305231432744e+00
1.361890665399720035e+00
1.487837341502955768e+00
1.435394890627803788e+00
1.445191839675568524e+00
1.380702923573782437e+00
1.303084869031664761e+00
1.329297996121200365e+00
1.226158515872251664e+00
1.173909716505707301e+00
1.355466246116396656e+00
1.444131027282028912e+00
1.332652396256127858e+00
1.427863276489702127e+00
1.539910885166268395e+00
1.472009265499576225e+00
1.337906536405805369e+00
1.258094775286507261e+00
1.482252020291730865e+00
1.517894188651024212e+00
1.600724548943156300e+00
1.580000289028249849e+00
1.557901996590648208e+00
1.609183725501777795e+00
1.592716729330549974e+00
1.621129941901603200e+00
1.888116767937278340e+00
1.988574366898038237e+00
2.026514232662490311e+00
1.994039174010395099e+00
1.945465567845037436e+00
2.081820268911808380e+00
2.285243186343726141e+00
2.409547625660759085e+00
2.223914944998413024e+00
2.410083804261648588e+00
2.432026194752235249e+00
2.263423470107308599e+00
2.268003822255673541e+00
2.284385388155296237e+00
2.499666323196837681e+00
2.392451738796450122e+00
2.129952404942343058e+00
2.303657690191103224e+00
2.168861639812678099e+00
2.270634061950102200e+00
2.376828019555801141e+00
2.444758200206981424e+00
2.702070656414419236e+00
2.569415112247903199e+00
2.682555409775487121e+00
2.755475625659826733e+00
2.954871699824099807e+00
3.026524715177266067e+00
2.930168193844747027e+00
