3.015782985847834980e-07
5.608122583429159258e-01
6.947078921061049517e-01
7.893774570398796042e-01
5.859319590300573477e-01
6.487203777703290930e-01
5.910034309994559587e-01
7.067055312098252662e-01
5.590715229781610951e-01
5.836828367620824354e-01
5.294728065645091242e-01
6.264033888030123842e-01
6.674641476596387957e-01
6.806180496285764159e-01
7.805376410674672583e-01
8.683362277094915926e-01
8.528976549972969723e-01
1.009231708270205363e+00
9.476097836656224294e-01
1.019621324740751511e+00
9.084333721066071288e-01
1.143057778653155054e+00
1.220446456486685261e+00
1.225616656940459404e+00
1.346004040685585545e+00
1.295710125771402543e+00
1.494111727434159320e+00
1.411457471928197593e+00
1.408185898302266370e+00
1.321021192833145452e+00
1.302380889122639385e+00
1.347927935428832713e+00
1.441217487732286751e+00
1.445154217603231483e+00
1.522520739267761769e+00
1.547517474582154051e+00
1.537340675164414971e+00
1.510173953604089681e+00
1.702150035147500962e+00
1.699553691669462019e+00
1.698723085289454149e+00
1.563392361451824586e+00
1.666626476296366732e+00
1.591327125073797477e+00
1.628306943482106028e+00
1.629607692491702453e+00
1.541588356050015651e+00
1.660224071384936773e+00
1.860238172143013013e+00
1.834675555862046892e+00
1.857153259174730398e+00
1.827143083120922773e+00
2.041143701493923768e+00
1.862080203217876928e+00
1.999718134709975059e+00
1.991686218092723504e+00
1.777171960441422449e+00
1.716504951888541575e+00
1.904139495785278191e+00
1.812077546590064703e+00
1.930010123123368393e+00
1.783482298907462571e+00
1.803952352232338185e+00
2.105461677963467615e+00
2.018565883944476447e+00
1.971281563044657181e+00
2.028084710510418720e+00
2.090801476539806192e+00
1.990471613519371186e+00
1.868743518725020092e+00
2.051572046073394162e+00
2.191671164918214565e+00
2.364586814929395597e+00
2.107141358133884257e+00
2.190902421239652398e+00
2.282414511743415808e+00
2.367553537964034671e+00
2.407780421840883811e+00
2.613898204073213272e+00
2.543004059296484431e+00
2.523574843729622152e+00
2.689162240546748350e+00
2.701323068287530216e+00
2.664546731865891527e+00
2.676241313495392404e+00
2.533870652920871880e+00
2.548423140787511532e+00
2.473446422889119312e+00
2.564111481465660258e+00
2.606970893794758659e+00
2.411505182768871158e+00
2.571903303186795497e+00
2.552519444154491612e+00
2.509189895149008809e+00
2.428922245298712035e+00
2.358073529350221964e+00
2.258878853000218179e+00
2.504428900711788142e+00
2.524776100143642843e+00
2.422317085975587148e+00
