0.000000000000000000e+00
4.442186901892756223e-01
4.188337325001787459e-01
4.165841108493044675e-01
4.840714237591650648e-01
7.199719378410297521e-01
5.835938880887877600e-01
8.074048607214552309e-01
6.760277480138184858e-01
6.167278146676710149e-01
7.195603901848124373e-01
6.310401654330213272e-01
6.739787034199253846e-01
8.117305059781523280e-01
9.439648881406396130e-01
8.258402077109131545e-01
8.608320881963711368e-01
8.436414345041555185e-01
8.730651800587941880e-01
7.574304474417561384e-01
7.979484885445485842e-01
7.811429177679296565e-01
7.733933780918588186e-01
7.522185963576236700e-01
9.585923838085067539e-01
1.087401662677769831e+00
1.271504336605838281e+00
1.010510003348949581e+00
9.168531857840117594e-01
9.592533749780985941e-01
1.212131160457409651e+00
9.549939905269653195e-01
1.073303570620911307e+00
1.349057870882753418e+00
1.341650571165451611e+00
1.236599346057024817e+00
1.301311231969086712e+00
1.209765136111947248e+00
1.237665936637937225e+00
1.055116662382373782e+00
1.163297483071685789e+00
1.038712080734061516e+00
1.036590155853406303e+00
8.778110613804303020e-01
1.129631301907659591e+00
1.145270088649709583e+00
9.940776811327201035e-01
8.807386891487160030e-01
9.468941406033487551e-01
1.405930413043566363e+00
1.104504844008037612e+00
1.354251495935566929e+00
1.430165024463604162e+00
1.230233761545206583e+00
1.527081894754897418e+00
1.283323300278604417e+00
1.424315678682005037e+00
1.181002153196196724e+00
1.269842298532457114e+00
1.254416570556371235e+00
1.260783285699348166e+00
1.090235763207871855e+00
9.761227195731356776e-01
9.569999652689926695e-01
8.454286987136120368e-01
1.134029801045910002e+00
1.103242290476553089e+00
1.279599190673526676e+00
1.450910325195965189e+00
1.419947693608510697e+00
1.317367562390184377e+00
1.206879783020916586e+00
1.385374963588111186e+00
1.262573968361050181e+00
1.169872742271483190e+00
1.293742152273847035e+00
1.259113609315121840e+00
1.194039897406043549e+00
1.158479591502962869e+00
1.196250872650459707e+00
1.065336388877896390e+00
1.160472764111618149e+00
1.280986049128950643e+00
1.269059759674083798e+00
1.216229452248637877e+00
1.472471218517629854e+00
1.510108821069006346e+00
1.523536210175569394e+00
1.422747090634658651e+00
1.410830520398436816e+00
1.460383228998805905e+00
1.353412506773263635e+00
1.449403312691456724e+00
1.246793919818268037e+00
1.177987878068518013e+00
1.015255644601778195e+00
1.154441838574758794e+00
1.314655076480119700e+00
1.112205712452965178e+00
1.291470711491414569e+00
