1.507891492923917490e-07
3.726100870731900438e-01
5.123647480704063284e-01
5.964988132416342292e-01
7.583447093689298368e-01
7.028345238758325619e-01
6.571999145982051482e-01
7.577883585919327203e-01
6.733129823622356902e-01
6.716877710055428885e-01
8.932298070306818882e-01
7.420726805848876229e-01
8.230255961533698983e-01
8.405412011117112669e-01
7.831328172971889767e-01
6.527944127616329695e-01
8.312097361517595262e-01
8.468940069514790947e-01
9.942781908660320855e-01
1.034466851881859828e+00
9.720969352821995368e-01
1.076876417983587020e+00
1.183180495101176177e+00
9.764990548373191359e-01
1.178736195259584729e+00
1.358693083733024887e+00
1.327305632207370634e+00
1.652890367433061503e+00
1.897538053276389469e+00
1.915128435490271785e+00
1.899416291833783577e+00
1.674497729231421372e+00
1.567034589068862838e+00
1.616371904280663907e+00
1.542937810230613049e+00
1.883330942095866600e+00
1.980461195298875987e+00
1.699016818638938275e+00
1.781321815756903293e+00
1.710545528404471272e+00
1.608608050516589616e+00
1.583414998566332610e+00
1.797924251549953611e+00
1.995428990175261985e+00
2.114769849324467987e+00
2.115258943185500229e+00
2.261255652053667742e+00
2.155151689513898905e+00
2.104021071528049625e+00
1.942012283362768876e+00
2.117127920339756830e+00
2.216186684262349438e+00
2.330941487869878426e+00
2.453212046264245938e+00
2.247836792612285084e+00
2.022717198964012919e+00
2.045904170985874959e+00
2.127375383322838154e+00
2.029325673656369844e+00
1.806532232040300556e+00
1.991284615949832970e+00
1.962080133954435146e+00
1.938698007086032238e+00
2.001388369343009455e+00
2.244826976702812171e+00
2.326964016183858064e+00
2.377594829474745985e+00
2.418639388276879743e+00
2.257702649984294041e+00
2.250919029679638861e+00
2.195509584323335428e+00
2.228380818411485276e+00
2.278709936868877239e+00
2.120232300925380287e+00
2.389833942300321201e+00
2.409160661703654061e+00
2.235867567662765509e+00
2.163979057947729601e+00
2.310876183610973023e+00
2.216456825181397861e+00
2.473848991441796485e+00
2.500608630948561562e+00
2.634051697038839013e+00
2.575863787839649532e+00
2.584889923146997948e+00
2.846177992722409122e+00
2.639015790246902693e+00
2.795821966858145213e+00
2.715393723339812659e+00
2.712332231823789019e+00
2.803117680645554888e+00
2.658577661247816248e+00
2.672387953008011241e+00
2.752051537495218358e+00
2.887629686180249511e+00
3.014021756303418620e+00
3.226177352928077724e+00
3.319566961347769851e+00
3.403028792370473621e+00
3.238761578434063093e+00
