0.000000000000000000e+00
3.324067407421945619e-01
4.581572660069734293e-01
6.347121105763278148e-01
8.395099240595143009e-01
7.206129213715150028e-01
9.133405528987560418e-01
8.909616268622132518e-01
9.862342067902841736e-01
1.085614452793345341e+00
1.052580854589284964e+00
1.101681909229250911e+00
1.117814053044832612e+00
9.999955752925865360e-01
9.705163120038864388e-01
1.066417026116061262e+00
1.073647224017558299e+00
1.274712920526833715e+00
1.349617982115930204e+00
1.457844793088890922e+00
1.370957618448764403e+00
1.391893576438919311e+00
1.262547960352444987e+00
1.157229625417762531e+00
1.158004925596709977e+00
1.155480964486431228e+00
1.276083780202903251e+00
1.326385416398499606e+00
1.382639820139858644e+00
1.246418061954071677e+00
1.470014833180377734e+00
1.465030060260343214e+00
1.283038056749488565e+00
1.370224331979662757e+00
1.416907172641803214e+00
1.190396261593497762e+00
1.226862022055613233e+00
1.364892022516403403e+00
1.485573898244149982e+00
1.575485079279402179e+00
1.338997629250657351e+00
1.661564038949249422e+00
1.427965969918516320e+00
1.367837608738244448e+00
1.375113418118035336e+00
1.572278198539683869e+00
1.487062596540121184e+00
1.363364101382487092e+00
1.529124982713226499e+00
1.600910018902121257e+00
1.750436948443869323e+00
2.005841261349883275e+00
1.887122587748018221e+00
1.882151604913480991e+00
1.880871349603608689e+00
1.826615223214401285e+00
1.849102287926812194e+00
1.967751350165634294e+00
2.063351286666766260e+00
1.838505077765206552e+00
1.807176361429900124e+00
1.851304705758763491e+00
2.035627932938037787e+00
1.970919806559745080e+00
1.752171799595441559e+00
1.665933858569335513e+00
1.779248232768393390e+00
1.442860405839406335e+00
1.589687628328188884e+00
1.535997869769202273e+00
1.296666807707448799e+00
1.360549094829706096e+00
1.466834077891935983e+00
1.443461109109289042e+00
1.565622029980057395e+00
1.455961043907896935e+00
1.407483169134476686e+00
1.438274233664238011e+00
1.349537837745302005e+00
1.314947089183044593e+00
1.394748838572868799e+00
1.138726046130336567e+00
1.231868024266532746e+00
1.168548525737356902e+00
1.318471389391918658e+00
1.304885727090418390e+00
1.230715986330841449e+00
1.213629668747416623e+00
1.355896973113554393e+00
1.290039917076737597e+00
1.184976592345031277e+00
1.002876000560747327e+00
1.014344244679437512e+00
1.062901854044257188e+00
1.153601698864540337e+00
9.240168238200552331e-01
1.004273216872244356e+00
1.046822624938221091e+00
9.893362969768537685e-01
1.017629554367198264e+00
