3.693564745147149106e-07
4.612796261795724662e-01
5.501397458878545255e-01
7.702133816923553145e-01
7.220888233199298512e-01
6.372331487452698173e-01
7.239379762051031397e-01
8.873642742854813692e-01
1.030575689837726072e+00
1.144155663329418537e+00
1.082415298339659326e+00
1.170126943010898701e+00
1.408983705767728134e+00
1.506611603417192802e+00
1.676261912657367681e+00
1.611767423854030712e+00
1.784937802693070452e+00
1.895397090808156548e+00
1.974574576351657340e+00
1.930426172706690036e+00
2.045140522499040880e+00
2.061050880141425345e+00
1.972362446526145563e+00
1.816364647343122973e+00
1.799265332973057019e+00
1.691543006005416405e+00
1.689673460290588292e+00
1.691492086408319162e+00
1.619697800059471504e+00
1.671375127313984521e+00
1.793868214656767046e+00
2.074667852659490830e+00
2.204381394323190690e+00
2.215843936559581895e+00
2.087982605038321449e+00
1.956424787958283895e+00
1.879081382187924421e+00
1.803966893507971792e+00
1.817760439876489054e+00
1.972878012637232725e+00
1.801951651883047179e+00
1.856431659735198192e+00
2.016182261059898284e+00
1.879930607673796494e+00
2.067757035174289104e+00
2.063570005642100913e+00
1.986945509262821874e+00
2.208669794311114210e+00
1.983863107445137386e+00
2.016695419478673923e+00
1.958609428623021564e+00
1.997909406251250575e+00
2.045754749924356020e+00
2.106525315082600880e+00
1.889839847613787427e+00
1.874681453867306891e+00
1.871240149553971444e+00
1.769919769381150365e+00
1.870870842358880903e+00
1.852375390481792561e+00
1.883332381673801903e+00
2.189094455216670454e+00
2.133472608459099362e+00
2.303492758674821062e+00
2.271374474380069675e+00
2.418635810843841938e+00
2.200729429487166655e+00
2.439367441052556096e+00
2.561685876405804585e+00
2.282782376071567754e+00
2.204072485802083925e+00
2.035934270230310705e+00
1.862036266253254357e+00
1.892248693930142611e+00
2.083433981100098364e+00
2.230401777529712692e+00
2.144055272969870085e+00
2.057369699172652666e+00
2.081873882461013903e+00
2.192427451526749671e+00
2.462128840629750126e+00
2.507686036346190583e+00
2.262651935848313478e+00
2.291412331379625744e+00
2.155392612527267104e+00
2.368880697090612664e+00
2.268856549988803373e+00
2.537015422506911033e+00
2.512762708656252730e+00
2.454159692771326284e+00
2.352460904346473924e+00
2.418531820994396675e+00
2.430749099002150970e+00
2.395560309783965725e+00
2.265389002587590905e+00
2.209295495293751355e+00
2.312645255191382088e+00
2.268809326294289441e+00
2.282405992606934664e+00
2.380853131390766375e+00
