0.000000000000000000e+00
4.471951006866779488e-01
5.402979280417927743e-01
6.961710338707203238e-01
5.790446707663909898e-01
8.005664214640396681e-01
1.078025144173966554e+00
8.945582588120554179e-01
8.420734383239871779e-01
1.040854240777165485e+00
1.139660446460339482e+00
9.740876339382656957e-01
1.010528562214058290e+00
1.038897265821677962e+00
1.037831509454462564e+00
8.396328595511098891e-01
9.992569566893914068e-01
8.945374174526621314e-01
8.648859295763371424e-01
9.814616410637867494e-01
1.171788067038740389e+00
1.157854877698184959e+00
1.348482361513024363e+00
1.259810165442978525e+00
1.280565343271885537e+00
1.210635142587854540e+00
1.288748817293400295e+00
1.325330693600512033e+00
1.043301779558678533e+00
1.006220870151465219e+00
1.148873696048089643e+00
1.108380249575375620e+00
1.406828791782797961e+00
1.443122019400385092e+00
1.389838398168556477e+00
1.420073970332821345e+00
1.465923234770947214e+00
1.337012359716457599e+00
1.407506143905020268e+00
1.773130717642866339e+00
1.801339970814192615e+00
2.020422752471878969e+00
1.886625921828983810e+00
1.953980371824394435e+00
1.817162754135878799e+00
1.708910939311063970e+00
1.603605922086969615e+00
1.606049096394671638e+00
1.690386829395540857e+00
1.715171648661583115e+00
1.767862460204774111e+00
1.847445305730976317e+00
1.673040280528871993e+00
1.515749735031399315e+00
1.911746049933914060e+00
2.110022737301323392e+00
2.103294230454991087e+00
1.972255567421117517e+00
2.075431668216780157e+00
2.124956455395788257e+00
2.190227060508231016e+00
1.997504366432959255e+00
2.093563213191459216e+00
2.130969313864408576e+00
2.133264719365330908e+00
1.850902480251598092e+00
2.058858906293565827e+00
2.187135023057301897e+00
2.184709233405706552e+00
2.193206811218711305e+00
2.184862845372048223e+00
1.944573279518947206e+00
1.950182734184132238e+00
1.882632795290280603e+00
1.895300186778764440e+00
1.758646136451858411e+00
1.662776941870841352e+00
1.786329180626067936e+00
1.704916168546273036e+00
1.691726003159383485e+00
1.447004699191707155e+00
1.497315567732232067e+00
1.502287762358158973e+00
1.263274870513633630e+00
1.457305804303025143e+00
1.557941918812765447e+00
1.467328883158705244e+00
1.649128646981358193e+00
1.631882156119371707e+00
1.680753305040102230e+00
1.787878927424232600e+00
1.737093706216807254e+00
1.640871218302153878e+00
1.682331447015124937e+00
2.061927773613470460e+00
1.919836361989383899e+00
1.787810529842811746e+00
1.804747823629278658e+00
1.825126996606831975e+00
1.938887512100476940e+00
