0.000000000000000000e+00
3.843846592113197569e-01
4.184085101857767386e-01
6.884193599446039036e-01
8.894371848341990905e-01
7.095851841537167415e-01
8.487746643533647939e-01
8.027842718173452408e-01
9.246687729723408466e-01
1.062269570005147212e+00
1.102606550511974648e+00
1.427002350829352562e+00
1.609005684783521906e+00
1.255787984679021863e+00
1.291311909929061086e+00
1.324708845861897188e+00
1.535051821500491132e+00
1.711713188185764345e+00
1.595335772983667910e+00
1.591778360628896438e+00
1.548954679193137229e+00
1.644072106803307287e+00
1.701465769551968599e+00
1.808296264387010188e+00
1.833680784289531296e+00
1.615110820340632802e+00
1.787619455297038584e+00
1.858729584225441434e+00
1.631977555816756853e+00
1.686385035716612357e+00
1.860020839888071098e+00
1.939513697333827835e+00
2.081460283407857492e+00
1.937594705619210878e+00
1.810285720957989453e+00
1.749646899751308604e+00
1.512395243712867821e+00
1.744789316509095745e+00
1.636181317997435380e+00
1.705985221239555649e+00
1.722671297329644302e+00
1.559206721629266434e+00
1.616000932746753271e+00
1.514243816914486507e+00
1.442059980901428951e+00
1.604024900466572978e+00
1.716912108865625175e+00
1.836302005007733440e+00
2.068104752846500638e+00
2.172729060439381854e+00
2.283220712720803736e+00
2.068374607039052293e+00
2.185668574978437029e+00
1.977036283840398978e+00
1.773786772383004529e+00
1.784144428222277812e+00
1.918201914914586803e+00
2.018628875243254850e+00
2.076328653019696713e+00
2.168440947121164086e+00
2.213129957639102585e+00
2.093159075697589522e+00
2.194883827467186244e+00
2.153411926073549587e+00
2.077152195272521151e+00
2.076381057555322318e+00
1.930869914846869539e+00
1.914243268828889510e+00
1.908862552818397118e+00
1.876096605272590701e+00
1.840693515020430215e+00
1.686382662229864993e+00
1.754772704044159415e+00
1.899789471114003314e+00
2.101357722142724427e+00
2.392116599735993887e+00
2.506607582031486814e+00
2.478149542022594076e+00
2.527351590398149828e+00
2.442794709168001344e+00
2.758577990654938805e+00
2.853936133109828965e+00
2.831131842995769698e+00
2.839243959336990475e+00
2.963190818794722237e+00
2.752217814723593836e+00
2.978625552655877584e+00
2.948546463355820269e+00
3.078886177153253190e+00
2.927169575653859823e+00
2.809768925176612697e+00
2.671688810566172467e+00
2.628875303037934152e+00
2.725190238499473505e+00
2.584643256159597335e+00
2.569493188786650784e+00
2.567061582298521216e+00
2.677550693732405396e+00
2.560500099071195912e+00
3.024095468687854282e+00
