2.132480599880017890e-07
4.481143952181430024e-01
4.358078294582483081e-01
6.605410451258351134e-01
6.317736966424072342e-01
7.337828384412987681e-01
7.710001158337300708e-01
1.078660140790495214e+00
8.937592930066644570e-01
9.176538319957928680e-01
1.010998732631233077e+00
9.995702131190097317e-01
1.091583643234524725e+00
1.268844032470841432e+00
1.234813953819941856e+00
1.285732239963095935e+00
1.236353799712548440e+00
1.413129693267456410e+00
1.495051581895262105e+00
1.390962589302377594e+00
1.417169447086109368e+00
1.253143233428246850e+00
1.284602897598422278e+00
1.360193999018803890e+00
1.600181303640987540e+00
1.311154045814586278e+00
1.346050879717702209e+00
1.172693721308283532e+00
1.286229960315148135e+00
1.110539704640523206e+00
1.166167796846419913e+00
1.431086390167659594e+00
1.391445119054128821e+00
1.719583735425400661e+00
1.394959547982010495e+00
1.351590577704229412e+00
1.312246087238132741e+00
1.409153961637535257e+00
1.152617404461028228e+00
1.082585584584091265e+00
1.050809041056797177e+00
9.862078051405939183e-01
1.219915522018324205e+00
1.305059643061793562e+00
1.413440599333648073e+00
1.342572098999846864e+00
1.278062411830594103e+00
1.326529567681665300e+00
1.270635904494837209e+00
1.377680072041258308e+00
1.299629731173342240e+00
1.187157306550799651e+00
1.291722833896746359e+00
1.240604378275715458e+00
1.234381310748892124e+00
1.190991856967007267e+00
1.158591675642856700e+00
1.258437311724123209e+00
1.123259990183845591e+00
1.281880666749057873e+00
1.246862761397847130e+00
1.224614325647155555e+00
1.130562337467604372e+00
1.278166851732040366e+00
1.269485206197284777e+00
1.199064791786377926e+00
1.087092049809088357e+00
9.462426429995293153e-01
9.744771431632528458e-01
9.243319749844425282e-01
1.193731088408186425e+00
1.077973223486587973e+00
1.034092649661842112e+00
1.153515359763747083e+00
1.012506217430183098e+00
1.085686786502681800e+00
1.111857943790176773e+00
1.315072813550465014e+00
1.097165194740893579e+00
1.151341651940789967e+00
1.094649747458605216e+00
8.754965216189886101e-01
9.416899696989888824e-01
1.225554908575754220e+00
1.164153819197810025e+00
1.177149210170543192e+00
1.209601859504957577e+00
1.461896902298404743e+00
1.521284903350449635e+00
1.339062694534058906e+00
1.266188326813334486e+00
1.349728742138035287e+00
1.354287014464903960e+00
1.499524331537376964e+00
1.476191584740340179e+00
1.341147215650991154e+00
1.502961573214725011e+00
1.393423215587119346e+00
1.552475924109512295e+00
1.646030534920804866e+00
