3.693564745147149106e-07
6.376382386079905151e-01
5.907382642810151685e-01
7.867472708029629169e-01
9.071093934048779506e-01
8.418713337622079074e-01
9.564806899488127456e-01
1.133186378921472226e+00
1.114815499615871008e+00
1.189263290693372888e+00
1.209659145704417016e+00
1.134999052123930374e+00
1.125199920311358071e+00
9.158519517895791218e-01
9.193473849135568310e-01
1.048802698757708596e+00
1.128363922771820071e+00
1.180900097993306863e+00
1.214713853302699542e+00
1.177546073631414503e+00
1.256177911332877928e+00
1.290910922368243341e+00
1.537168925600650216e+00
1.669395601460707201e+00
1.739384429280213196e+00
1.723321558373349216e+00
1.826649473533109802e+00
1.767728600358775992e+00
1.963823682102284973e+00
1.733305162448039782e+00
1.886154964528032218e+00
1.686053108340930917e+00
1.771113247746356922e+00
1.554694004012437958e+00
1.753740095892302397e+00
1.866172583208325797e+00
2.097387268248578795e+00
2.196715123756679322e+00
2.136797236419357926e+00
2.204729624164892154e+00
2.137529781248805438e+00
2.507554501222330590e+00
2.415896860109617794e+00
2.487523193905296193e+00
2.301500316354589071e+00
2.610503975447204805e+00
2.458111825632658398e+00
2.474750011123258098e+00
2.346692668510010016e+00
2.651386352703488658e+00
2.597526304787596274e+00
2.744934800431343636e+00
2.868121735710907227e+00
2.744472527199426803e+00
2.370920795663761904e+00
2.458371749364940850e+00
2.526002902620499313e+00
2.505810255494387295e+00
2.634451335747600709e+00
2.408487779293881470e+00
2.496876440116172269e+00
2.324839829611711650e+00
2.129734083007424950e+00
2.105191271272648379e+00
2.039471458084489264e+00
2.222316238284713918e+00
2.330626095489617189e+00
2.185701939741069300e+00
2.361194003543821474e+00
2.412970527855318181e+00
2.154492855067346113e+00
2.151193904841440130e+00
2.061840702435190131e+00
2.267664700304398373e+00
2.263088593676588101e+00
2.375897240270874899e+00
2.359739280749664214e+00
2.434751361212302179e+00
2.767087177744746551e+00
2.726557324768893675e+00
2.750544001262380522e+00
2.907368007750909200e+00
2.738587297590826086e+00
2.587896887971970816e+00
2.406787024501936489e+00
2.548181377646439039e+00
2.494753701694632397e+00
2.417799656960134769e+00
2.416880751957297679e+00
2.529034428963752745e+00
2.562780750796239015e+00
2.582902459340242984e+00
2.585061094597077780e+00
2.467077875228815387e+00
2.462630103488736122e+00
2.420390328137671965e+00
2.481082196923202421e+00
2.651562654682543041e+00
2.757633391745887508e+00
2.742064236604944583e+00
