1.507891492923917490e-07
3.822693930533545559e-01
3.116994058883178487e-01
3.480330296766433462e-01
5.279842325591358465e-01
5.981460452243836379e-01
5.750255586367456484e-01
4.409325265819681317e-01
5.832850735598125169e-01
6.191898855845783256e-01
6.464995417388902377e-01
7.433331139260619391e-01
6.926088962673933036e-01
6.942537581872714192e-01
7.248072145625027440e-01
6.045202076611619901e-01
6.726337345564256109e-01
6.201624442764248624e-01
7.816516222800991009e-01
7.946834239347119189e-01
8.796559271794393009e-01
7.105459786865057081e-01
9.665744406564825697e-01
1.077178175733677135e+00
9.826715084900679020e-01
9.660933044145582071e-01
9.097544964253762023e-01
7.948022418491499375e-01
8.407010993243171360e-01
8.851633541476329192e-01
1.043450900817911808e+00
1.327023918167909544e+00
1.414143581957300499e+00
1.110419777353599535e+00
1.234229826144770836e+00
1.315565112726372332e+00
1.380930882521794079e+00
1.255213180350423841e+00
1.287171686090128997e+00
1.295544122409640897e+00
1.197215002156951646e+00
1.254045076597762653e+00
1.035650555878932844e+00
1.195071428126042168e+00
1.292057985861111646e+00
1.378741072245593946e+00
1.281325140559506526e+00
1.374310947867558141e+00
1.363994437616458999e+00
1.543274255665298744e+00
1.462019595732928057e+00
1.611454879842141974e+00
1.501258216484803176e+00
1.439771026766137219e+00
1.384355561582733207e+00
1.409340750020768862e+00
1.250977874024995051e+00
1.150846478202621093e+00
1.214202388645311270e+00
1.150492548208002619e+00
1.200737612847126989e+00
1.340164693610892410e+00
1.492414070942212678e+00
1.516058005750217763e+00
1.442110077644274124e+00
1.608509741399168247e+00
1.569404997192437312e+00
1.381266651067994289e+00
1.401180329237427191e+00
1.540496545301484499e+00
1.617288893832214303e+00
1.601703760888512074e+00
1.691302190432733665e+00
1.536403890089998114e+00
1.558268607692736119e+00
1.724604779606966565e+00
1.732879479881150653e+00
1.738897402909864054e+00
1.813677797043867113e+00
1.686088337432779083e+00
1.629969514737395819e+00
1.733152785356989023e+00
1.580301017103434846e+00
1.613624650110475622e+00
1.794144793173464869e+00
2.010434903020893227e+00
2.065601976759380509e+00
2.208459721100920259e+00
2.187162940494815633e+00
2.093399568447594561e+00
2.249424720239841857e+00
2.513839938485612713e+00
2.317403590885712905e+00
2.390366597808828431e+00
2.363985088934022372e+00
2.119866708145036416e+00
2.121503460312883504e+00
2.269975399178607578e+00
2.154581260709119928e+00
2.219042396904849390e+00
