1.507891492923917490e-07
4.124238106770938828e-01
4.108626364201847792e-01
4.476007210953262816e-01
5.121011757910942652e-01
6.419039036727877123e-01
6.516832294870845699e-01
6.359214989998329681e-01
6.556890855537504947e-01
6.001974266922742718e-01
7.311756964874605025e-01
7.137760149155428779e-01
6.441505625794952117e-01
7.738417707405400581e-01
9.008447005522953743e-01
7.540136695906689557e-01
8.127775260013145875e-01
6.890698612987622429e-01
7.768270729740331948e-01
7.500834643227667353e-01
7.228933350258491819e-01
9.052108154762860126e-01
8.309134445325320195e-01
9.662174714704169221e-01
8.952292104905331671e-01
9.317936393587666899e-01
9.882871199565526066e-01
1.088339889851364095e+00
1.095281372970811962e+00
1.121623638208849583e+00
1.103543933025150192e+00
9.107625130791261459e-01
9.761107109516065083e-01
1.106017812812094769e+00
1.242973207893952825e+00
1.188695040614135889e+00
1.080477315811555705e+00
1.104381224021764973e+00
1.003506093899380280e+00
9.072000850904231584e-01
8.959142768091606923e-01
7.911353538680618858e-01
9.173266557256490872e-01
9.054172179283200839e-01
8.003198149795498484e-01
9.215577075719899591e-01
1.043314489980003312e+00
1.023446357460000344e+00
1.122937751347562241e+00
9.986403202922221611e-01
8.937170732205018675e-01
1.044224743359538854e+00
8.100491957725320935e-01
1.083825367381516358e+00
1.127929414137066155e+00
1.145431206265624224e+00
1.191561159346019139e+00
1.103454305029063498e+00
1.065730897011447409e+00
1.048238825032404398e+00
1.093062033041395376e+00
8.061573418737041363e-01
9.191652225111935914e-01
9.123063548081540297e-01
9.222810835922906625e-01
8.713924227993192773e-01
1.079492751003885642e+00
1.034495433251100494e+00
1.032630018770509306e+00
1.142117955083074454e+00
8.981716902219260001e-01
9.362503843029884587e-01
8.301634592559914427e-01
9.584415364305615137e-01
9.059614246959736272e-01
8.872498449552975730e-01
9.088041167722520353e-01
9.155168192621011558e-01
9.370224758523038044e-01
9.139220733649396911e-01
9.619558558913243740e-01
9.245596552831460979e-01
9.285876974565547837e-01
1.075638080231639204e+00
1.133339107171475124e+00
1.038284846946954332e+00
1.174332748070868293e+00
1.041719209115044675e+00
1.051923250150894384e+00
9.806406802815916812e-01
8.864318107354315357e-01
8.771269070900645781e-01
8.601311008215861698e-01
7.759131272406587509e-01
7.252857369836277490e-01
8.486608445240126919e-01
9.535415301857770309e-01
8.294114169239048540e-01
8.803523738540108834e-01
9.006185169363700727e-01
