0.000000000000000000e+00
4.033918722320730121e-01
4.729225642793092876e-01
6.504149693948343414e-01
6.057026109637070332e-01
6.732291233213735238e-01
4.888121908560250084e-01
6.233039215252064169e-01
7.916073436215718129e-01
7.979094862234391572e-01
8.528113083691639673e-01
9.663650406194327358e-01
9.002238022525025363e-01
9.226633841382952950e-01
7.571822529973412097e-01
8.441763051454446165e-01
8.856189757316166311e-01
9.102044570223657427e-01
7.529447834269780149e-01
7.242800620641675069e-01
8.412862129605553907e-01
8.588550919512726312e-01
6.758628932268452294e-01
7.820930241714534326e-01
6.549109508053946316e-01
6.248517356082249341e-01
8.415701070788159655e-01
8.575156777017755028e-01
8.555206134149979658e-01
1.081361368052838667e+00
9.885021920215842917e-01
8.985042410670827095e-01
1.049005852067169675e+00
9.387205080251443956e-01
9.874703983820164455e-01
9.071206044301234339e-01
9.995277161463446136e-01
7.328277238523719372e-01
6.852948333533630532e-01
8.027332759887436664e-01
8.765053371050355313e-01
1.155489102669005730e+00
1.197702013931694731e+00
1.231060812417333228e+00
1.236519326749139669e+00
1.125006301411946907e+00
1.262189317489442075e+00
9.715970070798438663e-01
9.391768707885281842e-01
1.020226197342764873e+00
9.252876614161976709e-01
1.036019732003944815e+00
9.782974892762603680e-01
9.453798519665961297e-01
9.572163780197475713e-01
1.005902210038404743e+00
1.063709491033610011e+00
1.064129477309417871e+00
1.068199694526053012e+00
1.068438129350303134e+00
1.004919346765851262e+00
9.807281825815781229e-01
1.120713316905274981e+00
1.187842389164699641e+00
1.105670301387775556e+00
1.050820023922319546e+00
1.035301136030760016e+00
9.987031683997709131e-01
9.878713539734016447e-01
1.035218484196751110e+00
9.274538679961875642e-01
1.169322193253220732e+00
1.176554824636765195e+00
1.505335972378416542e+00
1.353443418170361845e+00
1.515184521092101555e+00
1.500517962386807236e+00
1.538089344528086100e+00
1.543128901452598178e+00
1.434128085267560637e+00
1.286877280386788724e+00
1.395057345681144145e+00
1.466530563155329370e+00
1.564383951598502964e+00
1.606727432266945144e+00
1.637557443278442992e+00
1.596331143740875369e+00
1.427459640327187973e+00
1.365420803171487396e+00
1.426892613244163499e+00
1.631990462024538679e+00
1.497206063107122676e+00
1.685375410482501168e+00
1.595201142042123488e+00
1.596045525964768563e+00
1.507754606028194777e+00
1.603439233101206618e+00
1.470485438186233562e+00
1.513521255101412333e+00
1.407139225364571367e+00
