2.132480599880017890e-07
4.563975718964865536e-01
5.398123308932334385e-01
6.127424793836643291e-01
6.761451199853705241e-01
8.301441256077353170e-01
1.017868518149995793e+00
1.057216992978643466e+00
1.133322908204438484e+00
1.088096990781247220e+00
9.690890205288335002e-01
9.128159443154691965e-01
1.013637153973613092e+00
9.726938797603935649e-01
1.074714229939828236e+00
9.952032294854822325e-01
1.243936967816518413e+00
1.267646322533579228e+00
1.408328537127162994e+00
1.360078985453128331e+00
1.283160704176690814e+00
1.571070243086394758e+00
1.469627154963085269e+00
1.425836898476886550e+00
1.526798615210374521e+00
1.613346991477915715e+00
1.600176004697287491e+00
1.370093348413387035e+00
1.370683781987661609e+00
1.308091758780895564e+00
1.375348751920949741e+00
1.385388682946472549e+00
1.297686732569040879e+00
1.514505709906953879e+00
1.467966059655961608e+00
1.574075530758445751e+00
1.618697011418940734e+00
1.237321226674079844e+00
1.250773832571925981e+00
1.114872371120465555e+00
1.161628537595508215e+00
1.266170268417777800e+00
1.259801386653282895e+00
1.242400511151234843e+00
1.050790292235718848e+00
1.058632618394855340e+00
9.674874173632623808e-01
1.063244828724620783e+00
8.967445693113226257e-01
9.477064547779933124e-01
9.436459695654370039e-01
8.568045548476791451e-01
9.424216239247115157e-01
8.347419586104868339e-01
8.573009881727682302e-01
8.878919636783847436e-01
1.044118055812365942e+00
1.237195072999733636e+00
1.186473107293673390e+00
9.851950751600558887e-01
9.839563518257530284e-01
9.512060543377475197e-01
9.114503183360727068e-01
1.005303045229399839e+00
1.103083854772854533e+00
1.186123054784894659e+00
1.216895757012657286e+00
1.170616464513629884e+00
1.173210351358583647e+00
1.160186613651955412e+00
1.042923051305175042e+00
1.210066334167633206e+00
1.258654129260853294e+00
1.131248555504706044e+00
1.129351382677194149e+00
1.220504128239502162e+00
1.188874865240713286e+00
1.230926762107197536e+00
1.377924607651213940e+00
1.341227639291757479e+00
1.543315356762724244e+00
1.394864988001499384e+00
1.488760280837307715e+00
1.404133957819905909e+00
1.436787483465478354e+00
1.472437342938285543e+00
1.288385147826560662e+00
1.298981979457665581e+00
1.263195728969199072e+00
1.501435492567159136e+00
1.222375551617290057e+00
1.256901168599284135e+00
1.121352295997081638e+00
1.124982455525549208e+00
8.878106482536387567e-01
1.027624512583457328e+00
9.864651492021347945e-01
1.086486723271445909e+00
9.938541788859113213e-01
1.104812126726862909e+00
