6.397441799640053933e-07
4.030982870139257490e-01
6.230580461557367888e-01
7.163865048624378229e-01
7.559038964681300543e-01
5.487211844592017052e-01
8.047279781025744594e-01
7.851203371734919445e-01
6.517996977775266654e-01
5.881043929781830659e-01
7.251695096457144718e-01
7.110032928405832786e-01
8.615045847684312808e-01
7.241117588424539342e-01
7.265682620684812409e-01
9.035270493291795990e-01
9.015047489848400097e-01
9.303640458501573063e-01
1.016521796861555416e+00
1.123509187608729754e+00
9.597532645043796995e-01
9.399730966077289862e-01
1.045962241581997354e+00
1.138687991430468394e+00
1.196825207913271294e+00
1.249904611316630554e+00
1.347421875510856015e+00
1.261209800165071337e+00
1.441976656087007758e+00
1.757259073857330156e+00
1.630961999295726272e+00
1.591874915155394143e+00
1.582296515537411130e+00
1.491329170108938840e+00
1.514790980623103911e+00
1.418946330848006143e+00
1.507904552689782740e+00
1.248842832122209590e+00
1.331318314745897347e+00
1.265410792420865294e+00
1.299191302156175176e+00
1.504154523948810551e+00
1.516985547160527581e+00
1.447677849314928489e+00
1.522199926504477885e+00
1.544839309427728402e+00
1.455137617128299254e+00
1.248433324850637183e+00
1.202193685023069225e+00
1.241787123464555886e+00
1.394075172764710047e+00
1.438102023970083021e+00
1.501349831029028303e+00
1.534166694289279098e+00
1.392649080932511385e+00
1.589977726861684815e+00
1.667562807902263300e+00
1.587495116923940852e+00
1.721400317871756069e+00
1.692304376130809196e+00
1.782741559322662317e+00
1.799499318012741433e+00
2.079874471294256288e+00
1.992016626933962531e+00
2.081829868424474927e+00
2.063796050777964464e+00
2.122505902148382972e+00
2.225165682948794910e+00
2.548825910491727686e+00
2.172029970258666065e+00
2.130281364073348005e+00
2.521663978964519437e+00
2.195554748355003305e+00
2.157881293266567635e+00
2.112143301607675827e+00
2.096110421705255966e+00
2.241500317974373768e+00
2.547626423074975222e+00
2.657338180611636513e+00
2.575842671030720954e+00
2.496163972744914084e+00
2.665752389565650304e+00
2.838566579293285486e+00
2.884194709639420484e+00
2.652555241379698447e+00
2.585472829173674381e+00
2.707141611487041022e+00
2.662789741954363798e+00
2.797771668298496106e+00
2.853238227495717538e+00
2.803620785615849709e+00
2.900553486068225606e+00
2.820557916847329150e+00
2.987953861210427497e+00
3.179340021143649775e+00
2.959078733563115016e+00
2.939036023062055580e+00
2.841479324628220393e+00
2.996509279097983480e+00
2.885918867078518968e+00
