2.132480599880017890e-07
3.510070069455818453e-01
4.973693023731446394e-01
5.155628843576908205e-01
6.504157761760489542e-01
7.454466816984176569e-01
8.032820355590870598e-01
1.015906038696792191e+00
8.414891564644202404e-01
7.308091206559681474e-01
7.065597543144114256e-01
7.536818283460818835e-01
9.097502163188556645e-01
8.214073401135657537e-01
9.180629910666727733e-01
8.674000478161534300e-01
8.838048400479041611e-01
1.148749789372617514e+00
9.854710391298215910e-01
1.233896172944602077e+00
1.206341378428205102e+00
1.307301269411526468e+00
1.443225046361362729e+00
1.458940526723289555e+00
1.302983645596475837e+00
1.473506535655767724e+00
1.529327194358086173e+00
1.640668928298657736e+00
1.617747665439847715e+00
2.007184692400097781e+00
1.981566984009221155e+00
1.959577411982457606e+00
2.197369705614383051e+00
2.261636275585727773e+00
2.310285869341454745e+00
2.039515924292104820e+00
2.006467077000935184e+00
2.132803226401462915e+00
2.296133571198682777e+00
2.267119539439786724e+00
2.198100313488040580e+00
2.170469256600932706e+00
2.119424087231723597e+00
2.214628171042144711e+00
2.305169552277094525e+00
2.146817026484160174e+00
2.253438983910103666e+00
2.285262474788878784e+00
2.376683089889980227e+00
2.443235926041337436e+00
2.477338861116106461e+00
2.762572318802416493e+00
2.778921472619473754e+00
2.510580378893149778e+00
2.388566063429780950e+00
2.408069733204184271e+00
2.375842854016409600e+00
2.023731399309559809e+00
2.173523158736154759e+00
2.174236242661056195e+00
1.976957330284355940e+00
1.977360377769500355e+00
1.961089114385912158e+00
1.904279242711145237e+00
1.733082438707130191e+00
1.992362376299819715e+00
2.025419480578228626e+00
2.109078710889316977e+00
2.071197911994591134e+00
1.926882462499244442e+00
2.121324009013331402e+00
2.298051685008823064e+00
2.169968229559806172e+00
2.075760833254454596e+00
2.015085522897466674e+00
2.040570100674902854e+00
2.102788618139031396e+00
1.951294344086806021e+00
2.132514980207775412e+00
2.382645052493748139e+00
2.420863096007746851e+00
2.596862055857203533e+00
2.433012322038413444e+00
2.442313796151685423e+00
2.469428625318504267e+00
2.514103531363699240e+00
2.513311600578222560e+00
2.557190170104849614e+00
2.609094435431306369e+00
2.671284190019266536e+00
2.503551340578254347e+00
2.459054820056657764e+00
2.281609099927767392e+00
2.403416106157597376e+00
2.453272960276590808e+00
2.395291697844136536e+00
2.487722103190801448e+00
2.300445481349028487e+00
2.347404723007222582e+00
2.326173237086186507e+00
