1.507891492923917490e-07
3.617810495009256555e-01
6.677730800510067732e-01
7.648642050124239145e-01
7.726995438176211817e-01
9.199890449798561187e-01
9.914449066274320099e-01
8.468394382905348738e-01
1.001354963755311189e+00
9.630603448478647355e-01
1.128616496894454091e+00
1.142493540690072695e+00
1.287587531049688261e+00
1.707571109606872861e+00
1.819710504556606434e+00
1.698020194149844064e+00
1.689978323599831800e+00
1.808717387426714174e+00
1.772256820865835358e+00
1.648945662366057219e+00
1.683928341603899037e+00
1.619327676904354973e+00
1.666325694341285413e+00
1.739655033993424915e+00
1.461277694856948361e+00
1.503774976009991216e+00
1.595593229341080388e+00
1.658314547893277258e+00
1.582756430864565189e+00
1.613767012059272199e+00
1.532231174795722239e+00
1.500658573002594753e+00
1.482032917423108165e+00
1.333821671164689304e+00
1.596900873559828238e+00
1.707349113330256962e+00
1.845563778721048376e+00
1.870866603637231007e+00
2.014705064447420924e+00
1.866832765819944839e+00
1.933272554829209122e+00
2.085923321133321906e+00
2.030884542877824384e+00
2.016430325959453373e+00
1.945027863521181954e+00
2.074677810340951556e+00
2.215020821060660339e+00
2.295054622448546411e+00
2.153202785265182939e+00
2.178925220518294292e+00
2.072490370043348573e+00
2.056743221335349592e+00
2.107175208537540367e+00
2.076768107050779744e+00
2.114220199730374894e+00
1.845287304005807094e+00
2.022790585921821815e+00
2.088684808019836137e+00
2.095187070226600667e+00
2.360427941551037190e+00
2.612170851611940847e+00
2.647879200508540087e+00
2.760984228213488212e+00
2.828091457877602188e+00
2.634933754342868806e+00
2.689246786010034640e+00
2.499254263459662617e+00
2.481809131203559726e+00
2.367564656786012911e+00
2.406658923952988083e+00
2.376121016685393883e+00
2.351226353359665122e+00
2.443814455736621483e+00
2.648375646479936396e+00
2.694584404553582946e+00
2.702151837404672019e+00
2.537034516029069486e+00
2.355761176903238052e+00
2.505998529100030403e+00
2.517881637435340547e+00
2.465451093711873654e+00
2.519424721690734614e+00
2.415376315950248376e+00
2.460794829051595300e+00
2.513542340648899476e+00
2.576827748364916459e+00
2.583648359737289457e+00
2.356190920339134909e+00
2.415583436680723395e+00
2.497416678579963634e+00
2.411683908415501065e+00
2.496460545476578474e+00
2.703478001285995802e+00
2.481912796608291671e+00
2.469411771762610730e+00
2.618307637861146731e+00
2.456827030868649953e+00
2.483595401495574784e+00
2.623255160730309843e+00
2.596659732489285055e+00
