0.000000000000000000e+00
6.949580419943575116e-01
6.028213283417304114e-01
5.792360058860603900e-01
5.101009794438734479e-01
6.090594661235946283e-01
7.860988948166565127e-01
8.547595775939704765e-01
8.016057027264228418e-01
5.738558385628390601e-01
6.709155781523725715e-01
6.770447571767543860e-01
7.170409360972934687e-01
7.836093483390244030e-01
7.845729371431978683e-01
1.066133212192346580e+00
7.526097392368398253e-01
8.623770076433482368e-01
9.041263222187775339e-01
7.872311359471390046e-01
9.458102395819275587e-01
1.113945745958736744e+00
9.251078071372311751e-01
1.255007589295388692e+00
1.217291089974597229e+00
1.367602906678327734e+00
1.492018897089870677e+00
1.395146247700154385e+00
1.259504965861868220e+00
1.431795941932069605e+00
1.439805040706588990e+00
1.390666106270314284e+00
1.374976197204985207e+00
1.241050456391463941e+00
1.323710005174867810e+00
1.347556542038264693e+00
1.026913231788495029e+00
1.168838962538952142e+00
1.248375206225697420e+00
1.288358534644932218e+00
1.217627742531533608e+00
1.242874391689330116e+00
1.181362628459439179e+00
1.248796611159664227e+00
1.205687865168036943e+00
1.189738145025676541e+00
1.348322800262898857e+00
1.566987554029764418e+00
1.471470921037719704e+00
1.358440343282643070e+00
1.343277276425130173e+00
1.191685579238730197e+00
1.426232558251548266e+00
1.359482397786856644e+00
1.320989075543973490e+00
1.413188320721425528e+00
1.278546648846708544e+00
1.330842394323965117e+00
1.381601268537077543e+00
1.616480174629684852e+00
1.497614975252737457e+00
1.582475544124323674e+00
1.427395302119268239e+00
1.608973715072709698e+00
1.505618407926194058e+00
1.529276973397781347e+00
1.589436050123677502e+00
1.537691030199191067e+00
1.759449828693746332e+00
1.782874897661989255e+00
1.796961182660251399e+00
2.002371734704710970e+00
1.696546771814270604e+00
1.863130180679757109e+00
1.816118123091633674e+00
1.659347429207685742e+00
1.832762606689215534e+00
1.950649586300104099e+00
1.987992469872637669e+00
1.853633905681527860e+00
1.902312153226525693e+00
1.954266965028606196e+00
1.784031361704383478e+00
1.936337989736020893e+00
2.097565017953643807e+00
1.971940157685521777e+00
1.935821259171854214e+00
1.947920652891798721e+00
2.105718840267639891e+00
2.072620815179902820e+00
2.172958163992137148e+00
1.918766139629882073e+00
1.901146950764039278e+00
2.020068789210000659e+00
1.936929185969940903e+00
2.030722728852057291e+00
2.030486753480872597e+00
2.120227356845424183e+00
2.256397764313753829e+00
2.261891339501147069e+00
