0.000000000000000000e+00
5.097741375625772786e-01
5.495769601840252427e-01
6.084633203977797278e-01
6.671720435697116036e-01
6.950277854172808301e-01
5.917488906286629824e-01
5.058165978220215964e-01
7.692901525812065877e-01
8.349776800169047553e-01
8.355254685143221893e-01
8.356695732640209151e-01
8.230129531352151639e-01
9.553038142235429353e-01
9.820744540673763678e-01
9.255229699025848689e-01
9.457231923207423119e-01
8.564977058185451186e-01
8.911437832469045750e-01
9.140876364287555678e-01
9.108244859511114289e-01
9.317689771658983489e-01
1.066525482804277392e+00
1.065500546720151709e+00
1.162878181913131082e+00
1.145623770127338625e+00
1.044758019304583785e+00
1.067142159367985510e+00
9.877124960878184146e-01
1.004028528392066910e+00
9.904301990454289495e-01
9.723570287577056881e-01
9.349821351127837188e-01
7.744131563474145885e-01
8.579729170717307341e-01
7.733837014598952120e-01
8.903397731287432393e-01
9.778005633599152757e-01
9.747162785840638444e-01
9.203570675268876178e-01
9.224427750242933932e-01
1.007237936086611940e+00
9.863252076823667558e-01
1.066394746812900474e+00
1.034360742725307203e+00
1.089278316657514400e+00
1.078004981436889720e+00
1.212744936773058058e+00
1.202403331219606963e+00
1.208386577970190556e+00
1.212544733239790951e+00
1.137804702398370837e+00
1.046648004714367808e+00
1.072954831615902993e+00
1.073706405361443128e+00
1.185825823688744007e+00
1.357680600580520647e+00
1.366158344516207546e+00
1.350044207695532128e+00
1.214149251448548350e+00
1.395881989100266063e+00
1.373761612677106170e+00
1.333041199409175981e+00
1.372642977850914381e+00
1.403399418334482451e+00
1.432341020073154114e+00
1.440493581026728753e+00
1.374789697337082783e+00
1.378137307479683216e+00
1.374390776875568765e+00
1.545942322236331767e+00
1.331681803811485931e+00
1.511970440293749052e+00
1.322957027900739213e+00
1.363479789920532648e+00
1.379326466870181678e+00
1.377696446730492408e+00
1.230290737430324244e+00
1.276219240465298776e+00
1.211033090926817435e+00
1.265209302879300335e+00
1.098945283119052263e+00
1.055099852080102707e+00
1.136371535970383873e+00
1.231425660219579887e+00
1.208057566234586933e+00
1.024332504416873846e+00
1.261401593622460737e+00
1.170659900246901808e+00
1.161185549835306308e+00
1.125637235685346349e+00
1.319640220931938446e+00
1.199471083892457823e+00
1.026559906675097888e+00
9.993221181018334676e-01
1.319582974577458989e+00
1.387476195337000950e+00
1.529979841444838895e+00
1.453600872473405969e+00
1.527285769729787690e+00
