0.000000000000000000e+00
3.464942172586394920e-01
5.540407619061891165e-01
5.120650863579474521e-01
7.173403103448288132e-01
6.033011125490117532e-01
8.040267341255880051e-01
7.225112672721671903e-01
7.808053949076165789e-01
8.818812702077224452e-01
9.231043145165295227e-01
1.132266981213716495e+00
1.142216655307516371e+00
1.153510745139529003e+00
1.035800637552018566e+00
1.028422758719962804e+00
1.086738746479248396e+00
1.131136116941213521e+00
1.170917362915490312e+00
1.283886455475862887e+00
1.261130703738256864e+00
1.381265914559010932e+00
1.502859718748157158e+00
1.497985085823599238e+00
1.635386323908694761e+00
1.719109948769711016e+00
1.490769441445454646e+00
1.717934636123907843e+00
1.693460538962018536e+00
1.654801374136953829e+00
1.658031980696259566e+00
1.738679393480529578e+00
1.741005772010844499e+00
1.522669990410218777e+00
1.457476774969880262e+00
1.459307555610746210e+00
1.307956115880311687e+00
1.615057275103443102e+00
1.682926940469297694e+00
1.633501577465066523e+00
1.605085379259282519e+00
1.359231607922934515e+00
1.517010101300628966e+00
1.424685910482820894e+00
1.330611138345714872e+00
1.527684654409168008e+00
1.680834218338524089e+00
1.630846919427536568e+00
1.752703681632696853e+00
1.483202343768642795e+00
1.348607927890843827e+00
1.456446381725564843e+00
1.408397695976699282e+00
1.457922084198202795e+00
1.444743574777644701e+00
1.344176768341566852e+00
1.432117580027442827e+00
1.474397996927643062e+00
1.383219251768498026e+00
1.439085616072467877e+00
1.433774744763369524e+00
1.414450083735146579e+00
1.396973411177531155e+00
1.424636305743621323e+00
1.436340622276244927e+00
1.455876246872488178e+00
1.404067458721831807e+00
1.419753190919263997e+00
1.556970263619443351e+00
1.419317573953556844e+00
1.512272845590326487e+00
1.361776648680454560e+00
1.581577475963211299e+00
1.565408721417578031e+00
1.539483417106242813e+00
1.419022786217472687e+00
1.409778725337739402e+00
1.542604158539691017e+00
1.378660442038285749e+00
1.465000974314097482e+00
1.382177458571406836e+00
1.245324632252514885e+00
1.401878580378964401e+00
1.358126176833132748e+00
1.324992744224682273e+00
1.118695700707000196e+00
1.088854534477838865e+00
1.166483956327805771e+00
1.224887323815203821e+00
1.090609102398444108e+00
9.796791569194009952e-01
1.031953804378787032e+00
1.080593997649191174e+00
8.896811080551229045e-01
9.135860250117130432e-01
9.869488956683354353e-01
1.269140892026958900e+00
1.003993345009382976e+00
1.143696782049007821e+00
1.279984232916578701e+00
