6.031565971695669960e-07
3.632107567550328375e-01
5.232303316006785554e-01
7.165599786626952739e-01
5.740103679274832782e-01
6.801123610269981246e-01
7.024970168951406579e-01
7.542147537967101023e-01
8.014373009563898753e-01
8.692309714527574060e-01
1.190866350477936431e+00
1.386925622579303852e+00
1.296765602379851945e+00
1.288685988217827871e+00
1.378644835367264232e+00
1.397678745428917457e+00
1.316736216210686372e+00
1.530775480520734089e+00
1.881570120038053018e+00
2.004995006325184903e+00
1.883620183048775321e+00
1.917111025513388523e+00
1.859634091876802175e+00
2.164767601908004657e+00
2.056652219266190240e+00
1.841410131102446446e+00
1.744795692218444216e+00
2.106118262959498555e+00
2.182983849133043552e+00
2.177586997309314487e+00
2.177307241149777361e+00
2.060323560321419833e+00
2.192486986541707150e+00
2.393542455925274925e+00
2.385832001983983375e+00
2.552882242093020615e+00
2.457634779553556026e+00
2.461830539013790897e+00
2.468642984187376932e+00
2.216179927951670514e+00
2.740801199148076073e+00
2.699473797490222093e+00
2.560318068744118936e+00
2.730704975932021217e+00
2.863044251345436830e+00
2.910368313910681515e+00
2.886016805855687206e+00
3.004035508691915268e+00
3.122193692161360445e+00
3.077516117322564693e+00
2.814044711990851599e+00
2.901931993907456153e+00
2.922993046525227623e+00
2.944955873144298852e+00
3.099490931267448790e+00
2.969261134641152822e+00
2.762484781358347519e+00
2.636498714670167054e+00
2.785216948157716033e+00
2.701059946726428684e+00
2.795040027831726448e+00
2.851460726741668061e+00
2.873233992245711743e+00
2.626514270209805435e+00
2.382056553922443420e+00
2.128824117656374248e+00
1.851912784585688199e+00
2.166561242630255624e+00
2.457611791068759821e+00
2.582805216986685526e+00
2.668404537495139284e+00
2.638646192222108944e+00
2.740440922122065803e+00
2.552864768168757958e+00
2.757951026713526321e+00
2.787815051644485287e+00
2.958589651189583947e+00
2.930354940665018670e+00
3.027477571068933671e+00
3.134155255584486710e+00
2.803350791037676704e+00
2.822062824102552270e+00
2.886298222881397368e+00
2.740126392000710176e+00
2.867838667680159048e+00
2.818870946599666638e+00
2.862368408402780506e+00
2.903140812755010902e+00
2.821919788860316469e+00
2.693195474020142477e+00
2.893286358062169494e+00
3.019117417085857014e+00
3.139381231787659043e+00
3.279030622427783648e+00
3.180043233397896074e+00
3.297306621792854830e+00
3.235331851608323817e+00
3.379732009057563324e+00
3.439853361062835901e+00
3.347137619371687745e+00
