0.000000000000000000e+00
5.236207227226289396e-01
6.826338056909968532e-01
8.154675617016026168e-01
1.008959265100054736e+00
9.534973126347695560e-01
1.034481259373002171e+00
1.218978747520988781e+00
1.210378860701178727e+00
1.130313195369241575e+00
1.057878179522380391e+00
9.382465130038227796e-01
1.417902802012643182e+00
1.304243297487168274e+00
1.612975974884720554e+00
1.717427456368048944e+00
1.687455427275137199e+00
1.938120813969207878e+00
1.571662502333418532e+00
1.678795842633113100e+00
1.632923939219690368e+00
1.492714577469458570e+00
1.290150380768184890e+00
1.439370478258208408e+00
1.674053126683971104e+00
1.761617957602060747e+00
1.881143933458892192e+00
1.819410119231149814e+00
1.883373930949609809e+00
2.095767744555254275e+00
2.129921610403698207e+00
2.338096253337754504e+00
2.631067179589422711e+00
2.639239477479592644e+00
2.521172875242024602e+00
2.448013934186542340e+00
2.518374737960208609e+00
2.677169098798915847e+00
2.444243868912144180e+00
2.470923327380114554e+00
2.555697205505054193e+00
2.564197875124970771e+00
2.537813296311457911e+00
2.702041374078623104e+00
2.783941293480141965e+00
2.776002632326596498e+00
2.536271098765118026e+00
2.460981900090757790e+00
2.502849022201967255e+00
2.388166022834091518e+00
2.257857164291917407e+00
2.425433898977574998e+00
2.391804878917465071e+00
2.332962844814196579e+00
2.316122974401775725e+00
2.452002391340642795e+00
2.506511744432182720e+00
2.331043939270041054e+00
2.512469350232588106e+00
2.566665360903225501e+00
2.624804561561324689e+00
2.657767601106674871e+00
2.572114437751253924e+00
2.498912103547352270e+00
2.302916900691689861e+00
2.461724078271810168e+00
2.555690803321732929e+00
2.511252127695225767e+00
2.698762181494186674e+00
2.881654439684773195e+00
2.775474355420528116e+00
2.953219803096903462e+00
3.087280065977842103e+00
3.228410974264871225e+00
3.426522240707434719e+00
3.378146519541759041e+00
3.352126816969740464e+00
3.354098189308981848e+00
3.510343078594750921e+00
3.622784177733296751e+00
3.637573155788985879e+00
3.444327488804590942e+00
3.079943733749425316e+00
3.407297954345880786e+00
3.456774866660881074e+00
3.371356704681535366e+00
3.304824919303525288e+00
3.559160219180769413e+00
3.366764035461814242e+00
3.350162019225166432e+00
3.390116197806571474e+00
3.497297422278703216e+00
3.682774187438709657e+00
3.708635240537705435e+00
3.392762175757335630e+00
3.454313804115921815e+00
3.270506983384779520e+00
3.150866268827073657e+00
3.122344812159189242e+00
3.215563194345794962e+00
