0.000000000000000000e+00
4.162913422320613233e-01
5.286094564892506176e-01
6.843114056172997506e-01
6.270888510517947934e-01
7.505821535630200492e-01
7.906515381605455639e-01
7.854402061857188588e-01
8.483679161105162070e-01
8.226515256005877408e-01
8.017222904246088522e-01
8.657999983698813073e-01
9.888363941033603277e-01
1.073087293949406495e+00
8.579255634460547508e-01
1.101599783015511758e+00
9.813268674158013294e-01
9.571797491354183673e-01
1.079839964191134483e+00
1.254449445891755888e+00
1.057769606021810471e+00
1.089399361405057887e+00
8.751816417648423663e-01
9.229628909316324181e-01
1.041909150372202220e+00
1.067741306027636172e+00
1.030075092257430436e+00
1.125814926939699534e+00
1.050505763160464845e+00
1.025049149539435822e+00
1.201776849552870008e+00
9.614873477387034795e-01
9.482460150004057287e-01
1.037710295865200472e+00
1.041348614754745050e+00
8.219981824759086120e-01
8.286753038333114496e-01
9.796767118133244967e-01
9.862666625981842961e-01
8.604448192307573295e-01
8.357082528553189116e-01
8.375538940670382848e-01
8.456220974966931481e-01
7.924302536083496218e-01
7.315239352413802632e-01
7.524859813968063360e-01
8.332244141208569044e-01
7.673492082936733683e-01
1.033575806035691436e+00
8.953474325168392367e-01
8.569556843459661399e-01
5.863963694980828256e-01
8.575634847910782455e-01
7.367749242405555732e-01
8.489985434763452909e-01
8.426327313819279574e-01
8.472250501628594277e-01
7.659754563274924211e-01
8.371319240299097686e-01
9.716434004111285105e-01
9.404641008612715236e-01
1.000932588220645902e+00
6.578240736878945283e-01
9.040473971927506236e-01
8.716413717126312299e-01
8.498187807699373320e-01
7.755136993388771494e-01
8.589045645879479496e-01
1.074026786038765557e+00
1.029787009612127768e+00
1.096859497050509225e+00
1.059373660883208279e+00
1.129936140831135916e+00
1.015564382910332020e+00
1.047826432599673341e+00
1.280753497586637923e+00
1.215567870829654895e+00
1.122344519616984559e+00
1.067499795012839980e+00
1.160031514962767352e+00
1.278083417617432049e+00
1.274997684886888694e+00
1.232794595554008055e+00
1.272301669224708665e+00
1.262575764811885159e+00
1.518489254609125094e+00
1.388880549511590790e+00
1.289963058294125942e+00
1.402124634442508233e+00
1.548636252461116136e+00
1.718055028300619291e+00
1.590745812448693064e+00
1.585972393229996058e+00
1.737591012810290936e+00
1.375993247306315670e+00
1.368248100581389126e+00
1.234252260837116699e+00
1.211131565425570988e+00
1.232085169439324446e+00
9.422009388628992399e-01
