2.611744678045111057e-07
5.460344291827102792e-01
5.945034064419275621e-01
4.807421600743831402e-01
6.163142211898614553e-01
6.243534082451638323e-01
5.137975316721796748e-01
5.102936860578743961e-01
7.230939949698781399e-01
5.861517314518471800e-01
5.096756514477970290e-01
7.582448305915837627e-01
6.490019609427432057e-01
7.871178141520633886e-01
8.556787163897249249e-01
8.262374825573426396e-01
8.349786871261701826e-01
9.122587352011934936e-01
9.575632981517839815e-01
9.369815946925169614e-01
9.002562422652460317e-01
8.844448973732760289e-01
7.351072897102777226e-01
8.948983450929197669e-01
9.016321780694931398e-01
9.051613805805927004e-01
8.728433314886135941e-01
8.561845710257223185e-01
7.135360864334635567e-01
7.785965843563199540e-01
9.475329830342724691e-01
9.500664507976853690e-01
9.100704253258162790e-01
1.112911929214436935e+00
1.058261470952110539e+00
9.643650448055272051e-01
8.487305419247568317e-01
9.122292980812711782e-01
1.061736982161072040e+00
9.343526108908160044e-01
9.043588311001148350e-01
1.021372023438397836e+00
1.006806150377188791e+00
9.695175253024512774e-01
1.065864124799272616e+00
1.135876557679478926e+00
1.213326556115640997e+00
1.062410847727483398e+00
1.114284216384556103e+00
9.664518056016387915e-01
9.869045307400334810e-01
1.066368651606333984e+00
1.155260838315595784e+00
1.162284340455143505e+00
1.065304507588480387e+00
1.076103818256939348e+00
1.035266046908960957e+00
1.165171594073074468e+00
1.227965746843267647e+00
1.178584301356605746e+00
1.148622796458082851e+00
1.138761427141890437e+00
1.080730831241897061e+00
1.037984414989916226e+00
8.864532535979432470e-01
8.026095319576260767e-01
7.870775332958990234e-01
7.932507964176256365e-01
8.553952487870493115e-01
8.510212800344956197e-01
8.960610566096108842e-01
9.766732926290773165e-01
1.104593009242416990e+00
9.743717996626232170e-01
1.214187105420794444e+00
1.046990201350971761e+00
9.987796387051115499e-01
1.003731822037988497e+00
8.811319456907590331e-01
1.035453034436933706e+00
1.140294285435414556e+00
1.062045867658266030e+00
1.041621423018834092e+00
1.032416383760748513e+00
1.012805820862227035e+00
1.150602242762986949e+00
1.093568669007877636e+00
1.072736213558171059e+00
1.195877455832212943e+00
1.307296242582661971e+00
1.149549713383151817e+00
1.284134780665896258e+00
1.320575839430233822e+00
1.243193532439112792e+00
1.294410334827524878e+00
1.315183511721074394e+00
1.343484187373413352e+00
1.371684429525762194e+00
1.464730769849838188e+00
1.316592424748618262e+00
