1.507891492923917490e-07
4.395111212640062659e-01
4.589270825744148907e-01
4.826594948146534780e-01
3.942744693632709296e-01
5.257799904628008836e-01
6.778623871278217639e-01
8.100238889094379946e-01
9.598522623588078284e-01
9.087437351128020424e-01
9.240907134674174461e-01
8.753927233025002863e-01
8.613459208595281025e-01
9.557756931643195397e-01
7.598571058236861520e-01
7.990438670916705233e-01
8.844050084179874149e-01
7.645359781585824299e-01
8.446584573583912903e-01
7.806268469005477328e-01
8.349873520836046392e-01
8.325025015475413515e-01
9.953688729181321415e-01
9.707728564201569821e-01
1.003984559549853550e+00
9.644943740564152490e-01
9.687929957441944184e-01
9.369034780903428006e-01
1.023385119165256540e+00
1.072191746371222054e+00
1.116647239182872786e+00
1.051568662111138641e+00
1.071732087213503881e+00
1.116398515775147260e+00
9.591076742936232025e-01
1.036890109962461892e+00
1.053722145088963114e+00
1.130993866186397856e+00
1.143701072404001318e+00
1.269985937302142043e+00
1.157258596733937495e+00
1.192182032360721289e+00
1.195224524534975297e+00
1.492117051183712517e+00
1.612286080207604000e+00
1.561081482066506210e+00
1.361478755270834728e+00
1.211228445370435836e+00
1.422035985673623992e+00
1.524695724547616038e+00
1.438116177230041925e+00
1.279813682365423588e+00
1.361605524435664627e+00
1.397733269609373385e+00
1.446220288477047422e+00
1.346928069206529521e+00
1.372751173125318136e+00
1.338758336773722579e+00
1.232146003155878411e+00
1.231700644147174728e+00
1.300317445187641363e+00
1.246778538257085511e+00
1.187012014797373283e+00
1.128312160882487980e+00
1.335613557715297439e+00
1.309687120200327515e+00
1.316559000664454970e+00
1.234453846008923161e+00
1.291082249320905317e+00
1.148371400499338835e+00
1.149670607708829229e+00
1.245092240633789205e+00
1.181363358153578735e+00
1.147376084253810324e+00
9.317767590168704039e-01
9.293900407810884445e-01
1.022812546242671150e+00
8.764334871360229817e-01
7.921371875946259244e-01
9.502706104343148219e-01
9.802831114163015336e-01
9.766713221838296821e-01
9.324566948601592520e-01
1.053812754240658789e+00
1.046429352962478410e+00
1.209357535347294954e+00
1.190783668863824918e+00
1.159121510698496893e+00
1.197457488122408042e+00
1.290901717619793665e+00
1.170141107235619593e+00
1.213818669718178089e+00
1.152665292989945467e+00
1.169749065393718146e+00
1.297615281141463850e+00
1.404633446043508815e+00
1.547797343438216178e+00
1.547737450908089007e+00
1.505552930992948735e+00
1.478911524570799996e+00
