2.132480599880017890e-07
4.660170956310751844e-01
5.996036294049906790e-01
4.352045245813415120e-01
4.799198965516214832e-01
5.600251911056680632e-01
5.904339771040462148e-01
6.612095785097903411e-01
6.389976013045978176e-01
5.888899877309056174e-01
6.318341517630903237e-01
5.871507217880345131e-01
6.925804179627672585e-01
7.571301373898038367e-01
9.164926162145993205e-01
8.873502939535478085e-01
8.963258052558037425e-01
9.591515043727484313e-01
9.485611009437685537e-01
1.010819144896875965e+00
1.176455617402403675e+00
1.252804763989184611e+00
1.183153935862450323e+00
1.094510821960703373e+00
1.070131935241754872e+00
1.053772323741444916e+00
1.205256041197456218e+00
1.313354677244173763e+00
1.526409362877432452e+00
1.580873479480224386e+00
1.545047778392373505e+00
1.574545616663324932e+00
1.673603562977565185e+00
1.612698187624789892e+00
1.518236075842871236e+00
1.687256209872601831e+00
1.607814727775663810e+00
1.608367594270949663e+00
1.551396615747542951e+00
1.702345193377743593e+00
1.621394348602816837e+00
1.519448779219966683e+00
1.554502399775786747e+00
1.552718221920395436e+00
1.495431968785297494e+00
1.347199289972115910e+00
1.457046362755568758e+00
1.527719146025877661e+00
1.442037934187840431e+00
1.407768209739413523e+00
1.359019680142357300e+00
1.367148549342418917e+00
1.583150990438676464e+00
1.281304301235651533e+00
1.452227195668726045e+00
1.186202039705837041e+00
1.126962959117212781e+00
1.248737724202058974e+00
1.192952161226854324e+00
1.187883590811728451e+00
1.277955712591456683e+00
1.278312780144386984e+00
1.310533612184765495e+00
1.258223496433513722e+00
1.424309605670788681e+00
1.450874388195044329e+00
1.295734254896213189e+00
1.295448646387892255e+00
1.325980783763121895e+00
1.184411277673298679e+00
1.187598751395103180e+00
1.203983431743739674e+00
1.206335886299397364e+00
1.261936602270549379e+00
1.043638323667374079e+00
1.166276346006030140e+00
1.272629665630913287e+00
1.269392555399791789e+00
1.220456553238945085e+00
1.345539273046127304e+00
1.148954221516421903e+00
1.012802737154097077e+00
1.116863575036597389e+00
1.199818654896527281e+00
1.274633373223777344e+00
1.330613870041814861e+00
1.492994264118033154e+00
1.480517451439503196e+00
1.534774047249702011e+00
1.368852125389397711e+00
1.351833098358429686e+00
1.194911746227397709e+00
1.325342578045791253e+00
1.419411849265264536e+00
1.356990131827895629e+00
1.479422161717047324e+00
1.576691826844787592e+00
1.580815930826791726e+00
1.445867097191603223e+00
1.582505799347889264e+00
