3.693564745147149106e-07
4.248461558118578618e-01
4.449384882505924566e-01
9.107734229401865944e-01
1.036490026431623024e+00
1.032826743143856474e+00
1.003452334710084326e+00
1.025633122807729336e+00
9.573167655591168224e-01
1.100754211915433878e+00
1.220092056960369042e+00
1.159590880600740004e+00
1.523811103752359397e+00
1.611131881138447852e+00
1.686001862412324526e+00
1.551728136486843823e+00
1.579529592197436827e+00
1.697852902972938338e+00
1.781109161516388761e+00
1.937371759459741938e+00
1.856217323741986780e+00
2.252815493831301641e+00
2.253321577112321616e+00
2.245865689886732852e+00
2.368929111532793730e+00
2.448576371574541000e+00
2.360289710106346472e+00
2.343779114238104810e+00
2.520510420600269530e+00
2.243473646286588075e+00
2.547362352402347874e+00
2.264216965037455509e+00
2.391046784470653552e+00
2.154913746930523732e+00
2.149169686780350474e+00
2.399441403697690767e+00
2.381009811392328590e+00
2.596091748746266248e+00
2.684373575050741145e+00
2.871009937200573070e+00
2.835158775947821397e+00
3.064946416339761281e+00
2.828576714710568485e+00
2.902723767410822386e+00
2.857783935282860011e+00
2.755366120208038616e+00
2.788806079302980301e+00
2.496721129706146236e+00
2.270167457977330550e+00
2.224467519438369845e+00
2.131918101421391487e+00
2.161997258475706118e+00
2.036284121216940246e+00
2.040989880146297342e+00
1.920003301752641223e+00
2.122561365326240512e+00
2.108804882855614515e+00
2.184402187615281044e+00
2.154741828212715760e+00
2.121102139608506576e+00
2.118934993152087998e+00
2.374845769649909233e+00
2.215351642183544634e+00
2.237692679507468529e+00
2.153172157836500400e+00
2.219162234018999591e+00
2.290580427135550323e+00
2.225476493424530133e+00
2.114289047193229631e+00
2.110461743221517139e+00
2.212295479316837898e+00
2.255474236069832994e+00
2.322707620596149436e+00
2.301889070377812985e+00
2.205122649966727799e+00
2.197303744744858012e+00
1.983120729929255255e+00
1.979052495037723958e+00
2.083483784050125021e+00
2.236026389962026961e+00
2.286259365373999763e+00
2.369105683513517580e+00
2.191826585008879391e+00
2.311043130390078915e+00
2.325974745038038805e+00
2.191361923941320455e+00
2.339312213864354284e+00
2.418453058443681414e+00
2.566559707419132419e+00
2.353435134483530256e+00
2.257160852158622166e+00
2.461167411410472017e+00
2.595801714440463481e+00
2.544486702395635902e+00
2.625944203632691210e+00
2.670527164322332503e+00
2.927407358866770615e+00
2.803989235576419770e+00
2.814259029069939189e+00
2.954457794066203569e+00
