2.132480599880017890e-07
4.535036932412925270e-01
6.896146229489169555e-01
7.111183752993367468e-01
8.605873622053089589e-01
9.419168758376668116e-01
9.967168942099496887e-01
9.043057486451733240e-01
9.229192802011665364e-01
9.811956338681766532e-01
1.110405521481270474e+00
1.220089375419313615e+00
1.022826554275265698e+00
9.258710397413282278e-01
9.456941456488828779e-01
8.521048674601707784e-01
9.148385303607539099e-01
1.065393266814505191e+00
9.853258901333934450e-01
1.035669780615290358e+00
9.611054786472192912e-01
8.918937597805022266e-01
8.576123074720598538e-01
1.039552470849459453e+00
1.091887099433775488e+00
1.163939990822864035e+00
1.070597834586976882e+00
1.178955678876286495e+00
1.407377210896441966e+00
1.316503801201014845e+00
1.305570030426785655e+00
1.142825192062938200e+00
1.168078294286220453e+00
1.095380195567629666e+00
1.191679295272817241e+00
1.249052179663852069e+00
1.226033998698652372e+00
1.237815418577224769e+00
1.135655386193058503e+00
1.339037205850506895e+00
1.325327387481821662e+00
1.270278800171265710e+00
1.134966107227838084e+00
1.221127654577928823e+00
1.180727999159246755e+00
1.080680673915085377e+00
1.090893352139999051e+00
1.089475166221870461e+00
1.070802138899836553e+00
1.205882592681910337e+00
1.414832952273049838e+00
1.399351160467102950e+00
1.371026431419950509e+00
1.474244015100219185e+00
1.603423867430481264e+00
1.330508449036225782e+00
1.595604790631615089e+00
1.777054431439194948e+00
1.748037802883550373e+00
1.554304667642962157e+00
1.579598076284938202e+00
1.658634945129246363e+00
1.708415972516522663e+00
1.786514800520999646e+00
1.925202073422880078e+00
2.115840823882778388e+00
1.935414318582615589e+00
2.065566195314844755e+00
2.251408016656923916e+00
2.261816011580012109e+00
2.223514941181589322e+00
2.146001600535456522e+00
1.996099309805954736e+00
2.202552427010386449e+00
2.100522788686053577e+00
2.210174697688179091e+00
2.248973762721422798e+00
2.230648571788909962e+00
2.197884066521062163e+00
2.037671445172838602e+00
2.106767497120537236e+00
2.145327080766362027e+00
2.003573077361761268e+00
1.935658357867958257e+00
2.050143195513717487e+00
1.801534566475995636e+00
1.807441719557586479e+00
1.990730380099361652e+00
1.958128798953392202e+00
1.935148040472879583e+00
1.682576178418401458e+00
1.758582222023197472e+00
1.699191747219747528e+00
1.570874386429209402e+00
1.969727099398623782e+00
1.969270969330751964e+00
1.743288353246343458e+00
1.932836612597589321e+00
1.953731861422110416e+00
1.873405593436439975e+00
