0.000000000000000000e+00
4.577982530810815742e-01
4.322159015560348982e-01
4.862850909980064307e-01
6.899566077907147710e-01
8.415927339840008070e-01
8.340209086140297767e-01
9.275235632471982017e-01
8.031661906018064956e-01
9.124935681972217161e-01
8.336403138840448035e-01
9.216990596625210808e-01
1.051310241191141470e+00
9.173748460983355280e-01
9.754533056879538533e-01
1.098726428752817563e+00
9.494214010898696099e-01
1.316284278477337644e+00
1.147981715570945971e+00
1.225846765113863146e+00
1.072658475378353238e+00
1.013677702512823853e+00
9.337708096464056862e-01
9.028153194370053258e-01
1.078927075523433476e+00
1.036288894121929038e+00
1.140148665020455754e+00
1.054740121278965104e+00
9.607903622027111901e-01
1.028637303253941537e+00
1.063772447125485465e+00
9.497639136805517968e-01
9.543499182783761192e-01
8.549108023307511184e-01
8.999480653274056774e-01
1.042880050249739510e+00
1.010344994798874296e+00
1.012136020632691702e+00
1.037193879184219458e+00
8.525687076095435080e-01
1.069796925036047286e+00
1.100094820342794044e+00
1.091405269084199103e+00
1.108837368653048161e+00
1.235863565567321576e+00
1.214810177312728445e+00
1.313887329693730122e+00
1.259422450216642231e+00
1.423805833121737585e+00
1.694804308719762842e+00
1.546728743887668456e+00
1.460578762383664353e+00
1.392195671290665127e+00
1.487462301123622099e+00
1.438567797569948015e+00
1.380709218699503360e+00
1.484978226231648435e+00
1.451683524031031070e+00
1.497847566226224725e+00
1.645921594926996301e+00
1.765912786892307462e+00
1.767093046553040558e+00
1.792813785166092577e+00
1.755988924949749563e+00
1.857339579805248553e+00
1.666289163371683646e+00
1.785980263858834016e+00
1.734387407328973563e+00
1.781605595095911765e+00
1.860214476858504495e+00
1.819985183250507399e+00
1.706199073351825746e+00
1.825062789107504635e+00
1.735283581902627548e+00
1.698249431756898353e+00
1.805109090896623636e+00
1.961723703583393874e+00
2.000835368594845676e+00
1.995270984741285947e+00
2.099708160945915392e+00
2.106793861793937683e+00
2.145264796934971852e+00
2.154063352474142601e+00
2.122186479271932491e+00
2.117599716623097539e+00
2.056474800449415330e+00
2.143448600366700596e+00
2.000916071170378618e+00
1.943752014768584502e+00
2.034400475855153712e+00
1.987785817398443511e+00
1.990629538291705858e+00
2.080740113938146063e+00
2.198724121322047864e+00
2.295700387053345004e+00
2.169499739745436528e+00
2.170987609215212721e+00
2.247699882446445141e+00
2.059559960970244852e+00
2.206125042143205484e+00
