0.000000000000000000e+00
4.260991544831958522e-01
4.295834639343111827e-01
5.436084451905266457e-01
4.837747595392501432e-01
7.737326571755703819e-01
8.919235926686838178e-01
9.925222720817475919e-01
1.120155978673486485e+00
9.971919374347465448e-01
1.112507003684822582e+00
7.860714078083157474e-01
7.395138805908332280e-01
6.436982699282940423e-01
7.999873959097062448e-01
5.952355616138703676e-01
5.733202838875796070e-01
7.233525341717293999e-01
8.095331206801745783e-01
7.979549554989098237e-01
8.421699984479642520e-01
9.092161545501047382e-01
8.973576475991934531e-01
9.781811784967479051e-01
1.103324926974884157e+00
1.315380570548813299e+00
1.325924740212284014e+00
1.224876904781702969e+00
1.392333464582854896e+00
1.312517151215230493e+00
1.380423080240113398e+00
1.255418098143829653e+00
1.203397181044347120e+00
1.342660859371838988e+00
1.417548657804127199e+00
1.440309226022898237e+00
1.381230680833742674e+00
1.520403550920727209e+00
1.528893471311367325e+00
1.388532312538516278e+00
1.539309744749383757e+00
1.601575121116228351e+00
1.631263828507110381e+00
1.663535695959946548e+00
1.928991848293309053e+00
2.094048503720960852e+00
2.196913440640486659e+00
2.077866146373435363e+00
2.097700166817419998e+00
2.287841926565431727e+00
2.137429694192413798e+00
1.914570119435957452e+00
1.498222726239821112e+00
1.812967801936042234e+00
2.034799287240928845e+00
2.048706331042003725e+00
2.182543872346835112e+00
2.117234098396879816e+00
2.100930393911555338e+00
2.042955308870269882e+00
2.034439139614889758e+00
1.907129583571393727e+00
1.798578933749178654e+00
1.756700346969963578e+00
1.719938698260682797e+00
1.576571067495402101e+00
1.665040952445353994e+00
1.728243084111080075e+00
1.573979334767590554e+00
1.700629148585198758e+00
1.768959085675559928e+00
1.839211018952327192e+00
1.870947729332496534e+00
2.150639483591382906e+00
2.321734874374638213e+00
2.345925077308821383e+00
2.215494342799721128e+00
2.294905124902891558e+00
2.198583815927530605e+00
2.075990794636062731e+00
2.105491163890904183e+00
2.235842608256144892e+00
2.048528594347712062e+00
2.055809625755892434e+00
1.996333614874107543e+00
2.216875093792535445e+00
2.441634389975678499e+00
2.432473054925918365e+00
2.595588453304640275e+00
2.712358637839652253e+00
2.855578259507491445e+00
2.738989345630241434e+00
2.734399997034799412e+00
2.773322449097461284e+00
2.776705176826351984e+00
2.688336441555117418e+00
2.677672383022253744e+00
2.546975882537172886e+00
2.632822136142901837e+00
2.761126352643615167e+00
