3.371747880871522773e-07
4.690431238194101571e-01
4.730570183433567832e-01
5.322847352465507331e-01
8.090283097579908933e-01
8.559263547284785556e-01
9.324756055119424181e-01
9.738832095166126690e-01
8.252328049027731760e-01
8.059034688277523228e-01
9.677311222771867172e-01
1.011579259190865665e+00
1.105524030653347145e+00
1.326351713657944797e+00
1.462179951667907707e+00
1.454295313072098805e+00
1.562081434387530887e+00
1.671400290938234834e+00
1.540165737157911607e+00
1.609600971197500785e+00
1.542175413179515342e+00
1.529195931999783653e+00
1.598019274541386148e+00
1.705632583151855952e+00
1.657664912377112776e+00
1.784614195015224336e+00
1.534606334122756932e+00
1.423907661391852875e+00
1.515301655414285298e+00
1.495543085296481722e+00
1.571687756639759792e+00
1.635882656894087850e+00
1.598340067475013671e+00
1.796219976572099419e+00
1.639117346364613148e+00
1.579225888251272636e+00
1.465411987400807581e+00
1.581159339602464353e+00
1.742017146611380518e+00
1.909127856093079556e+00
1.913050636844977781e+00
1.739738611413484071e+00
1.764093682988370659e+00
1.844903879258939172e+00
1.696208695262753308e+00
1.654396421357541502e+00
1.544034389508805560e+00
1.540244740318892136e+00
1.774253221805959901e+00
1.859252298469542763e+00
2.061419770393833506e+00
1.857139779317602768e+00
1.953200390200579006e+00
2.081403757700317492e+00
1.955800042985798237e+00
1.768848421223651490e+00
1.802622316462818564e+00
1.777883321326224841e+00
2.115894682534915638e+00
2.244997728568154827e+00
2.202726797847265328e+00
2.260318316933208393e+00
2.277153777374747889e+00
2.225212249867142944e+00
2.304071646523804695e+00
2.347579596678809999e+00
2.250892115270523686e+00
2.386501888837155860e+00
2.464104088265453907e+00
2.471952268659294738e+00
2.265787624088640317e+00
2.238843073874864587e+00
2.165416276306396881e+00
2.066527315249134134e+00
2.016971368674694176e+00
2.338220593061153263e+00
2.681823188331383889e+00
2.597871242077539833e+00
2.754517163273600744e+00
2.888955475485391222e+00
2.758013561040293826e+00
2.878086050191031919e+00
2.731333143623865034e+00
2.786797274039820582e+00
2.886507301969913453e+00
2.672223430237014696e+00
2.654456412308728641e+00
2.549624985504973740e+00
2.880139863931153066e+00
2.769412421261693513e+00
2.676449052464407341e+00
2.724279211279893698e+00
2.937018721032102597e+00
2.929089197284707957e+00
3.218049485390552800e+00
3.256736726459579678e+00
3.432855255116305848e+00
3.440250683492097394e+00
3.459002091535491985e+00
3.241281298052956839e+00
