0.000000000000000000e+00
5.487105611079570178e-01
6.082222289970898865e-01
6.593974112751680439e-01
9.280388199893678802e-01
8.401082856073827099e-01
9.615699135918558405e-01
7.557360798487855469e-01
8.504211649029480569e-01
9.714702981304855767e-01
8.445890041491255218e-01
9.120036124339756523e-01
8.747227940572129823e-01
1.094973357995938867e+00
1.001788733717336344e+00
1.169689291714877788e+00
1.423943601005522641e+00
1.236187592652004064e+00
1.261296114731753848e+00
1.236178306771220203e+00
1.357662297842709753e+00
1.324280105329133539e+00
1.420160635160938600e+00
1.311167175031072052e+00
1.398479856358432416e+00
1.479080900676885246e+00
1.640159313968603705e+00
1.746051844127738839e+00
1.562955228396538443e+00
1.563598145963319253e+00
1.516580657142234889e+00
1.584723456408965614e+00
1.867518631088899372e+00
1.754110944146232809e+00
1.637477465004635313e+00
1.658141153732650919e+00
1.789520082178884808e+00
1.655101491213363030e+00
1.731551280955643923e+00
1.746711551264560569e+00
1.597126189692949838e+00
1.562142599560436995e+00
1.625594783923711262e+00
1.726525802968079448e+00
1.741214793132896510e+00
1.613729230573631712e+00
1.626863078404945817e+00
1.694989884901075827e+00
1.650989486062056866e+00
1.588193229989204980e+00
1.798865771627805588e+00
1.883401930296460414e+00
1.706827626952938992e+00
1.724796092699606431e+00
1.709969883180205930e+00
1.887745739879900464e+00
1.791474652364229314e+00
2.050424707721635542e+00
2.023885455722635562e+00
2.035313595397916675e+00
1.880561691478063180e+00
1.970276225016673877e+00
1.956196912954515366e+00
2.071083041313995121e+00
2.161445974089415412e+00
2.205705294783270265e+00
2.126161931982335940e+00
2.124014988869844522e+00
2.087683911975088957e+00
2.098196420094910586e+00
2.191760898434877980e+00
2.229123168507830766e+00
2.455160323569603786e+00
2.364812774996055911e+00
2.515254482553531457e+00
2.333758462024304148e+00
2.275127474124170046e+00
2.224194693715355609e+00
2.408963765503584931e+00
2.451013577948080613e+00
2.551195043905483573e+00
2.613494284470781803e+00
2.672410205139778228e+00
2.623134778616511120e+00
2.727817114658841469e+00
2.718459052067458970e+00
2.709194014580778465e+00
2.711927681213558650e+00
2.720774675733098391e+00
2.709862810912884612e+00
2.817267819812548257e+00
2.728145587196912025e+00
2.728126339735975847e+00
2.878637932202152694e+00
2.852185515077055644e+00
2.717923548601131056e+00
2.822473298453678670e+00
2.949611656803875270e+00
2.815350235684056290e+00
2.952372243223715387e+00
