2.132480599880017890e-07
3.689334931699588815e-01
5.663538700529368031e-01
4.527526304387400335e-01
7.435867199490929780e-01
8.209778693409085504e-01
9.529720718418447367e-01
1.176983336730609953e+00
1.115450399346297639e+00
1.098060237366083935e+00
1.162044839732361945e+00
1.186504743186785893e+00
1.319189561825783397e+00
1.218826683024349933e+00
1.112160382797356961e+00
1.355222218884155838e+00
1.378538286796047618e+00
1.177015334735108887e+00
1.148235250233406335e+00
1.166373208109768189e+00
1.243412457119572823e+00
1.194812517433303523e+00
1.230569923014724454e+00
1.309231386198192792e+00
1.542043399908390899e+00
1.688486546775251229e+00
1.840869683449944727e+00
1.897149821972296202e+00
1.991655287715616396e+00
1.962484908160707198e+00
2.001251182773458037e+00
2.090393625841880709e+00
2.194735713946813327e+00
2.360032092104748180e+00
2.405131790760006272e+00
2.267615750051329648e+00
2.393394600338500045e+00
2.220844523965738837e+00
2.235611833464954401e+00
2.192469252342919894e+00
2.418047349741831997e+00
2.372902347870370576e+00
2.379318144597581064e+00
2.297199334572937790e+00
2.442592611118227008e+00
2.401871118183352749e+00
2.166469391342813910e+00
2.155583519722537478e+00
2.229229012414766675e+00
2.207821861782098161e+00
2.175758397434205182e+00
2.224938447537125885e+00
2.389474809618031159e+00
2.403536411965394581e+00
2.568836195504882625e+00
2.430563930299523889e+00
2.624064669516385173e+00
2.482845249290733136e+00
2.588142288750067799e+00
2.690417980587622271e+00
2.500875806067034635e+00
2.356888655796038456e+00
2.421397071346718555e+00
2.554410077853122907e+00
2.603601899482455018e+00
2.592940273176194133e+00
2.537720950126080233e+00
2.466694905579708053e+00
2.470680453577605018e+00
2.417518675374646264e+00
2.229613124386305767e+00
2.086433294914662451e+00
2.066953067117113907e+00
1.896406832961584188e+00
2.004271568960192873e+00
1.997925611997906303e+00
2.054375049184516300e+00
2.107579719946105268e+00
2.011599070810169643e+00
2.022278206333066652e+00
2.078189038857364945e+00
2.249027860204857898e+00
2.273866809487612439e+00
2.237275882284333939e+00
2.212688302816058439e+00
2.201541264631825090e+00
2.178959801624462234e+00
2.285350510921998701e+00
2.421639341470865237e+00
2.685572455960850036e+00
2.801491191592285990e+00
2.583448381846999098e+00
2.965120851867760532e+00
2.963456671284209865e+00
3.040617324005854716e+00
2.918147094276453135e+00
2.856744437022989302e+00
2.940016255539231960e+00
2.933821182098133917e+00
2.882173299647117659e+00
