3.015782985847834980e-07
5.860759928313598044e-01
5.545796429039195896e-01
7.501460956100065580e-01
7.041370593134345102e-01
8.526643889691738476e-01
8.367014284197873408e-01
1.027767366266814308e+00
1.291420492258892772e+00
1.366703019248362461e+00
1.268721244091148836e+00
1.267820233431601995e+00
1.430267102834874571e+00
1.464633918555777736e+00
1.686584423758905604e+00
1.474638342060574425e+00
1.378707943626951149e+00
1.525883828810813192e+00
1.551223076147384639e+00
1.316719943478351640e+00
1.282113123941943655e+00
1.450179704753449039e+00
1.564896515255910892e+00
1.320024907626563770e+00
1.498673821237966886e+00
1.803499491283923728e+00
1.810026420243495915e+00
1.667894601685177003e+00
1.641510067451448895e+00
1.786854273200322973e+00
1.573315343492782015e+00
1.700444927177535037e+00
1.742759709915661537e+00
1.671221287651529552e+00
1.767690175903767091e+00
1.774021947426150270e+00
1.662298335243961089e+00
1.701043534420067393e+00
1.721591823784998976e+00
1.902113411952096822e+00
1.976927227684685873e+00
1.916181253487933889e+00
1.875651146412589343e+00
2.212645401371188481e+00
2.172425067938573484e+00
1.939888644640831883e+00
2.039619292663501060e+00
2.187500571838690178e+00
2.283517533431609792e+00
2.355784769021619152e+00
2.533054079903247491e+00
2.452793985959321521e+00
2.538862874011307280e+00
2.885839552033798494e+00
3.078309530840907193e+00
3.032369473177549235e+00
2.969702134086345868e+00
3.055375755903391166e+00
2.848100167255871007e+00
2.949590935882869580e+00
2.941209650572339740e+00
2.799766178738629208e+00
2.703287701274097454e+00
2.830333783966555661e+00
2.848894247785319411e+00
2.827896115255526421e+00
2.865995482517748716e+00
2.841828434335073705e+00
2.817882976981497034e+00
2.781369282498160178e+00
2.767742872372942919e+00
2.711667280438155192e+00
2.609644338304683231e+00
2.658722341392893096e+00
2.791921277422007019e+00
2.961115881500441915e+00
2.715673508571688100e+00
2.736706325166177844e+00
3.019155275747857914e+00
2.959901174551422542e+00
3.055795841981260974e+00
3.089154668351743460e+00
3.039699742212985889e+00
3.407149154876642605e+00
3.355032384631843279e+00
3.166066703635521673e+00
3.281894102938449187e+00
3.334017695951051241e+00
3.476618135014744038e+00
3.517843722186345001e+00
3.515706550276134212e+00
3.501843643256368210e+00
3.721840167826751866e+00
3.533116578737214297e+00
3.798506003339618520e+00
3.763730718906106443e+00
3.769927526342881308e+00
3.716909185547791594e+00
3.711749394775127442e+00
3.651018705150353760e+00
