4.264961199760035779e-07
3.731121924863934902e-01
5.748964925469014497e-01
5.431401244626956615e-01
7.129551624376870844e-01
7.178623725073371986e-01
8.110524056815463512e-01
1.003508138420723839e+00
1.156801163777452457e+00
1.053269621699065128e+00
1.005422832694983448e+00
1.092389735170456344e+00
1.072764998863013908e+00
1.046751818677836399e+00
1.039002791220948518e+00
1.024539739843582042e+00
1.049174234231525782e+00
1.049887916262501220e+00
1.006254356827226637e+00
1.111335884220367554e+00
1.049667636086460076e+00
9.331961083874634744e-01
1.076665082414306474e+00
1.296621192157522140e+00
1.561200030929151605e+00
1.422915369356077209e+00
1.437470571877362380e+00
1.544410445603018101e+00
1.432453839940305063e+00
1.605104434049396733e+00
1.409163195203549490e+00
1.378203909465878452e+00
1.580322326368668540e+00
1.852175116841951796e+00
1.689556341772648906e+00
1.631114043709545047e+00
1.540192153724126323e+00
1.384318478602282854e+00
1.401584470605479193e+00
1.395672026553700373e+00
1.390105623108470967e+00
1.346580791942363353e+00
1.421091508173294438e+00
1.421416202829796305e+00
1.477871128551260238e+00
1.742361098416000065e+00
2.063570997060996781e+00
2.115750848232909931e+00
2.162674582398040002e+00
1.925246152614548789e+00
2.157411689521324227e+00
2.190461097578796146e+00
2.203294859347584289e+00
2.171037343344591530e+00
2.293654917115012015e+00
2.303393887425845499e+00
2.322641736120154565e+00
2.036817222400771232e+00
1.925747156015964690e+00
1.594810076881540750e+00
1.782204569925259552e+00
1.685236190498342612e+00
1.911364927600608166e+00
2.174110755143503493e+00
1.997737206170580704e+00
1.957977396083509847e+00
1.905616157503848163e+00
1.708064606911417593e+00
1.721310527896460218e+00
1.619019014901380116e+00
1.811892431812060389e+00
1.966922317704819845e+00
1.947371079230562518e+00
2.077053498288345068e+00
2.116155685373111162e+00
2.173024536251593197e+00
2.041187820094852778e+00
2.033059033321128251e+00
2.121859570690728169e+00
2.047205604257402278e+00
2.125261386281154685e+00
2.242877571939283055e+00
2.273876012032784999e+00
2.112108299824321023e+00
2.219570159673105891e+00
2.518422917105523240e+00
2.433087138995543075e+00
2.548877945466264450e+00
2.559074317861711023e+00
2.444815751574764828e+00
2.432639007088189587e+00
2.463165690199454527e+00
2.516955807959568858e+00
2.653500153578296494e+00
2.538201014664940747e+00
2.433045053062955265e+00
2.324789622198501604e+00
2.338197608708528552e+00
2.163001794062958005e+00
2.111274864522845185e+00
