7.688768146799612276e-07
5.047020405586007952e-01
7.439416868525410287e-01
6.619817122676302512e-01
6.766143794075020201e-01
6.957292062664540699e-01
6.638157338133607865e-01
8.926281616839313315e-01
6.654744692257665850e-01
8.096607031036000546e-01
1.050196776826707978e+00
1.054267264240746016e+00
1.049148104028753803e+00
1.197054357273362957e+00
1.020834069389872312e+00
1.012007286365689929e+00
1.019921625783653196e+00
9.913895755344830363e-01
1.229698651755366523e+00
1.014827429037509221e+00
1.272926414577068455e+00
1.262621894671918543e+00
1.499935761597084971e+00
1.517676726636874918e+00
1.387985383119017868e+00
1.415241782536851955e+00
1.299632651121336968e+00
1.603946076238786489e+00
1.791890874767441577e+00
1.883022224953493584e+00
2.063845021130544133e+00
2.028998844050164951e+00
2.183794768574709888e+00
2.080128874854522358e+00
2.333613381535321718e+00
2.434933898988745238e+00
2.483294279000362703e+00
2.582574866808424741e+00
2.502388900964981566e+00
2.283797541021586497e+00
2.327402500721983181e+00
2.512603869938247581e+00
2.468291253464850232e+00
2.628510402874235652e+00
2.739674364928120109e+00
2.744212964577549041e+00
2.622502442601131634e+00
2.709073037708223719e+00
2.596092649633647387e+00
2.392465853842519419e+00
2.186291945360200550e+00
1.873821958350348371e+00
1.926289466047656829e+00
1.814475098884648308e+00
1.717323256844669022e+00
1.753536114830280601e+00
1.714094227935882397e+00
1.885837021267480651e+00
2.153328186516231924e+00
2.283340309791646927e+00
2.514588224241133929e+00
2.244395911809276445e+00
2.090248955293208866e+00
2.190466263860296525e+00
2.292729689672449833e+00
2.385390569896593149e+00
2.307117619027254651e+00
2.458299434823318030e+00
2.557965796485353049e+00
2.377799472766481959e+00
2.299668939870378459e+00
2.371871120383316267e+00
2.627679280956019436e+00
2.521244123196348053e+00
2.658240807618037493e+00
2.486140256875991383e+00
2.420377586933387892e+00
2.238106447233708440e+00
2.076376681876516805e+00
2.405703276403076796e+00
2.499617755490072479e+00
2.608423693904269758e+00
2.586621181423127691e+00
2.680666277020024246e+00
2.592167974392779684e+00
2.676697496183263691e+00
2.571979356671205252e+00
2.321077890771038987e+00
2.408045465127934825e+00
2.295505538150396596e+00
2.341294451680556943e+00
2.405155437240622085e+00
2.505227693853982363e+00
2.674679175343401383e+00
2.392321301423683710e+00
2.234758039285413389e+00
2.279317476865136527e+00
2.466477396814877654e+00
2.315144655221073933e+00
2.177663918686993938e+00
