1.507891492923917490e-07
4.645545129983981725e-01
5.691208514374560545e-01
5.849255947729008476e-01
6.284210144235340412e-01
6.813969902995001826e-01
5.867736455056218325e-01
5.161868898492275592e-01
7.226896400954549993e-01
7.861201049784710682e-01
7.847498536355659304e-01
7.557089890008655830e-01
9.314828222512845368e-01
7.466594869173228677e-01
6.363322771954734725e-01
7.163309526877843503e-01
6.729858410919732359e-01
7.045062910836284997e-01
5.607975751481403259e-01
5.718588891056891610e-01
6.295498962370548179e-01
6.341945100165808924e-01
7.573366719831334803e-01
6.232213407067384026e-01
6.601040058589411341e-01
7.841412348255526465e-01
7.878915474780399109e-01
7.605202343071097992e-01
7.182903675300091884e-01
7.476743882465392010e-01
6.360890676096468965e-01
8.430738053879781591e-01
8.399814926554047823e-01
8.737083604549331639e-01
9.437407243632317533e-01
9.018422585520762258e-01
8.235114987110131457e-01
8.664972150164795828e-01
8.946051511068414674e-01
1.030642753121394417e+00
9.891515561421364566e-01
1.084218050847773895e+00
1.156167386805139197e+00
9.306509665888468286e-01
9.062535067764079244e-01
7.907774811854750840e-01
8.541125487520360160e-01
8.025221058216976955e-01
7.406031116252599356e-01
8.562702840276663618e-01
9.026057694261411246e-01
1.050805120122302760e+00
1.113431152556091597e+00
9.510670212835220516e-01
8.580753209668743331e-01
9.844608163095622810e-01
9.219574754385612136e-01
9.012081452976514750e-01
1.235496461626266029e+00
1.231948894321189147e+00
1.279973596479849762e+00
1.212127573949059567e+00
1.116515385251254155e+00
1.146125840706343268e+00
1.153129889225721794e+00
1.197623540260601249e+00
1.056475925333830057e+00
1.117449119883832998e+00
9.572306191967336897e-01
1.211678589463744071e+00
1.189908723936045076e+00
1.184899837899094921e+00
1.005530428100361862e+00
1.240512966136477546e+00
1.070649659668703402e+00
1.178929479807909075e+00
1.293244838350475101e+00
1.307861005416316003e+00
1.135220769200430135e+00
1.132975019064448086e+00
1.249040445145354505e+00
1.105954755617012175e+00
1.037106293524648670e+00
1.197111586894712199e+00
1.075584064561579289e+00
1.091762435727644975e+00
1.113008094160045758e+00
1.242170381925710831e+00
1.183472972207790797e+00
1.213235756319145375e+00
1.177218300781709637e+00
1.250668248837773833e+00
1.479210779314911850e+00
1.330509855096305483e+00
1.290816812463702057e+00
1.387409582714334455e+00
1.416969512008139587e+00
1.535960122396262451e+00
1.654785576873343933e+00
1.434324206240784827e+00
