2.132480599880017890e-07
4.377686904577936522e-01
5.620936497004187515e-01
6.183893708180373538e-01
9.172961552398636309e-01
7.185829310258693425e-01
8.995886200854892323e-01
8.436029985417617949e-01
1.022647023233443253e+00
1.173713392046501935e+00
9.583141802432646461e-01
9.103661857037241845e-01
8.993305693905327969e-01
8.707667456890594293e-01
1.088721028249670653e+00
1.084209880246479685e+00
1.187549353723393653e+00
1.098920565564569962e+00
1.009005035472638756e+00
1.061620979128894415e+00
1.146829005621378128e+00
1.199835277850568982e+00
1.274725693124842962e+00
1.316137811748682385e+00
1.320979542802516393e+00
1.554552017635563388e+00
1.421909755066250725e+00
1.540885359027357682e+00
1.431681534637295528e+00
1.297999842504484747e+00
1.310361624260569346e+00
1.211781869892925689e+00
1.327961118423812481e+00
1.311351741384865877e+00
1.054273298520790769e+00
1.415643151725652249e+00
1.515926151106262054e+00
1.398815089912418541e+00
1.458480352762879795e+00
1.303211536839124163e+00
1.438296131906860120e+00
1.454127768730139492e+00
1.469718549637113014e+00
1.631915778681640061e+00
1.552245019659785452e+00
1.610824650724817841e+00
1.672077353344559425e+00
1.658130113355221535e+00
1.523413550735278621e+00
1.287092849209391821e+00
1.354631495932635543e+00
1.593060360242681384e+00
1.629611457902798932e+00
1.809841180640472835e+00
1.819736265994408742e+00
1.861130356627141547e+00
2.063139960619795321e+00
2.256234691255933011e+00
2.341151426545868830e+00
2.092738858717006600e+00
2.167309188621027172e+00
2.283441654138144372e+00
2.208487523444686573e+00
2.360210364546650119e+00
2.324642525984523367e+00
2.300023225941313143e+00
2.136842750322613949e+00
2.301262379251481249e+00
2.316711463687298078e+00
2.177700269474110772e+00
2.098878529212596877e+00
2.121327685522272244e+00
2.154536345001334396e+00
2.174306854993397486e+00
2.106633314011269409e+00
2.218594502934940316e+00
2.043754375343250551e+00
2.272947447868044257e+00
2.286651093339498786e+00
2.435574385267761599e+00
2.736022922971209859e+00
2.731123433789587995e+00
2.886752803108222132e+00
2.909350501865371363e+00
2.941779150440360979e+00
2.940070269111321188e+00
2.859002487434464612e+00
2.927582038871543002e+00
2.985512169369632485e+00
2.911185012119177351e+00
2.948430552082880851e+00
2.751756762876359286e+00
2.996474559437998231e+00
3.118280452807363101e+00
3.046797616577701984e+00
3.033451213615485198e+00
3.076918705602456949e+00
2.987574542279982204e+00
3.261674294890948733e+00
3.076314669564645943e+00
