0.000000000000000000e+00
4.418730752549603902e-01
5.063906507409170477e-01
4.923971404983591427e-01
6.445371980070860873e-01
6.893744711933720293e-01
7.480121228267048172e-01
7.860175178847066402e-01
7.823743538847847123e-01
6.910078625735139868e-01
8.023846833885237562e-01
9.323287395058091898e-01
8.881470449994881555e-01
1.048695274618259621e+00
8.974383822665503718e-01
1.048931042335295771e+00
1.103428418384708731e+00
1.073974519072951717e+00
1.204157671832578602e+00
1.289491769365033846e+00
1.041761188274783478e+00
1.044044504614780378e+00
9.179537308450053112e-01
9.835486002006025297e-01
1.117006544289726788e+00
9.249298750616071763e-01
9.482766689557209361e-01
1.033806436218841718e+00
1.285196378884179591e+00
1.251943799262213330e+00
1.309268264412533300e+00
1.492310151726092382e+00
1.404539920570471390e+00
1.701329331475579965e+00
1.563483452327757206e+00
1.563156110398120635e+00
1.554256051932453087e+00
1.655870831825754452e+00
1.593106305101856579e+00
2.030684902150749593e+00
1.988506775825709783e+00
1.957245979466772479e+00
1.764603965243689121e+00
1.841284354796780098e+00
2.082348576212945002e+00
2.052415928556558189e+00
1.925379671038439433e+00
1.815592716310188814e+00
1.943161706249171949e+00
1.937818097811167650e+00
1.927847275367059687e+00
2.040569246453427521e+00
1.926834441982316459e+00
2.141208404789748165e+00
2.082469320808176594e+00
1.774361430502056081e+00
1.588071985267447417e+00
1.709318037319362382e+00
1.887054539327887248e+00
1.801588940290451912e+00
1.534541726173325848e+00
1.716267374876238705e+00
1.802026173743431769e+00
1.911073114545794649e+00
1.797847742574758323e+00
1.545560558724348832e+00
1.701085271593409942e+00
1.802590776056205657e+00
1.677133948989551371e+00
1.708015911626062033e+00
1.652126775390029279e+00
1.681415058380002270e+00
1.468898708018123278e+00
1.690321632066508650e+00
1.907824399875061028e+00
2.050599418075337077e+00
2.017257452395393447e+00
2.393228430131809414e+00
2.288181249612222246e+00
2.388733773230811597e+00
2.438256567775965333e+00
2.102807542039590416e+00
2.365043374804404408e+00
2.444325673836055479e+00
2.569454057408131487e+00
2.311812476756326173e+00
2.403566666365508642e+00
2.689880661059888212e+00
2.612425454924722779e+00
2.453369332386627466e+00
2.760653371863408090e+00
2.992752994457091642e+00
2.863720325831098812e+00
2.981734063922888645e+00
3.075089981018283236e+00
3.065611813021564380e+00
3.195374149111199991e+00
3.065313626991043261e+00
2.687846795958239277e+00
2.622734738221657924e+00
