2.132480599880017890e-07
5.751623430917660595e-01
6.772298822828813902e-01
5.499858569023116095e-01
5.086060982321607415e-01
6.733286840254065764e-01
5.228159996383974217e-01
6.340301245708490629e-01
7.802137728598715904e-01
8.100221429535072737e-01
6.953052380410935651e-01
7.652094794098284192e-01
9.152398941417524414e-01
9.971813618970714055e-01
9.232224509087572084e-01
7.336968070337180903e-01
7.703294904283863875e-01
8.930766264836740298e-01
9.750347382471278301e-01
9.816434617400876528e-01
1.098215314990742764e+00
1.149430702778914126e+00
1.213419232083002619e+00
1.278691974638017426e+00
1.133916510898011154e+00
1.288925496943639004e+00
1.136075146784498724e+00
1.086268011729531136e+00
9.906417081203633401e-01
1.131220482021211060e+00
1.168830388642563944e+00
1.244091389536633896e+00
1.161791517258445205e+00
1.258894349700307780e+00
1.433002570959828414e+00
1.494629844281484266e+00
1.551720386922452288e+00
1.568129980119292499e+00
1.509102196457093203e+00
1.603734702680222890e+00
1.515891432340120026e+00
1.652629838594735778e+00
1.556173904177014844e+00
1.415858840222901316e+00
1.323701480582632373e+00
1.383694193560736974e+00
1.445378476028698955e+00
1.208166084398928586e+00
1.315944362548765456e+00
1.361377390555247979e+00
1.316174871251867273e+00
1.255765491046429316e+00
1.430740615180397191e+00
1.423506445407751286e+00
1.620148887009596805e+00
1.402712434822313448e+00
1.326450334673801024e+00
1.326359233112243796e+00
1.257113247246341992e+00
1.179532266520203487e+00
1.373591600045348748e+00
1.504281748286826481e+00
1.461850508247272362e+00
1.614556345310165897e+00
1.477422994277969082e+00
1.368016453808666988e+00
1.354759685399619773e+00
1.568287905476727584e+00
1.701838975030021572e+00
1.629764342368425600e+00
1.694197759626843158e+00
1.716861234951326587e+00
1.567314374647936992e+00
1.591174642649684001e+00
1.702528452769601186e+00
1.656320949994130487e+00
1.681766213214084704e+00
1.639327582808401740e+00
1.765979652840378389e+00
1.858529414547579917e+00
1.932875745078216356e+00
1.898111890779585753e+00
2.029857432753809032e+00
1.921433868506643217e+00
1.953863968646354365e+00
1.772974075026153562e+00
1.818259148490602106e+00
1.488686157666657017e+00
1.564365311412956094e+00
1.725695971998775002e+00
1.632452468496644160e+00
1.739573114926745934e+00
1.614809092294223758e+00
1.499069338607236679e+00
1.513470247502654020e+00
1.478366860411929107e+00
1.552240698097300475e+00
1.600580524655749404e+00
1.414692466656995773e+00
1.584823108168322836e+00
