2.132480599880017890e-07
4.690146123727192973e-01
6.731230814277360253e-01
5.505962754864633935e-01
7.305657251511996630e-01
6.808532637586429681e-01
8.441881580457150092e-01
1.098501445144066224e+00
1.164777562510754372e+00
1.356664149204928949e+00
1.432478597259574826e+00
1.719902812662634117e+00
1.658351594519494210e+00
1.663766129434357088e+00
1.649679778908010874e+00
1.573232592048369405e+00
1.577747339370318969e+00
1.482863825835636584e+00
1.546398811105114790e+00
1.575283185115607498e+00
1.773109209350077098e+00
1.515491441723318955e+00
1.535457294602969647e+00
1.479747834975758236e+00
1.416795972117529168e+00
1.470860496049328558e+00
1.583516971303111864e+00
1.505581083344148308e+00
1.668851616630701695e+00
1.689111293594273366e+00
1.589777027217815331e+00
1.597232939340722524e+00
1.464714970094309843e+00
1.715428016219695317e+00
1.651918476621889287e+00
1.633169233632052020e+00
1.940178419990055358e+00
1.538073406072772986e+00
1.501252061217785538e+00
1.698545735904491316e+00
1.584656464482247840e+00
1.743149413046859664e+00
1.721022069157913226e+00
1.913229258200043414e+00
1.734524902684421166e+00
1.718080976548868044e+00
1.592636963283943219e+00
1.736098203459939260e+00
1.896849150558846953e+00
1.832022621342425106e+00
1.750466271949307595e+00
1.800331849078154134e+00
1.727281933963345617e+00
2.020624136302100915e+00
1.961128948465337585e+00
1.986955864853823250e+00
1.832321673633893644e+00
1.754104611563724658e+00
1.690107330013525866e+00
1.435892041856964507e+00
1.370615655649237929e+00
1.361479877323060750e+00
1.583721137539888080e+00
1.573829737249338168e+00
1.644131470366728687e+00
1.686832122573175274e+00
1.919212209787127366e+00
1.991086196599275437e+00
2.226377420737063240e+00
2.143095397467329022e+00
2.052429301546302653e+00
2.187812047592178288e+00
1.813737927224308155e+00
1.735820705276943876e+00
1.775143298218370802e+00
1.626748381427037149e+00
1.699226393063943519e+00
1.539426164851193102e+00
1.856175557194970516e+00
1.759193445316028948e+00
1.635773799045364241e+00
1.774889177612069435e+00
1.885207535326519857e+00
1.754863940969696001e+00
1.881013292160488293e+00
2.014519708779378249e+00
2.368019976335257848e+00
2.204049042181319695e+00
2.461878976574688238e+00
2.581775958517321445e+00
2.458858685978417391e+00
2.638432322465447122e+00
2.546626314764954824e+00
2.701190781770725469e+00
2.479553707783275662e+00
2.394942971162215439e+00
2.225897921155525871e+00
2.272221247364217156e+00
2.165020986790135549e+00
2.118537949064176473e+00
