5.642013342952361972e-07
4.437470030823146283e-01
5.701382711202828135e-01
6.826806131278511103e-01
7.800803279735517570e-01
1.073511634638742329e+00
1.237564934182443732e+00
1.286403614554751496e+00
1.348532120220335084e+00
1.363317222378781945e+00
1.447814328173726128e+00
1.366604243044140965e+00
1.503028155209530592e+00
1.527922871441600883e+00
1.390266074752320336e+00
1.447620057529269255e+00
1.620816056181468401e+00
1.845402163248659910e+00
1.992104572679729735e+00
1.983705037931067450e+00
1.995133990024479109e+00
2.082990815686073027e+00
2.021191939689212624e+00
2.270153319539649939e+00
2.340443983148836615e+00
2.325916627599073028e+00
2.520969601988008346e+00
2.613050550343802403e+00
2.561370353190184801e+00
2.695370121967440635e+00
2.821996022183311137e+00
2.754169004993368475e+00
2.930313701123002712e+00
2.836789898119568054e+00
2.922050380985722118e+00
2.968269686985956390e+00
2.955439368518079757e+00
3.101709387024127906e+00
3.077857032523946934e+00
3.054324940639372432e+00
2.912368628171432494e+00
2.979024088527799208e+00
2.889336828488940245e+00
2.944971535411430086e+00
2.800030799284237037e+00
2.572290923264220375e+00
2.829677501533914175e+00
2.607103930093996880e+00
2.649027140817288295e+00
2.641581640041918533e+00
2.816670297449627380e+00
2.890429371413278048e+00
2.718144789269341555e+00
2.762217745972336047e+00
2.687317332453095897e+00
2.969161608966051524e+00
2.897911030889131379e+00
2.707470109211155052e+00
2.782766116237781695e+00
2.596862153539660767e+00
2.589542709973029488e+00
2.681365874444415542e+00
2.611283314224718488e+00
2.617091689781540609e+00
2.737758151699282827e+00
2.766160559644926131e+00
2.906790257863442584e+00
2.969254010500286256e+00
2.830100603146045835e+00
2.760123750964057265e+00
2.862250163405782200e+00
2.862612785380844294e+00
2.877875249040880323e+00
3.100892226572862675e+00
3.078376386650216734e+00
3.298667444328197806e+00
3.139776102106119016e+00
3.274498183193372824e+00
3.071746797783049487e+00
2.973363152316185420e+00
2.998310667724194190e+00
2.856348482511297249e+00
2.747100653817157401e+00
2.786861701463950958e+00
2.789345726075161291e+00
2.795670648257861490e+00
3.055930438399779181e+00
2.912115361257857415e+00
2.911440827135272524e+00
3.071181672817183905e+00
3.130659030026945899e+00
3.211555876392453879e+00
3.168469627730317040e+00
3.215308484618698781e+00
3.282339263558871512e+00
3.050416569488533014e+00
2.851526108096026579e+00
2.738226675234473273e+00
2.772065100709572238e+00
2.838176908237032947e+00
