3.693564745147149106e-07
4.082429031752771720e-01
6.073168497482095418e-01
6.768376637275878016e-01
8.444269518516229756e-01
9.545805491408982935e-01
1.047719147097630366e+00
9.157269854199334702e-01
9.783452668720068468e-01
1.136404715966364609e+00
1.288448250400811679e+00
1.386364482595165537e+00
1.268741190271300390e+00
1.119793711788388935e+00
1.273701544215071646e+00
1.387451553503734614e+00
1.401101049030786250e+00
1.547577843436331202e+00
1.587090240681409803e+00
1.416187670742288240e+00
1.523075235544970374e+00
1.543610895356235968e+00
1.765143848352386913e+00
1.529053885878838948e+00
1.491041288363331052e+00
1.314775119825936756e+00
1.300564687461105429e+00
1.347844678757365910e+00
1.553485751481088473e+00
1.516071283001603653e+00
1.536675459121549236e+00
1.637661014739067111e+00
1.627857697609919940e+00
1.620505241826271092e+00
1.693286157882625931e+00
1.635117326835462404e+00
1.717552643033741111e+00
1.834371809897288319e+00
1.716269881198922986e+00
2.134573611291852746e+00
2.028162807543057777e+00
1.970565229489587900e+00
1.739094244003944301e+00
1.746871648822823753e+00
1.848950878468087033e+00
1.918771753226190535e+00
1.816791972240811015e+00
2.063101686072048135e+00
2.281029323203995762e+00
2.236026038401032423e+00
2.336434607601916902e+00
2.073145721614610082e+00
1.903907922333151426e+00
1.864913052230424695e+00
1.918795761114515885e+00
1.934001111570766485e+00
2.113328535467963398e+00
2.046387956512238038e+00
2.185853135609846287e+00
1.922137333202557530e+00
1.867048102461807746e+00
1.924239820410784230e+00
2.111556502302865734e+00
2.050569746902562773e+00
1.947413177655359151e+00
2.036218683234015892e+00
1.978410309352997665e+00
2.002870232453552113e+00
2.241411585936762485e+00
2.180742522020973517e+00
2.074704540216320225e+00
2.283880386295520371e+00
2.240244991552308829e+00
2.170316224772324887e+00
2.099524306776699767e+00
2.312072823768349217e+00
2.237031356985369701e+00
2.175739783692684171e+00
2.093932857667120118e+00
2.165017428369241159e+00
2.457213967688346212e+00
2.286874485890020292e+00
2.455745533830474336e+00
2.429532233440349742e+00
2.353462771579553969e+00
2.368007206057145986e+00
2.528485800441483633e+00
2.459074769698087248e+00
2.392593995525940986e+00
2.394227039367320398e+00
2.187093771903580119e+00
2.200715398538149348e+00
2.217335544629861932e+00
2.350589009686785857e+00
2.382645493435329609e+00
2.481264390677196285e+00
2.474909925576376235e+00
2.424514553460399569e+00
2.298865682006106415e+00
2.289463003719863554e+00
