5.642013342952361972e-07
5.053742055503616104e-01
5.868526458301568383e-01
5.862394701852777779e-01
7.425961059224107652e-01
7.610195200162850337e-01
9.735530766182142193e-01
9.691175741448678771e-01
7.593341556848285379e-01
9.199240836397590826e-01
1.008189530389358657e+00
1.064476580541222184e+00
1.226491215377524924e+00
1.184194144769006529e+00
1.168453039135191274e+00
1.185335439468041319e+00
1.264546660889890317e+00
1.271938182628553404e+00
1.304107148539843219e+00
1.166517408488862317e+00
9.958121524363682253e-01
1.022355188623071509e+00
1.192956294367222281e+00
1.130070827926008104e+00
1.108619090342140678e+00
1.110746984070166476e+00
1.387566977066357454e+00
1.453992292030193978e+00
1.655799108790100727e+00
1.686594996428682380e+00
1.778417798564264407e+00
1.702775697479358197e+00
1.815625625434023060e+00
1.526474927253246294e+00
1.592177229436612995e+00
1.604482305140370046e+00
1.630909927269296844e+00
1.508882243310460280e+00
1.420207721660777356e+00
1.706096430208535075e+00
1.677229779600528659e+00
1.852700321107550341e+00
1.878561393787216982e+00
2.083046900569649473e+00
1.862300135218151187e+00
1.857074276018448655e+00
1.780317585238643474e+00
1.825099219927110994e+00
1.925266200926215809e+00
1.921144688970799264e+00
2.188429801170812539e+00
2.257071124677557439e+00
2.295597077173265443e+00
2.353388186817826799e+00
2.304673308088143635e+00
2.428574183446724710e+00
2.292959091326874255e+00
2.379808432180686051e+00
2.549258563256653343e+00
2.319161965930337299e+00
2.374512598659402673e+00
2.615495478758144809e+00
2.649550438027805210e+00
2.438985871532546312e+00
2.617025085293100961e+00
2.905105246642946337e+00
2.844753740917798979e+00
2.901960818819694143e+00
3.064642161255493491e+00
2.780923292433196803e+00
2.999641885585546675e+00
3.074006876926933529e+00
3.126675545679547419e+00
3.093202236949073480e+00
3.189388872632449079e+00
3.062801064021233977e+00
2.756981086691636218e+00
2.763623323667688592e+00
2.780860956358363723e+00
2.784347118160418688e+00
2.818759713984884563e+00
2.663334651384896112e+00
2.725063981663026880e+00
2.566119836623728112e+00
2.569491728385201235e+00
2.446742501551174342e+00
2.390832771804897394e+00
2.263982290083601523e+00
2.079985449287451882e+00
1.908928385176755116e+00
1.896703290351410942e+00
1.870496081541918931e+00
1.956087734655298060e+00
1.921187707036121406e+00
1.851478796457591391e+00
1.704847088227038121e+00
1.594410859335644748e+00
1.468617345584396272e+00
1.546360812746213176e+00
1.399711806616178666e+00
