8.529922399520071558e-07
6.538346866855921924e-01
7.144834926466328007e-01
7.688881632638304708e-01
9.582538653855962041e-01
1.066092087983921299e+00
8.648067421855891723e-01
7.825807583001722634e-01
1.264514916736435790e+00
1.062829886786890388e+00
1.132106815948370038e+00
1.243379723639741030e+00
1.265948995749068162e+00
1.235963721312824948e+00
1.396589822898978595e+00
1.392881735447699887e+00
1.393776428636731124e+00
1.555329294919393979e+00
1.570618784657778377e+00
1.596130571351759508e+00
1.924671301819644631e+00
2.013324929737227542e+00
2.093434139790690818e+00
1.946570258661958874e+00
2.150630459166569697e+00
2.160115295575963490e+00
2.108425512143525360e+00
2.050595393499917485e+00
2.271807429900590591e+00
1.959666156826229688e+00
2.107348045060339903e+00
1.998080128135750977e+00
2.018562008570656374e+00
2.118055499211413562e+00
2.212704449554152131e+00
2.356078792506328234e+00
2.487672900370089479e+00
2.351800839311164903e+00
2.374250442647910297e+00
2.547180179842416958e+00
2.709974854198914151e+00
2.634333608975741647e+00
2.419663038541969069e+00
2.636257237976983969e+00
2.393564485434004574e+00
2.592126078490956775e+00
2.618142002204365326e+00
2.567542110455993676e+00
2.567607989949994174e+00
2.629207143927321244e+00
2.722109403156170782e+00
2.589685906867919662e+00
2.716000950777290424e+00
2.579724664097639675e+00
2.406759628063710910e+00
2.609377933949887041e+00
2.667217866381642377e+00
2.672141422332681149e+00
2.757259571462565173e+00
2.688637564384310785e+00
2.838137521152791276e+00
2.941135745660213185e+00
2.909423942705183563e+00
2.941592211923915734e+00
3.036542437138590955e+00
3.006709629056294464e+00
3.142969305203616948e+00
3.343004721839430537e+00
3.428077429418275202e+00
3.442451551163061119e+00
3.140973636029544380e+00
2.951578763630256841e+00
3.199577958737964245e+00
3.185612350538761017e+00
3.009138974121797538e+00
2.988971988962306536e+00
3.020808962693576571e+00
2.753946259094214088e+00
2.731609162445731265e+00
2.630758030629059441e+00
2.564805046551178247e+00
2.675875220885497452e+00
2.912399278467932007e+00
2.928938010630685262e+00
2.740742362116831643e+00
2.756416963870191861e+00
2.718867192074481132e+00
2.851441109519040840e+00
2.893408363696678531e+00
2.849663743465383092e+00
2.925022785782085410e+00
2.916396608255817480e+00
3.023121430474302596e+00
3.145181448630636645e+00
3.117443273950494032e+00
2.882200983938158156e+00
2.946043489750847844e+00
2.896866137411736819e+00
2.976004959421172824e+00
2.976212782325751149e+00
