7.387129490294298213e-07
4.713525378256328557e-01
5.419923620724030888e-01
5.364697708836516643e-01
5.874631331535389300e-01
7.864919570313516628e-01
6.828714182052700865e-01
7.690197241410203777e-01
6.566164207749175530e-01
5.816530621627424846e-01
6.878302677475693905e-01
9.184321185437261947e-01
8.418775041868844511e-01
9.717401603983337743e-01
9.364167066086461766e-01
8.435128914325099592e-01
8.707884186239850388e-01
9.963780151007192165e-01
8.173706007768281046e-01
8.495004556479939239e-01
8.719386778593621878e-01
8.480360346727472409e-01
7.887429700680822497e-01
1.071963399169247433e+00
8.699678028794460838e-01
9.573140211199728800e-01
1.103838961488902815e+00
1.083182808258599472e+00
1.058112506721233137e+00
1.112500288031440965e+00
1.041118505480344014e+00
1.240020232419298596e+00
1.086024828266975328e+00
1.107541459558352814e+00
1.146253440641973320e+00
1.100960968416292429e+00
9.375187163376490496e-01
9.953671963557337854e-01
1.008130449502701698e+00
1.043478685084802571e+00
9.891734771360962686e-01
1.237734122120396130e+00
1.164155611594460016e+00
1.418378978984947691e+00
1.287582394111014938e+00
1.319371432965539492e+00
1.231657067533672212e+00
1.393287838744887930e+00
1.441219254647492454e+00
1.396104302548621945e+00
1.514716322041797181e+00
1.540071273985287315e+00
1.521170965575439293e+00
1.504831646710326876e+00
1.733274489885666014e+00
1.723497078200653787e+00
1.702341706084057993e+00
1.923914480131928340e+00
2.028487905422768467e+00
2.109434929999533193e+00
2.193421562441435935e+00
2.420259749831327856e+00
2.442306575541389968e+00
2.405246317721717819e+00
2.381714311236486914e+00
2.295107469172515291e+00
2.285743789862715758e+00
2.191598605525261423e+00
2.157783231694421655e+00
2.166879518050197628e+00
2.106050874846498111e+00
2.153644318480158137e+00
2.068620297843101419e+00
1.991497755215007270e+00
2.324067808234795862e+00
2.446787573544875194e+00
2.419281143078840568e+00
2.419946051557744227e+00
2.613075895552361416e+00
2.563747766937765959e+00
2.645462899552413205e+00
2.629097551833357915e+00
2.755688919353110222e+00
2.615700797083984952e+00
2.652786472823666308e+00
2.616533682168643349e+00
2.904621599443345747e+00
3.030136981816004660e+00
3.093627779766294772e+00
3.042474508201400862e+00
3.135524613917825665e+00
2.944688033755106460e+00
2.951253387825663932e+00
2.949919064740091912e+00
2.906151140468965721e+00
2.920239646314069404e+00
2.855135634956991186e+00
2.836975859765619390e+00
2.910434334592407968e+00
2.979972990055219650e+00
