4.264961199760035779e-07
3.839410634400577949e-01
5.404253478431200186e-01
6.244933031551945790e-01
6.813371404767214479e-01
7.958630081544993962e-01
9.015133752341030204e-01
6.580909973289638115e-01
6.915690233777367357e-01
8.327274145634598890e-01
1.051485781490919980e+00
1.083198063020994084e+00
9.779989594979847656e-01
1.020928371688637926e+00
8.999619256719082472e-01
1.073667230795973371e+00
9.294958287353695114e-01
8.736271186294429780e-01
1.090123188404686250e+00
1.170659459249151713e+00
1.506995446433463393e+00
1.520179832479665816e+00
1.373591321488211614e+00
1.415794639922953069e+00
1.537772614524619552e+00
1.535597299374730218e+00
1.461916822033075603e+00
1.596091436975982658e+00
1.516403895712934213e+00
1.509384100233515991e+00
1.390678021271404496e+00
1.241363198123137668e+00
1.167573074045779702e+00
1.379279251045427923e+00
1.504025696910049170e+00
1.517072204801042767e+00
1.272709843587322087e+00
1.372114800285324954e+00
1.522469217788564810e+00
1.342401681825479365e+00
1.285891949439543547e+00
1.378498136638684812e+00
1.548621500026450715e+00
1.494750567085653348e+00
1.390112630828710838e+00
1.453807513188762224e+00
1.655949194843402417e+00
1.560670586913794011e+00
1.878445076976231753e+00
1.666886704608707248e+00
1.901525580905898849e+00
1.928310067834377861e+00
1.833595900738796969e+00
1.814942863548127061e+00
1.815141590778120539e+00
1.626513277206359742e+00
1.904023943858395684e+00
1.720515235536677734e+00
1.814129899966743453e+00
2.075601110664011539e+00
1.956898284383616682e+00
2.067907394725960302e+00
2.012611165934618196e+00
1.869040510732965288e+00
1.843046153114774599e+00
1.772371438259958243e+00
1.877617857190042150e+00
1.804365470687371298e+00
1.903804551454464367e+00
2.358743109744485089e+00
2.242656163964880101e+00
2.198996817793299474e+00
2.380176094511274876e+00
2.389465876560312729e+00
2.519881202351949234e+00
2.191857404503981144e+00
2.148808625365993485e+00
2.168653849334467587e+00
2.218847714465282284e+00
2.268649655855941916e+00
2.324461726839363251e+00
2.482637072116272492e+00
2.536042442025927990e+00
2.525563380955727855e+00
2.433096353652029364e+00
2.340577114354740029e+00
2.598177989666895282e+00
2.871087287720559544e+00
2.833975990749284080e+00
2.912900583469145044e+00
2.944387347435775126e+00
3.017060487942870406e+00
3.230666278272988023e+00
3.013745337361948717e+00
3.045554499128928949e+00
3.012845569143271174e+00
3.151269058498716191e+00
3.069444748619488017e+00
3.134386262190815398e+00
3.146465237851172603e+00
