1.507891492923917490e-07
5.361270592185609640e-01
4.434172726563063160e-01
6.607179801347173864e-01
4.931871715100720199e-01
4.973639148115480135e-01
5.051415780342918271e-01
5.285753917235874733e-01
6.112696273437574490e-01
6.458740926686474815e-01
6.884670934985752666e-01
9.156450552604309401e-01
8.232318362530397504e-01
7.405028711593900637e-01
9.000009174689943547e-01
9.546508629420912273e-01
8.865247388292842867e-01
1.014231753016064719e+00
8.201353899442032080e-01
8.504020552043148884e-01
9.534258365451873107e-01
8.336635750537623180e-01
8.434320429083268511e-01
6.707011262321963541e-01
7.090645467107938860e-01
7.117464379813690512e-01
6.604211429928361632e-01
7.794117482670059882e-01
7.619834724928480352e-01
9.916992948610505731e-01
1.100386427633561759e+00
1.069079372375683956e+00
9.825597619648903658e-01
9.700883136978781796e-01
1.183997888270059917e+00
9.933342671436840021e-01
7.955700102756383396e-01
8.309910065006566038e-01
7.414339598722058389e-01
6.627864303054766815e-01
5.521175815009309318e-01
9.318514891757929686e-01
1.077239426667828015e+00
9.317245794688147065e-01
9.818709570125216946e-01
9.906430975314124421e-01
9.738303419800267147e-01
1.064845878259820688e+00
1.098974508827594621e+00
8.800821710238422302e-01
9.376899295479043106e-01
1.018670791224476568e+00
1.135039312384716226e+00
1.055940236569116619e+00
1.238011105884732954e+00
1.227773445112594786e+00
1.319309894204985678e+00
1.256479010667691298e+00
1.245987412884620893e+00
1.412782377613092555e+00
1.270007215532064304e+00
1.216884420127112287e+00
1.121445869153431252e+00
1.344312369106507976e+00
1.371166988534952003e+00
1.587055485201547933e+00
1.551189081556396454e+00
1.361010430479104416e+00
1.290164784136238252e+00
1.558669512598345852e+00
1.588734539723361872e+00
1.611290056298757545e+00
1.638503606962015580e+00
1.518147915227534117e+00
1.489109592750432087e+00
1.566948119744928647e+00
1.585513081110387024e+00
1.430611607065888080e+00
1.671626368777456406e+00
1.946485436760696741e+00
1.823637750283506609e+00
1.586519474873427926e+00
1.357582236173081158e+00
1.380639197231900317e+00
1.403068925419175939e+00
1.307168467846577364e+00
1.214707661261892779e+00
1.128299461067195031e+00
1.312898548835474521e+00
1.252635574041514488e+00
1.460640000243277559e+00
1.569625841203721617e+00
1.581486958244167296e+00
1.468709084529971731e+00
1.570077456601844279e+00
1.780651612563590502e+00
1.802250246822811874e+00
1.748198236954515039e+00
1.757457336897066957e+00
1.751037750273832128e+00
