4.264961199760035779e-07
4.535464194496326429e-01
7.164666229539310427e-01
7.203569798915097078e-01
6.228223321410716329e-01
7.197538130567001646e-01
7.322269696920584714e-01
6.664714028358765807e-01
7.464214644034271595e-01
8.224123533835187017e-01
8.374554409364930452e-01
9.662692747865100351e-01
1.123561241014384038e+00
1.155336885798816438e+00
1.190738188515906737e+00
1.427156693898465223e+00
1.234276759649248989e+00
1.155715132957359170e+00
1.265922866795581303e+00
1.243736338963093102e+00
1.494566900170432255e+00
1.413958301914492122e+00
1.531729690792237530e+00
1.836301100146558563e+00
1.901718942913146249e+00
2.129683851004062767e+00
1.865519012407409027e+00
1.704457576058620694e+00
1.706223235131490767e+00
1.800215056072173025e+00
1.954950658639344585e+00
2.178972907942699155e+00
2.025541939994961904e+00
1.943358709076293600e+00
2.035330900612493110e+00
2.130809182986833417e+00
2.410765866372989841e+00
2.217716956041805521e+00
2.191041321783556040e+00
1.963134396086603228e+00
2.237792843331734005e+00
2.353546654631874180e+00
2.293704656532719266e+00
2.199025833685367637e+00
2.483163724300750719e+00
2.321518938687636258e+00
2.248037994589123123e+00
2.465639419760523587e+00
2.536646702946088627e+00
2.531003460670220306e+00
2.516587934190087861e+00
2.491245219476303951e+00
2.536559880152562396e+00
2.092323827160295746e+00
2.164222232033493398e+00
2.003896375864071988e+00
2.045299122963060157e+00
1.756746997558136236e+00
1.652094370530638789e+00
1.772789520205546143e+00
1.831266605928681734e+00
1.874368836843260278e+00
1.895131186684893221e+00
1.976193865115014381e+00
2.043382345757548180e+00
2.112926850337411899e+00
1.872198853632849103e+00
1.636214804624469998e+00
1.471504283434978522e+00
1.523986489305943159e+00
1.718036920411099011e+00
1.562977138561082002e+00
1.722554338180783517e+00
1.736383631037225594e+00
1.720716803610357282e+00
1.778321646389134036e+00
1.951337893045168581e+00
1.929695678071964737e+00
1.876036474156863365e+00
1.709831688764011925e+00
1.417258741750131668e+00
1.610269663387743133e+00
1.416172696310468826e+00
1.403065135497048033e+00
1.520853587013587527e+00
1.480765715896322554e+00
1.548505147203177001e+00
1.448803200062527941e+00
1.314768702216569940e+00
1.283773351752369507e+00
1.464982991157924852e+00
1.498400781300041729e+00
1.553215471730167829e+00
1.607797643095379758e+00
1.511492667828917336e+00
1.553103806678627796e+00
1.542698972895664600e+00
1.521972661688391959e+00
1.552688990343429998e+00
1.490754740948371904e+00
