4.264961199760035779e-07
4.009385372367937350e-01
4.254602816981149505e-01
5.492918872179607392e-01
6.152702327467857168e-01
8.219911467458448362e-01
1.161455700464401275e+00
1.081310562272705722e+00
1.226197185495910613e+00
1.587061703690193726e+00
1.857271669768459477e+00
1.907893948138604578e+00
1.657770037723613532e+00
1.740214423891484286e+00
1.960643910525170730e+00
1.877364411077783846e+00
2.199329876321347133e+00
2.020025831142117756e+00
1.899612890034813262e+00
1.945583905916071776e+00
1.913526093349784185e+00
1.732063473125821096e+00
1.766465980098220090e+00
2.040242878244403535e+00
2.141536794529702803e+00
2.167983199382704118e+00
1.896876734041060164e+00
1.854830584909678892e+00
1.930757310834659402e+00
1.949853989584473979e+00
1.951797999540191952e+00
1.779435358306120873e+00
1.802625536209418344e+00
1.944154111524241557e+00
2.153874733674374653e+00
2.064333701750004746e+00
1.959685268654484558e+00
1.809793297862986927e+00
1.876605254804580181e+00
1.894418670107095526e+00
1.760299333220527895e+00
1.852812362658390999e+00
1.809132655583705729e+00
1.895493854730211369e+00
2.110943862921976777e+00
1.867633873117865440e+00
1.899096903303610251e+00
1.777886350802002857e+00
1.664406722106338998e+00
1.733651084421900190e+00
1.626294218688783655e+00
1.557627057881383781e+00
1.615519724691115044e+00
1.740423562005876779e+00
1.681777072361942515e+00
1.569760158848728882e+00
1.215736968187578038e+00
1.332570276886780425e+00
1.431914484798822107e+00
1.477102093807262984e+00
1.490019487682695098e+00
1.461599491311187160e+00
1.262588558214182255e+00
1.443630649450279524e+00
1.554128045886851384e+00
1.577950875431048283e+00
1.517860237961315972e+00
1.902152232253698116e+00
1.969419253252718827e+00
1.991582470518046710e+00
1.979015744290341772e+00
2.072513127060212845e+00
1.951373033615974917e+00
1.987103913389470788e+00
1.997685238256915019e+00
1.854255986893612818e+00
1.892626901019869079e+00
1.746784091001238659e+00
1.610914126508270483e+00
1.500272534069039709e+00
1.582450986474275734e+00
1.468120630680233685e+00
1.590753007922217410e+00
1.709462114180083425e+00
1.676040831834010536e+00
1.749733457017690119e+00
1.774341885418911469e+00
1.606739278956270667e+00
1.481422314426744435e+00
1.472013579573918207e+00
1.383241488490451143e+00
1.518673698555361495e+00
1.571505515778067741e+00
1.425919592743790876e+00
1.555650252858573168e+00
1.510713537366341841e+00
1.595214351776108597e+00
1.544026253820141026e+00
1.484302666312686148e+00
1.556401555196496256e+00
