5.642013342952361972e-07
5.154468320142888693e-01
6.341554582856605560e-01
8.397749136185370666e-01
1.059309680459011416e+00
8.663609572372459322e-01
9.533920432095714936e-01
1.033322229870843545e+00
1.223294395614481500e+00
1.400912295719697109e+00
1.331866692260073037e+00
1.513701775934926941e+00
1.359508450957803705e+00
1.295778311976701014e+00
1.491415749334921603e+00
1.671918714959681918e+00
1.774196804843038544e+00
1.997582158278989439e+00
2.343747409339842935e+00
2.168885063575303196e+00
2.217919174320829523e+00
2.253744330642122318e+00
2.320445296771380672e+00
2.253718107602003418e+00
2.063164837082101855e+00
2.365443093120600082e+00
2.233823246755276770e+00
2.536462790141648327e+00
2.393948978761501589e+00
2.604086828512150564e+00
2.650486177872415805e+00
2.721335513873301082e+00
2.602607405974434851e+00
2.721392257508933543e+00
2.720938069674863513e+00
3.039913454573930807e+00
2.994611822261795897e+00
3.071996138534457632e+00
3.165531100849041213e+00
3.174070576043247716e+00
3.293975092217937828e+00
3.103698775793578779e+00
3.314601732643037924e+00
3.275889517029048292e+00
3.005399333525776928e+00
2.900049785197128749e+00
2.953720862881590303e+00
2.906361942259707565e+00
2.767526410768789802e+00
2.827239504913342305e+00
2.809443522344142075e+00
2.967748424523043216e+00
2.882145959549089476e+00
2.876758949234772267e+00
3.015674227026149623e+00
3.016410408799600873e+00
2.823462259955289877e+00
2.861531524984697761e+00
2.980678721399145914e+00
3.119011376916534406e+00
3.032005350019769452e+00
3.076235694263559139e+00
2.945358675134506665e+00
2.952716916452506002e+00
3.009491638262018931e+00
2.867262858599884723e+00
2.862143957552483187e+00
2.829624801771012610e+00
2.675527254879840555e+00
2.829690135658611716e+00
2.954511576025708575e+00
2.862373791118907107e+00
2.924565685212919153e+00
2.972961158621481026e+00
2.984885403887859834e+00
2.748066988056917737e+00
2.917613220766911208e+00
2.987608138327740193e+00
3.132808937061005938e+00
2.903167391159169775e+00
3.010027616958192098e+00
3.081678986219504868e+00
3.251478583099428388e+00
3.237096969258094870e+00
3.212305055662919351e+00
3.310391335701253102e+00
3.145864442018282858e+00
3.195695112830361673e+00
3.179590022844741792e+00
3.176867733698386598e+00
3.110008525180944172e+00
3.174488872381780347e+00
3.061348341517129423e+00
2.962577043746348782e+00
3.038454528410989397e+00
3.246429971987414120e+00
3.315211033868056045e+00
3.089599491420767396e+00
2.896620986821665689e+00
2.826287925558016223e+00
