5.223489356090222115e-07
4.869887529477070487e-01
6.173680747111878198e-01
7.668092344029083796e-01
8.878173293829333401e-01
9.314442779190528210e-01
1.042738081919736493e+00
8.953846814217594208e-01
8.039804463629782738e-01
1.191570814020663338e+00
1.192540447560634043e+00
1.113237152116097084e+00
1.138626560128516596e+00
1.139459563535342834e+00
1.022509121115045883e+00
1.341910319305958277e+00
1.405247245126972189e+00
1.560204194575554926e+00
1.537684947186451767e+00
1.404587374754965534e+00
1.535091348261404143e+00
1.533674246519525886e+00
1.782673223037676724e+00
1.532013858240799165e+00
1.563268353073676842e+00
1.621493335579269113e+00
1.559771228926455366e+00
1.283972759217723691e+00
1.297826787252702951e+00
1.422664220673417024e+00
1.325434394289693119e+00
1.291274280852507950e+00
1.331528907258515249e+00
1.171337163684842420e+00
1.237771626039663397e+00
1.115620395882094273e+00
1.172817222703978812e+00
1.190613768719064991e+00
1.328684645013029408e+00
1.180945227405098441e+00
1.318222840649494021e+00
1.424238664306238356e+00
1.412316430539014345e+00
1.428885027139567443e+00
1.646501734664303829e+00
1.451567137545726638e+00
1.424159052821184712e+00
1.397321093923319824e+00
1.458185950683341225e+00
1.444196577033471041e+00
1.547670392766539171e+00
1.352183357064951741e+00
1.293229871731333303e+00
1.300512075921365307e+00
1.101086642947989080e+00
1.150630675265659875e+00
1.254950646509539247e+00
1.361212962271252103e+00
1.689402518091810856e+00
1.649071887722860508e+00
1.824294379483111461e+00
1.897956130653145612e+00
2.318319598558610473e+00
2.174030559435613075e+00
2.324774405601450766e+00
2.160503965498457912e+00
2.139144277870382638e+00
2.341978806529862567e+00
2.048264613386311606e+00
1.993547978374244467e+00
1.857317379148756720e+00
1.826980231768775331e+00
1.660275870034838119e+00
1.727078329676600799e+00
1.876602067816904862e+00
1.812498568113443564e+00
1.822849603580420030e+00
1.649434490533991271e+00
1.827182303586932122e+00
1.839831251761247621e+00
2.170647776410951746e+00
2.327482062287736575e+00
2.450418607076624067e+00
2.537664202533446822e+00
2.523329615460007336e+00
2.219612824215219771e+00
2.489073272781411106e+00
2.390531026372621159e+00
2.527481178602627221e+00
2.554277869162665748e+00
2.520560068662581976e+00
2.791857679333951125e+00
2.505188569599023918e+00
2.656436877171486799e+00
2.597139314069001781e+00
2.564084851814881993e+00
2.486424190038488913e+00
2.570520050286683844e+00
2.959815385391746823e+00
2.907480683631761931e+00
