6.031565971695669960e-07
4.615556543005316925e-01
5.844580689039652333e-01
7.103360286371374066e-01
7.115453650080142411e-01
9.714040864005264453e-01
1.128281163439981638e+00
1.148932339421675941e+00
9.084889059614209561e-01
1.308327790152420622e+00
1.120684285983082784e+00
1.124645935641555683e+00
1.105872625448305557e+00
1.147279131925426521e+00
1.226863781551223775e+00
1.346172336300095917e+00
1.451445754959860057e+00
1.335609796720105713e+00
1.222919462791023593e+00
1.403939782309167050e+00
1.525901150651543414e+00
1.568269029592448183e+00
1.422944571160505767e+00
1.492360149331067420e+00
1.581088141944707592e+00
1.844166228932364149e+00
1.855891401404076158e+00
1.717737628060605592e+00
1.983514306065610189e+00
2.031115923708070259e+00
1.858625127693505297e+00
2.112623380552644647e+00
2.250558260389157628e+00
2.503718878672176462e+00
2.492661508818825311e+00
2.395126181895192108e+00
2.118183930049485131e+00
2.070382157477288487e+00
2.163340833627335424e+00
2.084479033119619018e+00
2.204051294768771374e+00
2.227108971456067010e+00
2.216637864239779265e+00
1.985655001432186983e+00
1.941517849666381412e+00
2.118522156016974911e+00
2.382727495316992794e+00
2.327728730442390148e+00
2.482196872236694052e+00
2.550517795449915415e+00
2.408718779603609139e+00
2.317554498281928943e+00
2.446372271661120479e+00
2.483150266363664205e+00
2.244922854476141705e+00
2.233800597685638767e+00
2.313798659192887630e+00
2.433653780513097331e+00
2.562219459915467734e+00
2.502803644818953011e+00
2.573529948092146302e+00
2.699620719583923911e+00
2.764001708208546848e+00
2.485032238628757106e+00
2.447015115749814562e+00
2.366199567630886236e+00
2.358929384331462487e+00
2.389011795297114826e+00
2.322320298458464993e+00
2.517251766406184643e+00
2.609760187559833522e+00
2.595184729617624697e+00
2.481939164883975035e+00
2.378614670822098098e+00
2.608324252277375077e+00
2.643475405413148849e+00
2.479494711412805863e+00
2.253741195082463733e+00
2.220347868254324730e+00
2.298217530727008295e+00
2.181851651078980936e+00
2.472098535381601181e+00
2.525593004394980134e+00
2.303080734948093511e+00
2.349661244911540603e+00
2.352116893278706655e+00
2.300476963257492180e+00
2.435347619852421097e+00
2.379613919629629759e+00
2.189926684276348290e+00
2.339659217138805314e+00
2.299051010536134143e+00
2.301157402420774378e+00
2.407064878168692079e+00
2.270240671679900846e+00
2.053116392760184983e+00
2.206422173039673584e+00
2.254592840039059354e+00
2.311473197811927172e+00
2.381873604890564433e+00
