2.132480599880017890e-07
6.562420908295288902e-01
4.700129179985639838e-01
7.612089492507733146e-01
7.736989250631262083e-01
7.483509100993929186e-01
6.732497370668343306e-01
5.866537855687776748e-01
6.830329842767056681e-01
7.438864740332603587e-01
7.312227649099221072e-01
9.549173347575057313e-01
9.787333879472227549e-01
8.666885232361623004e-01
9.392269250182712081e-01
1.042805719223787841e+00
1.011228237920502870e+00
8.959064978440312021e-01
9.673556839360427650e-01
9.032479201659934231e-01
1.114540432240016976e+00
9.948023233232642371e-01
9.624697709287888259e-01
1.006158842974538281e+00
9.674362534157896487e-01
1.035242887899612274e+00
1.040663335062212091e+00
8.677891578618048829e-01
9.682481701254944673e-01
9.208202163383704120e-01
8.917818584559749073e-01
8.830313307375098342e-01
1.010827372532277169e+00
8.626099821320910577e-01
1.035291608575371169e+00
1.143953914763234714e+00
1.099983671648814054e+00
1.233140383810425789e+00
1.355125579408913650e+00
1.370269233175954282e+00
1.390444000206147335e+00
1.083619694491289920e+00
1.209351583760776228e+00
1.241694483628720480e+00
1.157269461020853818e+00
1.121186990358845170e+00
9.866437403644859883e-01
1.161601250057981760e+00
1.033880652267306299e+00
1.179161060235338399e+00
1.057210060126042572e+00
1.119920928604818622e+00
1.193376059397863065e+00
1.135617618092934489e+00
1.090566244525908113e+00
1.228157197865179739e+00
1.414596914129051530e+00
1.296517970527668151e+00
1.314926990827034681e+00
1.185768738333690786e+00
1.536869357247988788e+00
1.333223659652800652e+00
1.614146337907075957e+00
1.448581546582535129e+00
1.571863961857999037e+00
1.613721955987316159e+00
1.770279244875742730e+00
1.813309070042147031e+00
1.666937156161930611e+00
1.856701526556275850e+00
2.029591270580205276e+00
2.136051330641941970e+00
2.083035971343272230e+00
2.040351600280498889e+00
2.139718303459380078e+00
2.170633725931136127e+00
2.107008605093030784e+00
2.111103917700877020e+00
2.139408453212229499e+00
2.232711748813831498e+00
2.248471107295372917e+00
2.063719834419390331e+00
2.059789194015175351e+00
1.815284685742885040e+00
1.667082848795197636e+00
1.700119228146523387e+00
1.641819260653667012e+00
1.510914148904716203e+00
1.582104596487608372e+00
1.573353208844684215e+00
1.538230523921077175e+00
1.488855810003695934e+00
1.475761910590502657e+00
1.598595646444119112e+00
1.314160719575259595e+00
1.357035536758006034e+00
1.395760109056916942e+00
1.363493177462052452e+00
1.549523525058807971e+00
1.392716985866379265e+00
