0.000000000000000000e+00
4.755154760732815955e-01
4.638509745657230510e-01
5.651707969738807291e-01
7.656918147064200042e-01
7.945990996368650361e-01
9.415566948512076317e-01
7.825068845903149217e-01
8.558036210325703497e-01
1.200065415543602354e+00
1.294693364173840511e+00
1.246027792388060274e+00
1.381297264982765505e+00
1.396990394747098962e+00
1.374667626235863027e+00
1.234444547566021066e+00
1.352639388001439347e+00
1.448146987278492004e+00
1.346705044767153137e+00
1.452481239316653516e+00
1.347349516058825580e+00
1.525478339779112957e+00
1.323878982181101005e+00
1.308139534885595312e+00
1.339229142799975625e+00
1.474762221736923395e+00
1.379871142634276460e+00
1.532406909401071937e+00
1.542938104144030209e+00
1.433581633143541811e+00
1.459795354372962262e+00
1.489523654260455299e+00
1.512743190491576906e+00
1.599021139983577866e+00
1.584164178711718662e+00
1.595921907735631029e+00
1.719018512395497300e+00
1.938445751694206409e+00
1.988771900128798009e+00
2.021926966259188774e+00
2.006299636973917000e+00
2.095654524101135951e+00
2.127112486587931173e+00
1.815441544427467857e+00
1.893911981161969349e+00
1.905040984503593604e+00
2.122551042211641814e+00
2.035340626984036394e+00
2.121228713231640750e+00
2.015504777692608052e+00
2.210117266517429346e+00
2.183870427836782202e+00
2.209135052641626462e+00
2.243592706137703008e+00
2.048159288751296270e+00
2.030793177280394879e+00
1.842051473304826548e+00
1.801991466450250545e+00
1.756302386993783715e+00
1.927353490778927370e+00
1.936123394169199763e+00
1.873198639061481652e+00
2.022943415163037439e+00
2.064638878726323235e+00
1.938839272350729726e+00
1.964891592998560643e+00
2.091092827243982377e+00
2.154978342449561879e+00
2.135801128342261990e+00
2.210059399926530777e+00
2.197257003018733723e+00
2.013254687383048136e+00
1.873458007095079036e+00
1.934423374281424080e+00
1.704594305281190270e+00
1.763498865771357726e+00
2.069975674539999311e+00
2.136853707208469011e+00
2.174233955515175509e+00
1.980364171837536214e+00
2.044719562075518748e+00
2.003292829464411451e+00
2.145021131488168198e+00
2.281788820162552245e+00
2.163829707473495123e+00
2.300935309932496065e+00
2.187663823194985646e+00
2.102565246018909040e+00
1.934876403490602303e+00
1.976430499470338997e+00
2.125489751586767895e+00
2.106581823523109964e+00
1.930997788925578051e+00
1.969954436006201126e+00
2.125578028481179604e+00
2.265763100423744625e+00
2.330175199177482614e+00
2.288926755043944716e+00
2.367986392019025832e+00
2.168367070683137054e+00
