1.507891492923917490e-07
4.786676761283384929e-01
5.485658630208462005e-01
5.256561822952711127e-01
7.164193122233136757e-01
7.868121857653049833e-01
8.802810808089809314e-01
9.487105238993701617e-01
8.842437480599419919e-01
1.021417542861528416e+00
1.135505630939775967e+00
1.148896182768990748e+00
1.290116327410525177e+00
1.219913811491287081e+00
1.183474843199024740e+00
1.214469270218293317e+00
1.191923510350646032e+00
1.354865708935858226e+00
1.224892024518332123e+00
1.157492437329173063e+00
1.337780630693249595e+00
1.344123172799393862e+00
1.222204856422351549e+00
1.340497005952196119e+00
1.409599762652996136e+00
1.384353731671911225e+00
1.336215115796576702e+00
1.420010815251975256e+00
1.481639513191206570e+00
1.422125172217660216e+00
1.534057870848044791e+00
1.487466294626546004e+00
1.409461828422418739e+00
1.306968156227559241e+00
1.493798891786927152e+00
1.454320441929100705e+00
1.328626314837777489e+00
1.441466251395235210e+00
1.471284252548939353e+00
1.421336229284534181e+00
1.436304535036232011e+00
1.512010283150821532e+00
1.527418301932570444e+00
1.410156620360818458e+00
1.396274536918106657e+00
1.296698754609236559e+00
1.256084707379213627e+00
1.343163188149478993e+00
1.398611348161301837e+00
1.460439693789186588e+00
1.260396943973388639e+00
1.335861044662899788e+00
1.341803105502082705e+00
1.280814606794818733e+00
1.265139082667395831e+00
1.357745216451768044e+00
1.392863291367621992e+00
1.212104943456433492e+00
1.225246731247603638e+00
1.156553787326435323e+00
1.420368450381447989e+00
1.344321574901261585e+00
1.358346672723931503e+00
1.394296397156960632e+00
1.283109100043566153e+00
1.264136662045532988e+00
1.268751601499001680e+00
1.286536040410889203e+00
1.268691349402687685e+00
1.338789445816370938e+00
1.126503543988114142e+00
1.354091291826071464e+00
1.286238588749869738e+00
1.370755309439158021e+00
1.118390666352506058e+00
1.225157221243214023e+00
1.252275181118130298e+00
1.305544829489266645e+00
1.275804024448176976e+00
1.265664820308895822e+00
1.293430596916265163e+00
1.467297072483748410e+00
1.539419880576244903e+00
1.548489822094736956e+00
1.704421082865051673e+00
1.715068685483216449e+00
1.727899455528179695e+00
1.779397629854861940e+00
1.823323620368708431e+00
1.856283280668800773e+00
2.075152548987983625e+00
2.077261071973280693e+00
2.073766437225919912e+00
2.203641455848379227e+00
2.242371110245295451e+00
2.189536253291306522e+00
2.032353896824442785e+00
1.969182504388583776e+00
1.750371430783971283e+00
1.835301718582829533e+00
