4.264961199760035779e-07
5.293908559084568033e-01
6.235573994190927172e-01
5.352096890596348411e-01
9.286023576640676236e-01
8.144341663305311174e-01
9.725838067775582907e-01
9.829731651020447991e-01
1.091071784826197266e+00
1.050385697929851370e+00
1.041597182280171952e+00
1.026376627982871659e+00
9.773779720402330229e-01
1.153520680694769984e+00
1.127659516010627083e+00
1.370875845504341939e+00
1.486843576012789381e+00
1.460320821946697434e+00
1.383820969028547010e+00
1.365049219716332862e+00
1.314473329100957599e+00
1.326005418811835090e+00
1.400018409729979707e+00
1.205030004631177043e+00
1.169690545121482517e+00
1.168820004961947934e+00
1.284063932075687031e+00
1.059872653381741303e+00
1.085672605079656572e+00
8.674293814181575080e-01
8.741708699210140043e-01
9.489969576556126496e-01
1.010770799609023385e+00
1.012511505899260422e+00
1.168390430314288686e+00
1.185943430152770484e+00
1.244789505822010200e+00
1.167944793119101154e+00
1.257282109041441664e+00
1.464329608440833708e+00
1.327813222676927474e+00
1.378612342431502658e+00
1.623702539477013929e+00
1.329568974090368449e+00
1.478449459173332148e+00
1.346354172679908423e+00
1.120378646042925030e+00
1.306883698220016043e+00
1.373890514316201683e+00
1.459364642328870865e+00
1.512568676978878424e+00
1.693854681658694572e+00
1.780257422156519276e+00
1.832887011974699387e+00
1.800608595763629749e+00
1.710738777616853890e+00
1.670354934551153248e+00
1.528768464396276450e+00
1.650009595094404702e+00
1.669553467763046584e+00
1.698761395803245033e+00
1.760096523520855882e+00
1.759481171578837211e+00
1.670897816803598168e+00
1.782047761176893674e+00
1.907584530636171172e+00
1.862174243317414657e+00
1.589332862914176081e+00
1.615955747465246839e+00
1.673213416182379731e+00
1.781423576786753005e+00
1.980997111316729731e+00
1.769971805149959998e+00
1.819728362934479593e+00
2.058221480804279135e+00
2.098113407575828315e+00
2.095212675816818582e+00
2.127568196805475598e+00
2.099470627863134986e+00
2.279076291590528935e+00
2.220904135808692281e+00
2.125932039108472615e+00
2.001626759215855866e+00
1.936987178177594693e+00
2.108447388966790736e+00
2.032026431022782020e+00
2.059918287947978488e+00
2.257627280445681173e+00
2.244781302495431063e+00
2.332870455442573654e+00
2.279297406380258462e+00
2.197085174940713870e+00
2.316212935961919239e+00
2.186988612481187921e+00
2.218448037669278339e+00
2.252590396984005761e+00
2.319335020724012431e+00
2.372549651842293272e+00
2.424243909193942059e+00
2.393502389783737083e+00
