4.264961199760035779e-07
4.153575430403906865e-01
4.383343183351377514e-01
4.897472861145731327e-01
6.736358564482261002e-01
6.146102211986858022e-01
7.596878470337039557e-01
8.811773781891594215e-01
9.479918522202186448e-01
1.123849645108346840e+00
9.497172331924021993e-01
9.364984746663054249e-01
1.141432548088749055e+00
1.035171296585290168e+00
8.553846181448836461e-01
9.693934028211331766e-01
1.028622200043526336e+00
1.003373765216105440e+00
1.011476778234955631e+00
9.522329021291726647e-01
1.085530782902089930e+00
1.040758162668937503e+00
1.177817865939241537e+00
1.266563231158557290e+00
1.215318503418192364e+00
1.342404357580803564e+00
1.215708386685348197e+00
1.151974967281154782e+00
1.309428129266663410e+00
1.260582576219194673e+00
1.333050289543451949e+00
1.402502166204172340e+00
1.452033437389020243e+00
1.629233749861603187e+00
1.479198365451871444e+00
1.257926238739835778e+00
1.229435557935680601e+00
1.320019637302109583e+00
1.392196368361078074e+00
1.336418838294257894e+00
1.261303797769562696e+00
1.392645135439027904e+00
1.233425963114648694e+00
1.391055068179444909e+00
1.524324931711535491e+00
1.324408408334915688e+00
1.376594317759071595e+00
1.365757340546939425e+00
1.527493869006529614e+00
1.385562427083131043e+00
1.289243182673955879e+00
1.276254614203064186e+00
1.426843942157628220e+00
1.358740131305124832e+00
1.697148785237376778e+00
1.613280342242717769e+00
1.715672536097883061e+00
1.838670713915211641e+00
1.845104271651550221e+00
1.766356149589919600e+00
1.648357372584083658e+00
1.709769734476630276e+00
1.809374365621348790e+00
1.758219268312716688e+00
1.699454780482071437e+00
1.798230531840650848e+00
1.893941750652513134e+00
2.036695760664650745e+00
2.158603850369971155e+00
2.138415589307380849e+00
2.077029642136399623e+00
2.118212327710042420e+00
2.153678586872796785e+00
2.202892667928833426e+00
2.299560361108649698e+00
1.994559292185289490e+00
2.128304818503119478e+00
2.312017910408363353e+00
2.233581094004902567e+00
2.398022731436598054e+00
2.382387876054178566e+00
2.393735373620776929e+00
2.574761680192320323e+00
2.362503273561955552e+00
2.539761842665150482e+00
2.676177822681909291e+00
2.927549639539575033e+00
2.885056453827035572e+00
2.883395596927644799e+00
2.640156210926575042e+00
2.719699236938800002e+00
2.819482891500113553e+00
2.840313463819573947e+00
2.782312778448164714e+00
2.887434987481818816e+00
2.999560845258264052e+00
3.164980650497870140e+00
3.129867399767763292e+00
2.979644344735176809e+00
2.978671533968338281e+00
