5.642013342952361972e-07
4.922813368697491199e-01
6.146936078675724335e-01
8.880984579853121730e-01
1.007110639319962031e+00
1.083735344763875785e+00
1.016281361513142523e+00
9.131491632840513795e-01
9.569057214532312727e-01
1.255198324027934964e+00
1.123981030365838407e+00
1.203254312682487059e+00
1.104942556841868484e+00
1.061368191715843734e+00
1.214131867179791380e+00
1.332840045448796529e+00
1.424916347366798730e+00
1.388549093889402286e+00
1.533691476254530395e+00
1.335505164339909845e+00
1.261475632174575923e+00
1.240657703598384565e+00
1.350341498862486000e+00
1.523564763382427856e+00
1.460390826013644894e+00
1.478357052310174335e+00
1.425581488400778030e+00
1.331440994201540606e+00
1.362471808929694106e+00
1.629240236866599245e+00
1.493652613061489776e+00
1.517053255434436698e+00
1.234397485868072186e+00
1.167806863154653430e+00
1.155100308165986744e+00
1.218565249329671696e+00
1.381908818818098572e+00
1.199583394519156743e+00
1.483415556137972491e+00
1.381111213982391561e+00
1.210581910560785346e+00
1.247730939502545988e+00
1.149004079941106315e+00
1.319849274596062161e+00
1.434446644468550858e+00
1.370966998151967875e+00
1.263061502376252365e+00
1.330898113421420170e+00
1.317651083461547579e+00
1.325072820444830102e+00
1.370041247026575704e+00
1.546337668216677841e+00
1.398672940512500906e+00
1.504449046182743333e+00
1.387681913533724609e+00
1.569366346703765069e+00
1.459606221180980823e+00
1.655056853743160916e+00
1.331255596705408717e+00
1.427322897363600740e+00
1.425134205244251273e+00
1.542539027913186089e+00
1.556467926092922616e+00
1.836090653961342634e+00
1.829307425915552621e+00
1.772386863556989489e+00
1.808628323693791229e+00
2.051190098914319027e+00
2.053797742376497926e+00
2.154268983332459086e+00
1.873649329662729679e+00
1.998160517381613710e+00
2.083667279314242116e+00
1.922692206232730960e+00
2.035183863307873153e+00
2.034179574516060018e+00
1.862981257585525574e+00
2.080856300905382650e+00
2.274106168137962847e+00
2.278154577958951599e+00
2.316574838889850607e+00
2.568983580410355128e+00
2.564688076100753999e+00
2.526971601434467196e+00
2.487369394240478648e+00
2.394776781235568475e+00
2.234350379844195267e+00
2.039998992589116877e+00
2.282469930360485844e+00
2.088654279221966448e+00
2.043753613057997409e+00
2.073110981479543202e+00
2.074631887483477932e+00
2.436426684585161428e+00
2.219265519698763178e+00
2.214791985422083886e+00
2.042605192262129776e+00
2.027907175730942591e+00
2.017875216668888694e+00
1.933843735553729903e+00
