3.015782985847834980e-07
3.644022640679898672e-01
5.032639044468871781e-01
5.627568274544301197e-01
4.692318440840305138e-01
5.780284407218552190e-01
6.235833154053732619e-01
7.450013355186317909e-01
7.321191485129591170e-01
8.436538793591342733e-01
7.554715211063470770e-01
7.142537034636244897e-01
8.114498057220245197e-01
7.760474787051135914e-01
1.010405702884515255e+00
1.153750126697396405e+00
1.371873366787200288e+00
1.173027775279484430e+00
1.285437608199395232e+00
1.205347617330800425e+00
1.208785863758256029e+00
1.284326996574715718e+00
1.231156019614474406e+00
1.273443563292891545e+00
1.307620129585687963e+00
1.186484675690393065e+00
1.219170945962285701e+00
1.334323276383938328e+00
1.459264110913770285e+00
1.437130269938488469e+00
1.447172516535105702e+00
1.448721237673593176e+00
1.546531262705227006e+00
1.570495895579364420e+00
1.583005851060936386e+00
1.825426657488672832e+00
1.952787543820490468e+00
2.035036860925158564e+00
1.902052438481605545e+00
1.941457526711888315e+00
1.914306500127234356e+00
1.925916208961370168e+00
1.735782044158239668e+00
1.867677622493130629e+00
1.628024408312169324e+00
1.899082590083431388e+00
2.252021971383276533e+00
2.049573752883035560e+00
2.181716816072343690e+00
2.147737296737237678e+00
2.131301632844766036e+00
2.080285602320978366e+00
2.036450572805878600e+00
2.028009884881942337e+00
2.169131669258689055e+00
2.158059582311295355e+00
2.258026597141665093e+00
2.079534638212844566e+00
2.226526306021757495e+00
2.292209309365798031e+00
2.431708508688966930e+00
2.536525260850408081e+00
2.475633833207482315e+00
2.499728818785731832e+00
2.616253744244454005e+00
2.652150736449722324e+00
2.647385651504427173e+00
2.702350770491420917e+00
2.679691138551031582e+00
2.557972858806607963e+00
2.684344653890646804e+00
2.575565984200041569e+00
2.778230646516968605e+00
2.844466800653982830e+00
3.174012213769592083e+00
3.176374584792075684e+00
2.873447293900791788e+00
2.898685572697587975e+00
3.033299447683900585e+00
3.220883183932527150e+00
3.087446795295408553e+00
3.093919212084126791e+00
3.366482367247376040e+00
3.486215157050917224e+00
3.441246231668199318e+00
3.685085678819013388e+00
3.447701350886656968e+00
3.707926991150728213e+00
3.441999670645676801e+00
3.360585297574767871e+00
3.397094143622675144e+00
3.533545243816063497e+00
3.411179980376989551e+00
3.486448189631147887e+00
3.562608078997663519e+00
3.674093577778761333e+00
3.561165798214904754e+00
3.545024538725430219e+00
3.563749566909621969e+00
3.619429739705188442e+00
