0.000000000000000000e+00
5.045361768185506746e-01
6.487974501144666561e-01
9.012281993785775658e-01
1.108942915067182344e+00
1.024166905695795604e+00
1.163036779717087743e+00
1.301198840780531052e+00
1.128243406482397848e+00
1.296207516715589092e+00
1.290502030420030755e+00
1.339968104076405542e+00
1.309973312839544546e+00
1.405699905923859072e+00
1.070372034495935765e+00
1.142610125771112983e+00
1.270343701503946043e+00
1.296745447006472540e+00
1.141805922635541926e+00
1.457765222850469833e+00
1.541823730483848243e+00
1.421409186472730513e+00
1.575105115955512725e+00
1.482807580647630408e+00
1.574555262989251414e+00
1.794358849250468069e+00
1.776358166629293356e+00
1.925183929814759498e+00
1.799233833343740097e+00
1.643511890483629223e+00
1.638205764568637202e+00
1.353135978194125455e+00
1.411007400461206318e+00
1.693696162947163630e+00
1.562436407530206628e+00
1.738234309337647998e+00
1.445030378349138722e+00
1.551800370034831067e+00
1.577633074120940115e+00
1.476854616657820252e+00
1.336456975035047456e+00
1.478820107474258183e+00
1.465517325161033835e+00
1.733248165815882702e+00
1.620440100811257000e+00
1.627859811217853281e+00
1.748521026507191323e+00
1.733534963745006152e+00
1.730762275778225057e+00
2.191611067702687432e+00
2.106526575176879579e+00
1.867734755773926114e+00
1.951169610113661523e+00
1.898233816979997934e+00
1.989150692689812816e+00
2.075455853905144199e+00
2.045411628840539731e+00
2.319632450994870698e+00
2.182258150934067498e+00
2.195842995000025333e+00
2.386467815287915517e+00
2.179999911201678575e+00
2.216719973662913290e+00
2.151842499867196778e+00
2.453569393628282302e+00
2.334012657730860862e+00
2.231775270740150141e+00
2.221785473965765867e+00
2.203449463990694746e+00
1.963965058442276312e+00
2.120551826347674140e+00
2.116861631301703461e+00
2.163152520347874752e+00
2.080314767226968176e+00
1.874534769780058063e+00
1.896024046600699897e+00
2.010312563452730128e+00
1.775131276835684169e+00
1.686914354082343470e+00
1.955619175082571326e+00
1.995241692975038061e+00
2.294083611558789038e+00
2.448566336268501065e+00
2.387224174988681558e+00
2.518352685069956465e+00
2.489984764582455767e+00
2.406058158758677568e+00
2.573088877622228487e+00
2.474410345025179758e+00
2.731402229076195454e+00
2.391066509129285311e+00
2.290749276809724844e+00
2.413072912244562218e+00
2.281690909961275437e+00
2.229479501587833035e+00
2.256578507988631355e+00
2.298541947676944197e+00
2.330903274499453115e+00
2.073720083968977779e+00
2.100679490287269857e+00
