4.264961199760035779e-07
5.197767864487181644e-01
6.290182497938248130e-01
4.961176048756797963e-01
6.552951376395879102e-01
6.822381045610153016e-01
8.043161761914365826e-01
7.354853501231418678e-01
8.394958241883628824e-01
9.338398223943458198e-01
8.807850464099182819e-01
1.068969420017519045e+00
1.210758560921239679e+00
1.218090239850007750e+00
1.124540804243431280e+00
1.134797011490008112e+00
1.045525668920229467e+00
1.173271612805904418e+00
1.173733231490579287e+00
1.240222861918671704e+00
1.242928312437621141e+00
1.269382011677673061e+00
1.494869791266128400e+00
1.580624468283028161e+00
1.274999974662293978e+00
1.378477301636724883e+00
1.560609173158921115e+00
1.473059077444332843e+00
1.449388032207025390e+00
1.459177467485162305e+00
1.568844195247809825e+00
1.551190999136114135e+00
1.551523545740699728e+00
1.671876410741381713e+00
1.725921772566434864e+00
1.997661781366433464e+00
1.982926017053967316e+00
2.133124213947915848e+00
2.361400934527518203e+00
2.073852430438029248e+00
2.031449330482371973e+00
1.944111575181034279e+00
1.853247279200572972e+00
1.768931745276606238e+00
1.914582829574633882e+00
1.958325472791842659e+00
1.955500449314010236e+00
1.963133307894065593e+00
1.876139379401498442e+00
2.039442012195562537e+00
1.919641669657644822e+00
1.787551186255610602e+00
1.909001536088874573e+00
1.768253639475665384e+00
1.890460440683236598e+00
2.086588440177491233e+00
1.972486897184463350e+00
1.868937878189138591e+00
1.961103496033272053e+00
1.965250274648394413e+00
2.018560011707249746e+00
1.953560278634655312e+00
1.932230361771492655e+00
1.813731669792604251e+00
1.776198537095314167e+00
1.798731129794210570e+00
1.882141981208756309e+00
1.906361107303278235e+00
1.857189032865351308e+00
1.733245966408408556e+00
1.867193943799704048e+00
1.960842585492977852e+00
1.839746607894774177e+00
1.945011168549813485e+00
2.067269442054433970e+00
2.036993415198709023e+00
1.992978351104774726e+00
2.189831490012567272e+00
2.108069279460628831e+00
1.896280964873958919e+00
2.269602766508147962e+00
2.202631098528352815e+00
2.198184969431165481e+00
2.038555005909269191e+00
2.094788868200979426e+00
2.218993854832465029e+00
2.041261840419130724e+00
2.095364987735313989e+00
2.287660234162235628e+00
2.681516416484741150e+00
2.324864471292253043e+00
2.402543390447645866e+00
2.370494820119009027e+00
2.496525766535253599e+00
2.622324133746604335e+00
2.487293232435293433e+00
2.457924889483874331e+00
2.126151351299908399e+00
2.101555678387516224e+00
1.988120456655815049e+00
