0.000000000000000000e+00
4.332073496546520186e-01
4.818769478814705631e-01
5.076050255196292715e-01
6.329689909128607406e-01
7.400626020420423279e-01
7.398540990823132546e-01
7.177175752626699934e-01
7.512196801424789738e-01
8.255862986317903385e-01
8.458439181160994913e-01
8.456280513871240467e-01
8.469604813470104077e-01
8.064495665069129071e-01
7.333173728676262160e-01
7.600370110070528984e-01
8.216667962670302083e-01
7.140373266228291493e-01
6.320140055870658857e-01
6.910511395291487613e-01
8.831733735947632224e-01
8.363284405765952778e-01
7.647424970181129211e-01
1.008945695728231895e+00
9.366497006476177667e-01
7.078140919365438766e-01
8.076869019955653650e-01
7.783828821536610265e-01
9.841317855003196557e-01
8.737892198587842163e-01
9.895540819510185715e-01
1.157678558486647580e+00
1.119833481315194001e+00
1.052367455341446378e+00
1.169419642740993304e+00
1.224886126721460355e+00
1.438963161479686725e+00
1.340033299409858714e+00
1.381200910918654934e+00
1.391247093387026013e+00
1.059254831733347890e+00
1.101926806782792312e+00
1.200940413954554975e+00
1.133770500952520077e+00
1.119325756629761637e+00
1.162432582290711558e+00
1.250735693448657315e+00
1.209990858832238780e+00
1.110338112475643735e+00
1.134893624833784198e+00
1.312322186908878807e+00
1.463013380767844707e+00
1.580788000229648826e+00
1.472790219955877333e+00
1.423935410054677719e+00
1.458559867500848206e+00
1.524433886957311302e+00
1.396840206318266553e+00
1.460876691687117646e+00
1.386839105213231171e+00
1.199841653811231090e+00
1.227945380320710322e+00
1.257013420172629958e+00
1.141875549379391508e+00
1.274139211790104254e+00
1.264988321723403253e+00
1.395457710729234968e+00
1.357884947853785995e+00
1.402043860387970353e+00
1.417062358528888399e+00
1.340438919035997323e+00
1.158426534082583004e+00
1.296315438125817954e+00
1.220312258398329464e+00
1.187512137637552811e+00
1.113568798878629362e+00
1.152957728394435666e+00
1.123930677069659767e+00
9.568787510840593979e-01
1.272376569140160063e+00
1.028857791383302134e+00
1.004884198720269683e+00
1.300854222463965870e+00
1.169099624486129585e+00
1.053822805263946893e+00
1.001632610788320221e+00
1.068783178056488703e+00
9.427694713684293681e-01
9.982414769860994408e-01
1.082038346427664388e+00
1.247457739809899380e+00
1.042199118014105919e+00
9.199938671812541990e-01
8.965694365448517722e-01
9.591758173839110002e-01
9.912728264056001048e-01
1.064229191383602835e+00
1.163449546436487125e+00
1.148788119405897312e+00
1.137335859329689836e+00
