6.031565971695669960e-07
5.110706178033105340e-01
6.025939571512747284e-01
8.654867580450020803e-01
9.741939693775947262e-01
8.778316785034692149e-01
8.050219270653380388e-01
7.322545259312387422e-01
8.847906740670680170e-01
9.701710419689892895e-01
1.220008472651014308e+00
1.335483721674872726e+00
1.401011398820627862e+00
1.486773450893703830e+00
1.416502504927009909e+00
1.511326497699189142e+00
1.487669680034666930e+00
1.739681615331142739e+00
1.607713877821529191e+00
1.469996743236138270e+00
1.766086580031951181e+00
1.861045747710694087e+00
1.850703890210398050e+00
1.746018703601303290e+00
1.748151853950263401e+00
1.775537265358741568e+00
1.752431360417512130e+00
1.623520126079458059e+00
1.718010765056731337e+00
1.703608858790706559e+00
1.612426003753834047e+00
1.536058282641971973e+00
1.757900430635342071e+00
1.607439055693189456e+00
1.754766707700146533e+00
2.011762021123439492e+00
2.025696684481010923e+00
2.122452906802256400e+00
1.943678477383678604e+00
2.018348267058131196e+00
1.928117404233082421e+00
1.895203133103617432e+00
1.799449853896057272e+00
1.923299796144232632e+00
1.951588913051730767e+00
2.131532137133864691e+00
2.097973968072854856e+00
2.033840621404420457e+00
1.963030108126409656e+00
1.760676858258257482e+00
1.611846197160113014e+00
1.740122752744255097e+00
1.759075437189772995e+00
1.936601381905803221e+00
1.948730953728819770e+00
1.934024893665256872e+00
1.844741897819872856e+00
1.771478189653910462e+00
1.616729349792711101e+00
1.683827659795711362e+00
1.732910800838519005e+00
1.377954125063371560e+00
1.570802654889196459e+00
1.509651703888918117e+00
1.635337162592968685e+00
1.657186518539417230e+00
1.656186859884777540e+00
1.739428968686309807e+00
1.776686483348003387e+00
1.896623352529572148e+00
1.704579715982919685e+00
1.663449650881270392e+00
1.706955810327986711e+00
1.750402931570885334e+00
1.960408443435347703e+00
1.924322465657641867e+00
1.976435788063901411e+00
2.080268290730931113e+00
2.336269616750331402e+00
2.262318687017089047e+00
2.094653694289299928e+00
2.166990774402443254e+00
2.059668450169207965e+00
1.962290173181430841e+00
2.005205970084614542e+00
2.053127271418308197e+00
2.011620989321342812e+00
1.824912839945703968e+00
1.865882353580808006e+00
1.933208450898778352e+00
2.014694979068207825e+00
2.092932070175872905e+00
1.751662136856197316e+00
1.695003271404899259e+00
1.758629779603218868e+00
1.715857357261671767e+00
1.729592021356976872e+00
1.665480941127664538e+00
1.628043350246437981e+00
1.472460324746308169e+00
