4.264961199760035779e-07
5.753854708496183301e-01
6.773551939517785669e-01
6.992633781064088172e-01
7.298325467526918242e-01
7.125350584243775875e-01
7.199791078527947308e-01
9.020814207447793720e-01
1.009039285363442007e+00
9.060408161016884065e-01
9.144831709296027400e-01
9.572786291000289216e-01
1.173454470064433597e+00
9.262861280272164377e-01
8.557285413510735683e-01
9.537775207189600479e-01
1.040558172313284846e+00
1.183243716363931997e+00
1.293544908288272843e+00
1.219351748515789202e+00
1.265774775371069527e+00
1.591428323464984640e+00
1.580224013616369216e+00
1.706934845597934292e+00
1.859039934902432245e+00
1.828237427674624271e+00
1.760408296719054633e+00
1.672192456502602731e+00
1.585456257313555550e+00
1.628584788535339278e+00
1.585924312393628632e+00
1.695325635055140667e+00
1.365543033287010211e+00
1.385905094879652744e+00
1.376610052364153125e+00
1.473960594824085035e+00
1.539075791171690355e+00
1.497506900989007850e+00
1.371599053529940271e+00
1.500947268812312663e+00
1.552496229244131332e+00
1.423040327500213031e+00
1.554557100910954670e+00
1.665938938542258940e+00
1.646634150514208583e+00
1.694244653766845188e+00
1.979823180249214110e+00
1.971418297171220857e+00
2.053451472415193102e+00
2.001897748459557480e+00
1.958259409539250040e+00
1.836294241167021779e+00
1.817264023477649593e+00
1.949901309688646833e+00
1.948915106720781054e+00
2.066664118132748751e+00
1.949755093372634640e+00
2.087197678772640952e+00
2.101939571619793057e+00
2.205077090236941206e+00
2.117454904300588137e+00
2.006571074647923503e+00
2.081691353413865464e+00
1.931757606928719451e+00
2.015039194573847503e+00
2.009909015526320175e+00
2.077527178002976260e+00
2.089258729576474849e+00
1.907696110176407389e+00
2.051229998575730740e+00
1.962725322970042541e+00
2.113039115348611663e+00
2.188826796624014470e+00
2.254027693329290205e+00
2.176410284174676857e+00
2.021498551963862855e+00
2.028291222556398044e+00
2.074180008160836586e+00
1.898299404542295843e+00
1.995243963821001554e+00
2.049077921106641664e+00
2.111270456335216483e+00
1.913108078781627031e+00
1.854884851794010414e+00
1.731364862228535140e+00
1.701453795917372780e+00
1.710187179204514685e+00
1.836777086235593881e+00
2.057441147058627795e+00
2.206965429517223409e+00
2.153678733776217324e+00
2.187226717148390787e+00
1.909935584860171565e+00
1.952155755323736752e+00
2.003667934818774476e+00
2.120271090435011718e+00
2.181128075614947814e+00
2.280210692172718101e+00
2.361610876168426465e+00
2.341183668559131181e+00
