1.507891492923917490e-07
3.834021884194553920e-01
5.098652037599401554e-01
4.864197937003880701e-01
5.808685763977862182e-01
5.763633700792329950e-01
5.975565290998984258e-01
6.314616818111291607e-01
6.951528435436921116e-01
6.673106201617746702e-01
8.304867022360636897e-01
8.799888270589997230e-01
8.908531103118839667e-01
8.848231880560222251e-01
1.004081951423552832e+00
1.068602558915233258e+00
9.532489160934852768e-01
9.585847433448352328e-01
1.039938562134415045e+00
1.001976115294263447e+00
8.788068893842923002e-01
8.768828760308163828e-01
7.656725501011389934e-01
8.167003332490248013e-01
8.186528996711679440e-01
7.759711556738416727e-01
7.578760956286711981e-01
7.692307318741589128e-01
8.307698389012569962e-01
8.734038202318553656e-01
7.843093818463616751e-01
8.698867419476770113e-01
9.293066022350893185e-01
1.005943889189828022e+00
1.020081502918858796e+00
9.935671299959228930e-01
1.075630959366227879e+00
1.128163098825788913e+00
1.231373802344957191e+00
1.179117960892666517e+00
1.285147396571443723e+00
1.141739602988651070e+00
1.210471866812325770e+00
1.099561666068075150e+00
1.183704592829670332e+00
1.111519562657109716e+00
1.127099646398537436e+00
1.256827291985400885e+00
1.099206536567290282e+00
1.186735720068626376e+00
1.291655619023182489e+00
1.294695658424352969e+00
1.231773366109232937e+00
1.078481930453725424e+00
1.322296889712339940e+00
1.428117684469542237e+00
1.417165507715357764e+00
1.441382735095696255e+00
1.530229064944487405e+00
1.463143130449596319e+00
1.467015087096452230e+00
1.521570143297043876e+00
1.582422366960646309e+00
1.407163527642877332e+00
1.448130599884997816e+00
1.495616880745733512e+00
1.364333298209626344e+00
1.291533843192379294e+00
1.211186037477512079e+00
1.218854134539733014e+00
1.219768884117016228e+00
1.183741085074360599e+00
1.254362977351243913e+00
1.400344552429941603e+00
1.354598870348862061e+00
1.424625805745291629e+00
1.334220736910564531e+00
1.314871763092391399e+00
1.182734116510786526e+00
1.283068081279273631e+00
1.302733162075004225e+00
1.436140447864609149e+00
1.322878767653964172e+00
1.365642297443144360e+00
1.380083191212040594e+00
1.461074150960963047e+00
1.435541903711000655e+00
1.376686087619809262e+00
1.406460108084004901e+00
1.486151628014758197e+00
1.500378525740791780e+00
1.329562985998261171e+00
1.432860934165110844e+00
1.334541398704655490e+00
1.453387099176809638e+00
1.396011714958981464e+00
1.214459830702916854e+00
1.168574253056502199e+00
1.102653830574472638e+00
1.180623086735543170e+00
