0.000000000000000000e+00
4.474012877723863024e-01
5.403927049099636060e-01
5.652331864769853942e-01
7.541656554176250360e-01
8.539357154251037141e-01
8.561896089840167479e-01
7.652022084522591694e-01
9.417999005845771876e-01
9.114302299908357829e-01
9.820368090610844813e-01
1.061191559219942349e+00
1.034643144744649801e+00
1.004122459676540791e+00
1.064832032544530183e+00
1.065275443664438715e+00
1.200651945620227812e+00
1.198248376020732753e+00
1.102076109523317804e+00
1.056506097629250851e+00
1.095036041169199503e+00
1.258486326505923403e+00
1.240795786659521172e+00
9.131420762632477262e-01
1.115632221381981815e+00
1.254163238527126412e+00
1.543174123629427630e+00
1.513694967964625659e+00
1.491869587851255785e+00
1.637027394519522838e+00
1.573921520152255171e+00
1.858755121356097106e+00
1.920809862668949153e+00
1.911959125187586039e+00
1.693747403897239545e+00
1.816598259504038415e+00
1.933338431632680043e+00
2.030082681797320099e+00
2.092310229873061367e+00
2.130300121643289746e+00
2.167401085352035572e+00
2.132748226898656174e+00
2.076921567948774250e+00
2.059853391225374253e+00
1.993769198140781240e+00
1.867472718820840871e+00
1.913052929205529384e+00
1.822455328666921837e+00
2.014865266190774662e+00
2.058785802482105964e+00
2.035156467867162977e+00
2.052030922758404596e+00
2.071282889659090021e+00
2.104122459698784642e+00
2.249644275109354385e+00
2.317193538804127151e+00
2.194870739958201700e+00
2.456812488428835373e+00
2.540171736135990788e+00
2.459864871456154845e+00
2.250972159770759262e+00
2.128935588174012405e+00
2.158266592241682158e+00
2.182565954994100998e+00
2.158780593120213531e+00
2.047057952293979799e+00
2.155240085412316375e+00
2.107462389765537569e+00
2.100030309373558612e+00
2.025089964662103004e+00
2.005102152289589323e+00
1.947375741389292036e+00
1.903025017113196604e+00
1.888956533159562801e+00
1.998782631011216893e+00
2.116761071400499628e+00
2.090083754449713282e+00
2.134820150331530275e+00
2.123841196574450585e+00
2.260499522100430703e+00
2.082799322627344907e+00
2.068641435108658388e+00
1.984535827307009503e+00
1.828476068255384224e+00
1.774710332500849308e+00
1.768001087344304167e+00
1.658003912060369789e+00
1.774871317418676098e+00
1.690948585462198839e+00
1.513047986484898910e+00
1.540724249036064419e+00
1.736655967361518949e+00
1.602706727469901171e+00
1.741393190426723248e+00
1.677527698860346916e+00
1.713353622612467708e+00
1.684421043124063599e+00
1.685559384644242042e+00
1.778887236721115261e+00
1.559284486202248576e+00
