3.015782985847834980e-07
4.815480260437470239e-01
5.142915163932472167e-01
6.920929704484902745e-01
6.019930504462213117e-01
7.335019462389519296e-01
1.020708928960772033e+00
8.886290083269816620e-01
1.017894945727623623e+00
1.038078461626920301e+00
1.040270402856722010e+00
1.064325188810517631e+00
8.958335721763847070e-01
1.053905536084031258e+00
9.495699481504356054e-01
9.890474751840102607e-01
1.245526232573442638e+00
1.377450577784693486e+00
1.247823215506320915e+00
1.084030528991298814e+00
9.891773548646451975e-01
9.947529362256224417e-01
1.025869705098758855e+00
1.011637255158762239e+00
1.034121724000512277e+00
1.177501789602598992e+00
1.269138370079951228e+00
1.341150864502961948e+00
1.298603239642393881e+00
1.495948606630700617e+00
1.355497644541951319e+00
1.329077159693123233e+00
1.345450130938161681e+00
1.701240496848343664e+00
1.670535176970646907e+00
1.700985410448575541e+00
1.664489451065963355e+00
1.709433327953213011e+00
1.641092978244083067e+00
1.754722131726905943e+00
1.897973979937537470e+00
1.786377041282093625e+00
1.932996357862194703e+00
1.927789392902623744e+00
2.100774815021016817e+00
2.049258944871561905e+00
2.285107548533694466e+00
2.138623349232759541e+00
2.059357440155154428e+00
2.173459314712001156e+00
2.318632193362041516e+00
2.667998601215413323e+00
2.444067487180991982e+00
2.731765291800817952e+00
2.395037301310369848e+00
2.335925411551942776e+00
2.154501728813642547e+00
2.127896042989213754e+00
2.285081975033334878e+00
2.341528502011759105e+00
2.401870566191475209e+00
2.732259925924436672e+00
2.888726928061460253e+00
2.968548806436896559e+00
3.014614485297229418e+00
3.067542915099933154e+00
3.200777724279223690e+00
3.295314297286727978e+00
3.574919241552640958e+00
3.617584560294499596e+00
3.683097725477926687e+00
3.718729115762492210e+00
3.687322116540836969e+00
3.902550919720307654e+00
4.135066347290504929e+00
3.925951416543988604e+00
4.018304533584529104e+00
4.013813008447507436e+00
4.130441101491868494e+00
3.917481575360014734e+00
4.163258759967579437e+00
4.073236414023353014e+00
3.889489620114362722e+00
3.823047385192559489e+00
4.152356574615530427e+00
4.418700857746044264e+00
4.407527182553015344e+00
4.760049610445670432e+00
4.625449775457003199e+00
4.554564866889515784e+00
4.356049226376931927e+00
4.622823551702111899e+00
4.985251336246858678e+00
5.047081392101396169e+00
4.879422942320794654e+00
4.812232843099019775e+00
4.898211934705742010e+00
4.858858530097468709e+00
4.872619063554405550e+00
4.914795285872359365e+00
