4.768371582031250000e-07
4.814142059621159264e-01
6.232713304425627765e-01
5.543747399916968410e-01
7.502506368766266309e-01
6.408371992084730406e-01
7.417522521568610250e-01
8.690097783589544322e-01
1.077219337786738285e+00
1.160629781437733543e+00
9.837067328086968043e-01
1.211864746517641089e+00
1.276601871483867390e+00
1.229179887556859141e+00
1.208817900720466909e+00
1.368776196783861643e+00
1.577729287496372867e+00
1.601966372932792870e+00
1.735525562586033077e+00
1.627814521664224801e+00
1.978977298355062642e+00
1.966851906605295186e+00
1.871130179860002185e+00
2.029250644167177597e+00
2.055840656602050842e+00
2.318232487423681487e+00
2.315969420273941370e+00
2.196116319979501519e+00
2.053534343665714967e+00
2.000364550617981685e+00
1.890549482758351330e+00
1.963327594055974679e+00
1.781649476551101285e+00
1.857519981389464947e+00
1.540121250000297204e+00
1.536478783802596393e+00
1.676169724287172924e+00
1.772187820552000304e+00
1.714470211315761050e+00
1.926677348314296934e+00
1.973788892788894911e+00
2.001402276859731710e+00
2.039090583188829076e+00
1.914482059923819257e+00
2.115928541121075757e+00
2.219657389369924516e+00
2.131222158938515854e+00
2.095015809954578145e+00
2.132538739141589534e+00
1.951264579795607190e+00
2.212231274099992095e+00
2.310021800905549316e+00
2.473358008018431420e+00
2.391992991292290149e+00
2.337189661198309842e+00
2.390018538450770613e+00
2.413936870853330419e+00
2.575247797958858609e+00
2.446390602319381991e+00
2.762896049832010981e+00
2.618507933742384886e+00
2.496091083794763854e+00
2.609739292583665993e+00
2.490577389234278627e+00
2.615321491045464963e+00
2.424566834438933949e+00
2.412038096758366112e+00
2.533043551175690133e+00
2.361874133559064948e+00
2.404355727318945313e+00
2.345805289883570843e+00
2.304964486759585540e+00
2.349957866515838045e+00
2.076311942586468895e+00
2.316127384195371341e+00
2.310721350615930980e+00
2.349339295200195910e+00
2.347436638158302280e+00
2.450007361376044024e+00
2.368740187860367996e+00
2.293382378580914427e+00
2.397519042836558256e+00
2.326021414253717889e+00
2.439002242264219245e+00
2.522382692338499766e+00
2.437630005369827657e+00
2.628563485984317882e+00
2.518001383401392346e+00
2.459703860089568206e+00
2.304767785591162799e+00
2.345461822173156019e+00
2.308533559385196554e+00
2.555700742849898788e+00
2.535007607870787716e+00
2.546587333851354717e+00
2.467967134514757355e+00
2.610391067697887202e+00
2.649972007279335351e+00
2.626003842685874723e+00
2.662929008050026525e+00
