5.642013342952361972e-07
6.080424710880516503e-01
5.567580560732633410e-01
6.822562618118364064e-01
6.605248109326014028e-01
7.030603729495769061e-01
7.305303872375817908e-01
9.600023117821315788e-01
9.271617099938959106e-01
1.251822920147816154e+00
1.260046811958037694e+00
1.198324273225703340e+00
1.168162379510356619e+00
1.245241672987617898e+00
1.350797934144159607e+00
1.364446628254578631e+00
1.341511730629423083e+00
1.418584495839369852e+00
1.473836898569261811e+00
1.599599079498513543e+00
1.778871953299415054e+00
1.879069024426994305e+00
1.775673565309398017e+00
1.735039077501422833e+00
1.759494381962161347e+00
1.707718130421379765e+00
1.610172201431798955e+00
1.773969062002551889e+00
1.716210045557697406e+00
1.928810439006491517e+00
1.817774761977120068e+00
2.065767859604491719e+00
2.178616862048337932e+00
1.857088041579356252e+00
1.961779418049697021e+00
1.927886642946288198e+00
1.998278282238045600e+00
2.123452098922476772e+00
2.084607889891211041e+00
1.843965116476204313e+00
1.756708682998010307e+00
1.854515755349869677e+00
1.861348261817136418e+00
1.925301343515464669e+00
1.973490503560773046e+00
1.868354169278485966e+00
1.938833114541326452e+00
2.031795380770839543e+00
2.029507021334524097e+00
1.865226965913125534e+00
1.855776925352592865e+00
2.053947263492568176e+00
1.916040390393271009e+00
1.916952255859499354e+00
1.960000498797147994e+00
2.025057016784534092e+00
2.253389230404731602e+00
2.181077325598005601e+00
2.257693819708835203e+00
2.342244670920851757e+00
2.546943406769370366e+00
2.516832550400475377e+00
2.731672848787485730e+00
2.998880952868010930e+00
3.255900994492516798e+00
3.256575985895578729e+00
3.262628560923680698e+00
3.287744714811747571e+00
3.270975362489865201e+00
3.232400297908051723e+00
3.182205290522239327e+00
3.140699504497904027e+00
3.051144190491135610e+00
3.068229879575791852e+00
3.237102826494522301e+00
3.170506394029364738e+00
3.292791777773356188e+00
3.093741249923086301e+00
3.277389985824081808e+00
3.262814010132927045e+00
3.395336611891924594e+00
3.397091244100470586e+00
3.291001698563321032e+00
3.315176149831450925e+00
2.978171272136305614e+00
2.743828077900067441e+00
2.585896571177009662e+00
2.611505112522232608e+00
2.653314576170369143e+00
2.509253897975950220e+00
2.598856944197928343e+00
2.905497053474705105e+00
2.950912646864058964e+00
2.891203528152239244e+00
2.613425902922632105e+00
2.777329150109597133e+00
2.642553199380627493e+00
2.728072283013368349e+00
2.746931909260501570e+00
2.505604193369852517e+00
