0.000000000000000000e+00
4.692216374803007684e-01
6.451318857344169322e-01
7.387604006411826463e-01
8.335226255002907703e-01
8.605098386907722441e-01
8.539426480138267994e-01
8.420824046302235466e-01
8.186936195075031897e-01
9.433913144331963485e-01
8.774707449547158866e-01
8.781651242371809607e-01
1.108747418207616908e+00
1.144715491228058601e+00
1.011016048568770920e+00
1.060357046678535253e+00
9.553517185301534376e-01
1.141561540739137071e+00
1.097184842282825423e+00
1.201388015365565609e+00
1.216011948238846285e+00
1.490161281835658214e+00
1.869316305953822255e+00
1.764458765216205816e+00
1.776586091194817918e+00
1.665781436593926301e+00
1.809137217692447619e+00
2.062356339160043461e+00
2.233032465515147447e+00
2.104608592269961775e+00
2.072810555961866807e+00
2.048032305468969749e+00
1.853691658641233309e+00
1.726931345276144780e+00
1.544882871607020647e+00
1.468111079532525176e+00
1.452276580958256069e+00
1.332380945614436873e+00
1.119617319860702676e+00
1.261016659872097101e+00
1.138292751902184152e+00
1.284049483790378421e+00
1.268300050383363686e+00
1.247838215236722004e+00
1.214805168873029695e+00
1.554247917400634948e+00
1.684189503703333202e+00
1.707117748270330360e+00
1.929029474004076983e+00
1.762459314118209219e+00
1.859979041117711507e+00
2.008046624851999251e+00
1.931908988000385685e+00
1.927971584284789097e+00
1.814247037477663804e+00
1.649966701840325012e+00
1.555704586959734792e+00
1.655819912849429976e+00
1.600222745038323957e+00
1.499926432358499317e+00
1.689065057826552252e+00
1.857341107827165771e+00
1.892162290560182258e+00
2.011524579445568950e+00
2.129998022289000037e+00
2.252081173729084895e+00
2.140293106648237575e+00
2.001762768568793316e+00
2.303220661222070476e+00
2.232945522047094400e+00
2.142416580477746191e+00
2.302964640176928590e+00
2.279122039438653768e+00
2.460395366987188304e+00
2.344873488011943063e+00
2.490281482355216180e+00
2.361712730234180935e+00
2.525368169381522865e+00
2.886338262262991172e+00
2.782743478978750407e+00
2.758672706680679987e+00
2.894679192785235777e+00
3.038636222296509981e+00
3.037901565172397955e+00
2.829243623664872143e+00
2.950556542780321312e+00
3.023613104510523897e+00
2.901051107026056286e+00
2.600513626876009177e+00
2.677920042164090297e+00
2.693395920134213029e+00
2.698190783907168822e+00
2.622030284892320484e+00
2.669276264063755733e+00
2.594337789771717251e+00
2.531524039661943171e+00
2.613226866499033907e+00
2.513246053770281208e+00
2.598954918062965191e+00
2.757918194552876567e+00
