0.000000000000000000e+00
5.180810655906049611e-01
6.236935596120646297e-01
5.676816519658465232e-01
6.718298433956941818e-01
7.176261525457177104e-01
6.676784284627369503e-01
7.245081049984194443e-01
8.564201133888075246e-01
7.972648525268358766e-01
8.247412927236815738e-01
9.284991498799850529e-01
1.002324838938485563e+00
1.183656456171540361e+00
1.098885175946898274e+00
9.661951368825250075e-01
9.210923712843928080e-01
9.878165516795301970e-01
1.215674285045757586e+00
1.013129484947284276e+00
1.006634102707516076e+00
1.066863255868298443e+00
9.765074828211097735e-01
9.163935569953362004e-01
9.358986800295115982e-01
1.063780826040816141e+00
1.140319967092058517e+00
1.349898914725993659e+00
1.282042997779853755e+00
1.294486007344116452e+00
1.514383188829299121e+00
1.356270782470995862e+00
1.464771413946501122e+00
1.517014807799158760e+00
1.628977307800791641e+00
1.557232008659414468e+00
1.361616326518331865e+00
1.483769653560246926e+00
1.428459621160909521e+00
1.477226607860682162e+00
1.677053351655170443e+00
1.509095819444353559e+00
1.510209212745342588e+00
1.535946352762272760e+00
1.709509109997449317e+00
1.734417643225520722e+00
1.727618673250320258e+00
1.744069610081083299e+00
1.648067637130368190e+00
1.770717023484539077e+00
1.716376797252245234e+00
1.840964359421217944e+00
1.774822739488860934e+00
1.843813077780363852e+00
1.711398375264079341e+00
1.743264862719980490e+00
1.658782225248876641e+00
1.583859096256942545e+00
1.679997307304171628e+00
1.671399368731755652e+00
1.764101545991199949e+00
1.650067653433989090e+00
1.658781475862434185e+00
1.660903754033121293e+00
1.657207572308755372e+00
1.692517219863488354e+00
1.768540599017920600e+00
1.721181261997228429e+00
1.628382402686912922e+00
1.732255679007670857e+00
1.847490447337321262e+00
1.908277868728595505e+00
1.672603250079198300e+00
1.721515739651575672e+00
1.910507876494716983e+00
2.009758151578862062e+00
1.935222813344543269e+00
1.995617725823958688e+00
1.996477959463180074e+00
1.871397836644613566e+00
1.921647346735131379e+00
1.968656995030816370e+00
1.840962633456820319e+00
1.900707125543631193e+00
1.967592753437004571e+00
2.154752809679713721e+00
1.900364487254881718e+00
1.956160346714782561e+00
2.138922884671686120e+00
2.155868953886112660e+00
2.175113971996974094e+00
2.222256400064352544e+00
2.229019318058700350e+00
2.273235208051150202e+00
2.367524030356091380e+00
2.291347172652550057e+00
2.397279782175857576e+00
2.455174866939286549e+00
2.366920393261132460e+00
2.396209799201538981e+00
