1.507891492923917490e-07
3.806516931724767128e-01
6.124715227393803252e-01
5.108160992297048342e-01
5.130078345352468983e-01
7.589680745202649348e-01
8.663882353539911207e-01
1.042655458332414797e+00
1.075411616161020545e+00
1.109744451629459450e+00
1.279027453839457928e+00
1.030525147490696014e+00
9.293004979152361678e-01
9.242048126555788556e-01
9.894069561069704921e-01
1.031722293986104599e+00
1.341468752931618047e+00
1.325430794881377494e+00
1.342462426528514774e+00
1.660142635102805242e+00
1.618531986733452444e+00
1.682614886116164499e+00
1.689008988077115303e+00
1.749349527476535826e+00
1.628206553156793523e+00
1.612654546096933483e+00
1.535321011453169682e+00
1.698526953437682563e+00
1.963215931984650275e+00
2.131254284290990952e+00
2.102901646429534033e+00
2.065013824092388095e+00
2.174351147615797064e+00
2.292313461467861746e+00
2.689478080039351848e+00
2.876338603712173203e+00
2.706022754047789469e+00
2.562114265321773221e+00
2.583659917515019444e+00
2.523301300944603476e+00
2.598146040312800942e+00
2.414868105649378371e+00
2.744377319681076344e+00
2.739842143520513584e+00
2.875641384006475398e+00
2.662693664247845593e+00
2.532922299599698057e+00
2.585366149152774629e+00
2.731761965877833376e+00
2.717709720058381961e+00
2.892607872328711416e+00
2.758988696216791769e+00
2.792067972632616524e+00
2.719361541507896884e+00
2.686221346243345742e+00
2.717752769985779526e+00
2.656816808829329801e+00
2.791184203282523590e+00
2.753004273784920297e+00
2.850187078664863982e+00
2.844326527939673888e+00
2.917465951541513558e+00
2.861868475203996454e+00
2.817943408778235792e+00
2.839400871780093816e+00
2.708356308080083430e+00
2.582074676593235640e+00
2.703850730805512637e+00
2.716887067323709104e+00
2.654618070018087028e+00
2.588965974116508750e+00
2.486463378252683487e+00
2.505892642118367153e+00
2.632465402798134235e+00
2.787784927866356455e+00
2.841031878513680553e+00
2.933778683401342402e+00
2.893306606125372937e+00
2.998977503223074770e+00
2.926054929869652099e+00
2.802849042368432908e+00
2.869622553739311410e+00
2.901068745927462889e+00
2.922662287299633732e+00
2.881675375559652252e+00
2.940287739275301515e+00
2.862204847664188367e+00
2.795218774901208292e+00
2.896328168897376987e+00
3.018403411211198151e+00
2.924039435448013702e+00
2.967746312441690293e+00
2.879371704496082707e+00
2.870386534211131213e+00
2.655998844152854144e+00
2.584846981483555517e+00
2.772354901659258353e+00
2.843971226681107467e+00
2.728861500574685905e+00
2.782002662325764319e+00
