1.507891492923917490e-07
4.586352710984222258e-01
4.311430582776403231e-01
5.434915567284032134e-01
6.521326374742297816e-01
8.818195110074743548e-01
8.899741144372333990e-01
9.228445239161728875e-01
1.057537986821908804e+00
9.243491481147303457e-01
9.828590064458720965e-01
1.030245526076717377e+00
1.268525335255148878e+00
1.340307737939123056e+00
1.323163239458442275e+00
1.426273731470047545e+00
1.396371723901711936e+00
1.361422817290914855e+00
1.500518620509744050e+00
1.411930844849846656e+00
1.577378279059040489e+00
1.495553870985110168e+00
1.339612161599880391e+00
1.345991021143902566e+00
1.248673870948413533e+00
1.325495743879390620e+00
1.327380943859257201e+00
1.424215984193785589e+00
1.622038208280767169e+00
1.545421245952703471e+00
1.616328518931243075e+00
1.633023583839881665e+00
1.744505937937436801e+00
1.888438553069663017e+00
1.823612881274508934e+00
1.801741227861886063e+00
1.896640258878090624e+00
2.029051845843219848e+00
2.015333119411532259e+00
2.239169458466229834e+00
2.373160976948899492e+00
2.442393257922886196e+00
2.328273699097562766e+00
2.426609395886615506e+00
2.394624171716967176e+00
2.456266619004943585e+00
2.208779461011310286e+00
2.175260988897773196e+00
2.300140580204097951e+00
2.274848642937119525e+00
2.218434759992212513e+00
2.000607915834849315e+00
1.980583640569076875e+00
1.895483604383875420e+00
2.080836532114223925e+00
1.849772851873261015e+00
1.712804132498112697e+00
1.994172955622220744e+00
2.181195707497544323e+00
2.194439092517806777e+00
2.188617932631682805e+00
2.396610250661641572e+00
2.120914960816644879e+00
2.212738194764644284e+00
2.330878665094617386e+00
1.988648128718718322e+00
2.153335522033275495e+00
2.174668493661031210e+00
2.205785202448659721e+00
2.062230371388400485e+00
2.098848144238489422e+00
1.908433792525507267e+00
2.121819358791871668e+00
2.192522844711754182e+00
1.984577855493104170e+00
2.015204128173862852e+00
1.918898012704657985e+00
1.925808751548540920e+00
2.091015409069642228e+00
2.067038257558680314e+00
2.292709991919384294e+00
2.225924421353090654e+00
2.156866106373898528e+00
2.135225182996926208e+00
1.926758112910575971e+00
1.743138854737456445e+00
1.877825576247435846e+00
1.957266339317841108e+00
2.101686027513718358e+00
2.172186942691288980e+00
2.286714456335079415e+00
2.184604545824976540e+00
2.184614752955009731e+00
2.311134460551586667e+00
2.228160159319613864e+00
2.267903762442529114e+00
2.302358594417085236e+00
2.205103534425661316e+00
2.334756616078524250e+00
2.389456374242598269e+00
