2.132480599880017890e-07
5.075697749232224165e-01
5.390076570310634585e-01
6.011605246631689381e-01
6.050206249804255254e-01
8.448915398036660473e-01
9.634363339457231445e-01
9.725454016238808119e-01
1.049709792073715064e+00
8.926694894858375751e-01
8.128177518742311092e-01
8.422144862171452306e-01
8.330968728676465540e-01
9.025315439272526552e-01
1.109911316625855404e+00
1.109344534632896950e+00
1.024622849522206280e+00
9.900116990153050578e-01
1.307453963651531659e+00
1.192800488069273079e+00
1.177760055017022189e+00
1.170816983149313817e+00
1.145528143827948542e+00
1.073619482683541237e+00
1.236813306609967578e+00
1.256331545541020445e+00
1.172853621882113950e+00
1.103325495028900427e+00
1.202703526756565777e+00
1.347315545751713861e+00
1.346957914598430950e+00
1.266077446852828858e+00
1.196468057960113907e+00
1.214758331135559866e+00
1.139933467197627781e+00
1.180294478434929850e+00
1.199767610410826579e+00
1.385984627081360276e+00
1.375140831014256770e+00
1.258739760822584097e+00
1.246799233525361927e+00
1.332615721057857083e+00
1.156370812739491605e+00
1.255977319482442178e+00
1.349643496490284367e+00
1.381422233742239269e+00
1.396669076968263479e+00
1.268434172644861579e+00
1.350412126953279168e+00
1.503501018749082263e+00
1.439241617385538241e+00
1.552558010663080967e+00
1.580331383953608171e+00
1.743695322154757310e+00
1.596239660293859108e+00
1.664033924997890823e+00
1.591771325919883573e+00
1.690044121756708151e+00
1.469411715670495777e+00
1.446739478908577015e+00
1.615007075005141512e+00
1.666117492308224479e+00
1.605404392764712140e+00
1.628011112384425196e+00
1.799575115080381371e+00
1.735738517914068524e+00
1.722524251202754542e+00
1.760543465159759569e+00
1.620215738123914839e+00
1.799582555330235367e+00
1.747479825216319727e+00
1.645697664926226489e+00
1.813057161920133220e+00
1.761874155626755423e+00
1.697850230211194633e+00
1.688352494298411166e+00
1.788181063270984694e+00
1.817939734111028827e+00
1.904680093585671807e+00
1.751245246893048835e+00
1.758845929890036519e+00
1.886596270255267438e+00
1.941016845248969114e+00
1.919673855526406125e+00
2.115306423984530948e+00
2.062921467330085523e+00
1.997664686983820825e+00
1.921754696705891163e+00
1.885663683145045511e+00
1.943577135826079161e+00
2.146194418744566512e+00
2.282163776583747250e+00
2.309990375269770801e+00
2.676407269118351806e+00
2.546581702516299117e+00
2.220693700766320333e+00
2.413571912454175461e+00
2.296161977865058379e+00
2.313373561715231119e+00
2.398866313942984885e+00
