8.529922399520071558e-07
4.982836377259391991e-01
5.859198500811902965e-01
3.918218528923365085e-01
6.771245614258872836e-01
6.380474650226338751e-01
6.288380240600079940e-01
7.212639765598785058e-01
6.255209041011582372e-01
8.666818327321063054e-01
7.192495128923839243e-01
5.547218385863500467e-01
6.487916118721335224e-01
8.591021703688174194e-01
1.106052478554307994e+00
1.364171291291115251e+00
1.598919078345143019e+00
1.803914313934928071e+00
1.602033916159293803e+00
1.739986380026643964e+00
1.955497051869533154e+00
2.280810153144058994e+00
2.062510829922061362e+00
1.914817226809413908e+00
1.795225510796419233e+00
1.825803253018730476e+00
2.020031627897510340e+00
2.073435729472775879e+00
1.848122992487271521e+00
2.092635680618427418e+00
2.068223613142134987e+00
1.970402779196003262e+00
2.350247124115494746e+00
2.179033661776519359e+00
2.133590692211345008e+00
2.278386313045459577e+00
2.094470815552800680e+00
2.148142909209471707e+00
2.089599593236188380e+00
2.124181523079470058e+00
1.967045134554741281e+00
2.098901987913420086e+00
2.018256021802151245e+00
2.130838095248695385e+00
2.259854964260704868e+00
2.314039593435954778e+00
2.365043554111123658e+00
2.393603232267921488e+00
2.444502022217470927e+00
2.577605188010635651e+00
2.390945784106587091e+00
2.535756462815943468e+00
2.481323967460894675e+00
2.520342483798225341e+00
2.554195649572241766e+00
2.702956536481046612e+00
2.901153714961879349e+00
3.014858547860054028e+00
2.802237596618608606e+00
2.817776571851307921e+00
2.914314916628570451e+00
2.821578063829354832e+00
2.684322013029450282e+00
2.705778345895585080e+00
2.772781210679285291e+00
2.859572650800199956e+00
3.164510261435238725e+00
2.910109639164173423e+00
2.768603561056554252e+00
2.914495738421145177e+00
2.917717714309043586e+00
2.983150466502188625e+00
3.058588175787106511e+00
3.053948843250381184e+00
2.865639553317522736e+00
2.840966614516300393e+00
2.961008057966183493e+00
3.098004407677911409e+00
3.188496603876060487e+00
3.275940990085011162e+00
3.273406937344101042e+00
3.421660604495519564e+00
3.351099826069726895e+00
3.200353345547772399e+00
3.242078445158024458e+00
3.188208053834869826e+00
3.305593685550538563e+00
3.345229561900254556e+00
3.245561283415967946e+00
3.118897128266020946e+00
3.010486141113075664e+00
3.121448840764827981e+00
3.170853548240307962e+00
3.097782599438268836e+00
3.221506115045027041e+00
3.148186824017294327e+00
3.257508621140746463e+00
3.189094452135068369e+00
3.320119711707002708e+00
3.511827929214182298e+00
