0.000000000000000000e+00
5.803249908395561318e-01
6.843357174660038567e-01
7.768721474368780466e-01
1.059068998410146456e+00
1.069651961345755353e+00
1.142251392135521737e+00
1.240325644249915760e+00
1.198776420843958856e+00
1.062729753398009125e+00
1.165051926196242427e+00
1.152193067322138775e+00
1.191562913308383820e+00
1.336282773921175115e+00
1.150370847880707093e+00
1.176802436613191727e+00
1.387959109380304978e+00
1.189956665255323731e+00
1.207982396105691025e+00
1.232948920547462857e+00
1.410687965622331008e+00
1.362006538403117251e+00
1.452623207800728400e+00
1.414759064384551124e+00
1.287110135570291414e+00
1.221885592206750637e+00
1.315301763016624381e+00
1.455189563868898972e+00
1.644031796622502206e+00
1.565363211915158592e+00
1.547668270561749937e+00
1.571936600238896586e+00
1.728087061468971619e+00
1.705141737819458880e+00
1.861698714019783818e+00
1.853171885775366956e+00
1.724938214682406601e+00
1.878292744214475229e+00
2.016387339568185499e+00
2.131796241179373386e+00
2.219052660553911593e+00
1.990111619147409971e+00
1.777694363965360624e+00
1.796453415843495938e+00
1.805672180694912310e+00
1.682375080352389141e+00
1.721182449783429380e+00
1.953025418382509315e+00
1.877455623551019581e+00
1.892859099078541218e+00
1.826046974686823976e+00
1.874963588839102746e+00
1.752215890294419154e+00
1.912722104878332940e+00
1.873327690235078835e+00
2.047110272614502513e+00
2.083148002900746310e+00
2.356912752466996608e+00
2.364683942888628820e+00
2.269773436342788386e+00
2.093767726344645475e+00
2.092321535049812109e+00
2.078906587887965340e+00
1.960797083858101697e+00
2.156144318414958683e+00
2.429890245035495777e+00
2.460022056816106861e+00
2.495350062182919437e+00
2.775357488089853053e+00
2.619576139248570357e+00
2.757807569546666837e+00
2.591845988216378238e+00
2.521590304972462615e+00
2.227528844475458847e+00
2.382965398166501103e+00
2.497000129316273132e+00
2.733402180057630915e+00
2.564074236011693930e+00
2.558368964957306257e+00
2.500323379973070193e+00
2.672407269010979913e+00
2.727798134436017374e+00
2.505487993726251972e+00
2.315783138870321611e+00
2.363878629062988956e+00
2.360786550176739773e+00
2.299626510985306016e+00
2.276498422381544984e+00
2.159743121213824502e+00
1.969331945848806109e+00
2.253724776487179060e+00
2.164248468952400639e+00
2.045527852795136603e+00
2.225766441517823768e+00
2.088117793383139187e+00
2.391983793391397661e+00
2.247886228774513828e+00
2.359778901255131345e+00
2.276019030276299038e+00
2.320170838261839563e+00
