1.507891492923917490e-07
3.987853347603632082e-01
4.649337065229401378e-01
7.474273504531958601e-01
7.386701714170259558e-01
8.476202394588774336e-01
9.234957196828567083e-01
8.857495469592433501e-01
9.460344193646003097e-01
1.084193290019272116e+00
9.237325074538447200e-01
9.291884032489472478e-01
9.014537290135857805e-01
9.422488142640175202e-01
9.403918187991345823e-01
9.094781283086573742e-01
9.512739152159346290e-01
1.063315446323669811e+00
9.771953855853453552e-01
1.071782137831677195e+00
1.113301457299173292e+00
1.365914835960278184e+00
1.313096514815111915e+00
1.310271253266241054e+00
1.352650868279734686e+00
1.137976362928747376e+00
1.126088848960876465e+00
1.071357936344401018e+00
1.221550493428079198e+00
1.140500390482976023e+00
1.285032606360828389e+00
1.283807169070169119e+00
1.358167501444365710e+00
1.247602302877526270e+00
1.356974329397511614e+00
1.306186302267063448e+00
1.100882647452173790e+00
1.135680082407868774e+00
1.256423618511682383e+00
1.240170429968003196e+00
1.264920920913574554e+00
1.222269245511682367e+00
1.228165822559947662e+00
1.298383998859829136e+00
1.227431364757453292e+00
1.085332149208790176e+00
1.172229206231834908e+00
1.070123118639590087e+00
9.455891627611825445e-01
9.757341653179544272e-01
1.176743738217332469e+00
1.041338009752624583e+00
1.175647271605666289e+00
1.282644727879399982e+00
1.163151390302547883e+00
1.076924081074269957e+00
8.798328751151985871e-01
1.091182039093710587e+00
1.216924470951642911e+00
1.105946569777476851e+00
1.028179225450284839e+00
1.158850197393401338e+00
1.132783652980575484e+00
9.849767639452982060e-01
9.304644072531095267e-01
1.047108323711871458e+00
1.035175451064750840e+00
1.092548200668844505e+00
1.153496754950687597e+00
1.234751623615680138e+00
1.279277114553973416e+00
1.041482767125860409e+00
1.163594640237229472e+00
1.114499392669903610e+00
1.051747402338731874e+00
1.111101548947241113e+00
9.689801696513420382e-01
9.418869069166613262e-01
1.102740514650055736e+00
1.181261620535930756e+00
1.250573151218415724e+00
1.297028881054197447e+00
1.185838139480515752e+00
1.257063465009168990e+00
1.424612240054666801e+00
1.399537783779133404e+00
1.373109109954443241e+00
1.194596481428034984e+00
1.242157367602069407e+00
1.275674267499809833e+00
1.368003967525659004e+00
1.401962194103499648e+00
1.369551188151659771e+00
1.460613623110925685e+00
1.503041813425668671e+00
1.471824320603197789e+00
1.480110920520598672e+00
1.485579944977614808e+00
1.432699080546745662e+00
1.497578584016651115e+00
