5.223489356090222115e-07
4.652240243988301494e-01
7.189019600314705549e-01
1.166290453611442013e+00
1.231826835424568944e+00
1.579165892632629964e+00
1.437817107875830835e+00
1.226657516416413518e+00
1.316723333955298170e+00
1.252806482496411133e+00
1.510486805676909627e+00
1.652453278117233859e+00
1.647239728583908658e+00
1.622199147499869820e+00
1.716695137860456688e+00
1.793343879105250505e+00
1.946318521044352767e+00
1.771801999040252928e+00
1.740794622538861525e+00
1.704743424667898521e+00
1.613638712460844893e+00
1.563692069954380814e+00
1.641132142149042350e+00
1.830909686665435965e+00
1.996290886425420519e+00
1.993821864779321773e+00
2.097052485382358444e+00
2.289021091773739247e+00
2.377742800982072247e+00
2.345213213286055698e+00
2.528906189953940231e+00
2.576426540888752559e+00
2.515447098592082487e+00
2.439060711329697817e+00
2.407132481598173168e+00
2.586883785434053618e+00
2.732783617377079199e+00
2.742731090520924564e+00
2.731984957332695085e+00
2.641196724582449473e+00
2.649575549901975524e+00
2.878940441693992103e+00
2.850571066298237977e+00
2.816709454711486593e+00
2.813922758370134503e+00
2.913823904790330488e+00
3.160686865084379793e+00
2.813250836178034398e+00
3.050094307393854454e+00
2.924805293116501836e+00
2.902148021731005834e+00
2.781365416198415819e+00
2.785982552616068197e+00
2.576585447617171010e+00
2.622701687526447945e+00
2.668049505033823987e+00
2.691323560358815481e+00
2.731716657043080421e+00
2.661575202973237353e+00
2.508813072128697641e+00
2.449263501168447377e+00
2.448466143749973067e+00
2.563376837746005332e+00
2.384344640661075765e+00
2.384439230026598633e+00
2.515646631644849585e+00
2.398521428871529970e+00
2.628171583110916920e+00
2.947155050307886270e+00
2.600689528990031363e+00
2.570067217673382309e+00
2.546316680528273313e+00
2.383450616954205792e+00
2.414198567938733220e+00
2.419764149684253240e+00
2.613609805063008551e+00
2.704491971728045563e+00
2.586439159248343778e+00
2.516457296167742719e+00
2.570317041805731506e+00
2.534769885372287312e+00
2.384655650641840374e+00
2.026683916931142804e+00
2.027171959469304507e+00
1.992180024786265768e+00
2.035127520762396891e+00
2.190812110721403361e+00
2.271177362469277039e+00
2.256500818503594186e+00
2.474375974296596503e+00
2.454164523121320052e+00
2.268093643485499022e+00
2.481888911196256320e+00
2.207533707011940738e+00
2.224608688704537762e+00
2.093048763336428308e+00
2.181435092848418300e+00
2.139303054168574469e+00
2.187529694251561629e+00
2.301688047572693296e+00
