2.132480599880017890e-07
4.488427670629026589e-01
5.648227708394288893e-01
5.368373826703815022e-01
7.692383310534455232e-01
7.720581384565314842e-01
8.979948698703249521e-01
9.146250847757048108e-01
9.953306470680107765e-01
1.066024954750177667e+00
9.588023193530055277e-01
9.855347704366991257e-01
9.011498331400238371e-01
1.010836753886465544e+00
9.536935726316684292e-01
8.741200836700180332e-01
9.964187708856255821e-01
1.171693589823594062e+00
1.231182015948806496e+00
1.517160411285897181e+00
1.449621478083486181e+00
1.488479311576365705e+00
1.681645461656984475e+00
1.694078523884886778e+00
1.809388583933727812e+00
1.778423926812115363e+00
1.706108237091072510e+00
1.651356209277677678e+00
1.408173408376386826e+00
1.595445067461838340e+00
1.640620571805342820e+00
1.520900496923230039e+00
1.645783686217188624e+00
1.674679375108340640e+00
1.812266621932819843e+00
1.835309821389445206e+00
1.874461218332007961e+00
1.943504495548026956e+00
1.865545096743104647e+00
1.807718983104536825e+00
1.888455540326775983e+00
1.801984668134708256e+00
2.061823926954001518e+00
1.933227149642937182e+00
1.972852747142952667e+00
2.062571367000272993e+00
1.982737802552998474e+00
1.824711278805939640e+00
1.729726300570913144e+00
1.868735226785735781e+00
1.780698881719438242e+00
1.586632780792865294e+00
1.833517140264145473e+00
1.827642181911545149e+00
1.652686036521249013e+00
1.964503136322680588e+00
2.089350747467986658e+00
1.965543788072931175e+00
2.021482211461866019e+00
2.068130182229438674e+00
2.134078174210591872e+00
2.035098814102539677e+00
2.228918420710422232e+00
2.612224002214414753e+00
2.327021163341114196e+00
2.217116183285723352e+00
2.366029016384725292e+00
2.390049692159139649e+00
2.529703975361733637e+00
2.689115762614867400e+00
2.592209576019397499e+00
2.137414676174855810e+00
1.912183857950223720e+00
1.900712941585471327e+00
2.290241669390893797e+00
2.288279437841376662e+00
2.661720677250797529e+00
2.589823392916353662e+00
2.684077519560118308e+00
2.575198885697218554e+00
2.453915503200572612e+00
2.343007708140142586e+00
2.362543135831118413e+00
2.417258818549159027e+00
2.503043794102304265e+00
2.492671537157425732e+00
2.429280344718439899e+00
2.522689289796020251e+00
2.679742251949602139e+00
2.537466520963897576e+00
2.595290039723967546e+00
2.642965801170790829e+00
2.571204206841195550e+00
2.525662067013706213e+00
2.650800342434383339e+00
2.654552809546384839e+00
2.642530701459923304e+00
2.625542380686234356e+00
2.501962136447153373e+00
2.545381510305805950e+00
