6.031565971695669960e-07
6.200584214539622829e-01
7.148837713343741962e-01
6.354024719487241235e-01
6.937518955389601061e-01
1.033035330437970467e+00
9.064668192630837007e-01
9.183774098736730007e-01
8.374477134211947282e-01
8.849438689070814323e-01
1.061071925318842091e+00
1.300840552802521533e+00
1.610285149540741090e+00
1.202255048734365950e+00
1.447216432168122680e+00
1.355346480699173073e+00
1.429556506510528457e+00
1.377721269161012563e+00
1.567961243964727469e+00
1.439526870741509645e+00
1.524218658467782150e+00
1.705269004611189576e+00
1.678073200303267454e+00
1.817599171568766714e+00
1.935038814960259757e+00
1.919572049901383526e+00
1.927729478098409110e+00
2.111352805823200285e+00
2.175911775692584982e+00
2.090926315276189662e+00
2.212090228786833812e+00
2.207899126910232379e+00
2.140820708161668140e+00
2.125987534128088718e+00
2.186668508637807928e+00
2.320410129785842379e+00
2.404741867847048464e+00
2.439467744529508320e+00
2.487319707904431798e+00
2.370648225916752949e+00
2.430188759017525069e+00
2.556118371129783462e+00
2.498883974479179315e+00
2.442372870890232583e+00
2.299456177399643586e+00
1.918695873950436726e+00
2.125534425609771016e+00
1.914015775492374116e+00
2.001743091308063605e+00
1.712504541077322529e+00
1.910433580599798065e+00
1.977713266382655988e+00
2.035223495733398114e+00
1.572856548328162907e+00
1.619239667403039151e+00
1.752132670487171140e+00
1.536640829534536179e+00
1.711369499338588396e+00
1.688447459665555206e+00
1.540056939493512411e+00
1.806610014382144858e+00
1.973735128606250777e+00
1.803017425168538024e+00
1.832035592051194817e+00
2.007490382316293509e+00
2.188183129631746660e+00
2.097625101927960589e+00
2.415147830648019411e+00
2.533384789057310460e+00
2.398932085202811759e+00
2.540691524774716381e+00
2.429129522234942495e+00
2.591271989696664946e+00
2.711083032199196996e+00
2.642970593108668442e+00
2.555619875928865081e+00
2.495461418561967903e+00
2.360600899458850765e+00
2.416259474579384836e+00
2.581194063288141827e+00
2.457328849178597174e+00
2.589983515544574733e+00
2.544871032663146071e+00
2.485721258710213988e+00
2.411281865981982797e+00
2.082692795019237320e+00
2.240090070109982179e+00
2.361222208426132951e+00
2.305079084354920038e+00
2.419387737270045857e+00
2.426438641232448123e+00
2.600036938001856424e+00
2.467835025121659420e+00
2.432230267289562597e+00
2.661068760282795598e+00
2.459211592172714234e+00
2.432474718199553632e+00
2.279534490217372422e+00
2.142593251383374309e+00
2.276753905953344592e+00
