0.000000000000000000e+00
3.916613482477385166e-01
4.980928834637090019e-01
5.665504787568704792e-01
6.952781835608833338e-01
7.208889047209137146e-01
7.949334879443090696e-01
1.065170124395323326e+00
1.120934160215271147e+00
9.810495928179633340e-01
9.591866094132700526e-01
1.199199729529368819e+00
9.980993844920368341e-01
9.715643230607342584e-01
8.662231369054634866e-01
8.866019068554116256e-01
8.881291965411715061e-01
1.215979877426559108e+00
1.216724685783903803e+00
1.183424332795173228e+00
1.414078929027466458e+00
1.337273294948185809e+00
1.375612069878039856e+00
1.613119236168732762e+00
1.433898088906250701e+00
1.432891848630357678e+00
1.371155238364611950e+00
1.255781466444329642e+00
1.517444960245353469e+00
1.517795802727820664e+00
1.795491457675294278e+00
1.803576131419471817e+00
1.778442663166002191e+00
1.923165308861794154e+00
1.823936491055815345e+00
1.590778199307466334e+00
1.743021398575137715e+00
1.866516370748164455e+00
2.034544030603568032e+00
2.012839554611358217e+00
1.981336007309969727e+00
2.169262111908454749e+00
2.007378845457722161e+00
2.128612455217659516e+00
1.995112166115534658e+00
2.159485969696944174e+00
2.047086065923890530e+00
2.159218562763555394e+00
2.348168251619476177e+00
2.527830639594891959e+00
2.578886463712522836e+00
2.743159345939351734e+00
2.623122845557190885e+00
2.711068602194273147e+00
2.579028604848226269e+00
2.521923359492207695e+00
2.764623975995388783e+00
2.608098445152613021e+00
2.494042432320298985e+00
2.389387663444148657e+00
2.719319886875103176e+00
2.883386226696932564e+00
2.948490888919536701e+00
3.164933673888733701e+00
3.334883855126904439e+00
3.292290181918482439e+00
3.381410330503076267e+00
3.322318229749051000e+00
3.499618895524807538e+00
3.384853964347167121e+00
3.470874537624890621e+00
3.415052824467781800e+00
3.471406724555312184e+00
3.400751380521579215e+00
3.416969647512090980e+00
3.674556827017445571e+00
3.812141547206610692e+00
3.870657548120167935e+00
3.657257647830128189e+00
3.641273109277786801e+00
3.633099866329385641e+00
3.748180771862807514e+00
3.789653828784071532e+00
3.822972404913413502e+00
3.898489755134149970e+00
3.619673923818727879e+00
3.661903939389411722e+00
3.857991066342986830e+00
3.799995249794844820e+00
3.736660282040038084e+00
3.863659789720411020e+00
3.788360755950545222e+00
3.736968123470875813e+00
3.691922255677118070e+00
3.610496970485248536e+00
3.396932950809254947e+00
3.366045646642014333e+00
3.304555702824284236e+00
3.355769521750501916e+00
3.243550472717840805e+00
