4.768371582031250000e-07
4.169323394151664419e-01
6.059790263807011135e-01
7.729921456073464148e-01
9.001174831751462824e-01
8.363001590604320912e-01
9.918511331914230400e-01
1.028622739147245779e+00
1.125238859740679276e+00
1.123223517885900691e+00
1.019487527057169052e+00
1.203600567198340299e+00
1.339494844579664834e+00
1.472062339573213308e+00
1.571021650580643136e+00
1.620190003887026720e+00
1.668999788087859315e+00
1.541838780363146588e+00
1.620952410412421996e+00
1.842148550721217637e+00
1.861400010011600381e+00
1.986725296268842644e+00
1.874946260939937881e+00
1.883067035885797269e+00
2.182955211185289457e+00
2.205300669412413761e+00
2.105791238693631051e+00
2.164921327132339535e+00
2.295784617847012932e+00
2.371145466287520431e+00
2.493783496944586453e+00
2.370972974650741083e+00
2.504630398254583667e+00
2.671395631544473570e+00
2.725331912067601170e+00
2.658522945476530897e+00
2.603628396591917138e+00
2.483360741549179629e+00
2.540494255442604654e+00
2.419596058329925636e+00
2.521611426644956744e+00
2.311289584580108691e+00
2.405785572409655959e+00
2.342433748441735020e+00
2.430790728664140143e+00
2.376642252353182272e+00
2.429099043454797435e+00
2.587369089642266307e+00
2.528442719849839815e+00
2.664393285008591850e+00
2.503048247620182298e+00
2.437287496034822087e+00
2.583519935588328043e+00
2.467561772771237560e+00
2.616297366703753013e+00
2.433872041434324451e+00
2.363887229278562874e+00
2.781439064385914151e+00
2.767018968381705690e+00
2.643483200235377861e+00
2.623524455376687659e+00
2.737644102519625200e+00
2.632322429839483391e+00
2.629884095404366740e+00
2.837287887741897219e+00
2.835048210195760809e+00
2.779012830999913142e+00
2.761281019024149685e+00
2.675881327944049204e+00
2.917801548887838603e+00
2.868236052880608344e+00
2.980240232245032761e+00
2.904443363890957031e+00
2.772728083355199935e+00
2.633515476091016438e+00
2.652595693886218520e+00
2.812865710427470134e+00
2.763087753297559068e+00
2.719975463276832262e+00
2.654792372407556833e+00
2.606346839737648580e+00
2.634837925869318642e+00
2.600208408408766658e+00
2.789577703953306731e+00
2.515521333124382863e+00
2.484988670659444843e+00
2.480937846840538530e+00
2.462196659908839180e+00
2.517591381280637197e+00
2.763016774658079822e+00
2.718712530996418852e+00
2.918727278854988061e+00
2.908585587337559453e+00
2.872075061726925949e+00
2.805534042286242702e+00
2.864627691114789432e+00
2.904047317895410707e+00
2.811359289089104596e+00
2.989676440112495115e+00
2.965960671309702423e+00
