3.693564745147149106e-07
4.485610867007377989e-01
5.859040073147135930e-01
6.256394635450590602e-01
7.615218784359060189e-01
7.094110748521367249e-01
5.871431943408820242e-01
7.148545800840792053e-01
8.034002496014038819e-01
8.005345866252255860e-01
9.831031510091777781e-01
8.049179338598557720e-01
1.091894522140197443e+00
8.593033460936153611e-01
7.449467785690676580e-01
9.195090497065028234e-01
7.850861093144145819e-01
8.268798433787409863e-01
8.310161430719114062e-01
8.252311603533193374e-01
7.662554391856584157e-01
6.870715483453906369e-01
8.317671648491186120e-01
9.857303495885056943e-01
1.162048281524611593e+00
1.175584696843741339e+00
1.148972309863432351e+00
1.228444130916392707e+00
1.215615141152377454e+00
1.233912412101018541e+00
1.226081546942145772e+00
1.260546932997794523e+00
1.353337938212986424e+00
1.432947967140033363e+00
1.401791601895141293e+00
1.457174560750526870e+00
1.672496542698057365e+00
1.680870602503433231e+00
1.574600106418760026e+00
1.551361018984312556e+00
1.531760565493391901e+00
1.390822107033674815e+00
1.355128567491884706e+00
1.488852481651419035e+00
1.371147294968567021e+00
1.600137082717452142e+00
1.323819927983377109e+00
1.511003478365835928e+00
1.378094328039046745e+00
1.436189961633411061e+00
1.462317172634342910e+00
1.648831684261284902e+00
1.641634938386249409e+00
1.671860449512386548e+00
1.500906251407535530e+00
1.564056044131505674e+00
1.650452413099048776e+00
1.790887070058341468e+00
1.856650421625658520e+00
1.769696119348280305e+00
1.769240575025256446e+00
1.737775816139277119e+00
1.781839784245491387e+00
1.796404369831887449e+00
1.715643396924831476e+00
1.975742802343021021e+00
2.010968949635159930e+00
1.976736499648695577e+00
2.018779597716436225e+00
2.141556373453842532e+00
2.063436982133132425e+00
2.140205811817935455e+00
2.087962061007719416e+00
2.275788085385241022e+00
2.180384073973875125e+00
2.149564999624748562e+00
2.161935592749732127e+00
2.347365065498302261e+00
2.192624847890961792e+00
2.068858923938586614e+00
2.144038148313223147e+00
2.180825137569746275e+00
2.146263463105731351e+00
2.265674698545474097e+00
2.262575890478020657e+00
2.245862940091626125e+00
2.321415659853258262e+00
2.380767048514190076e+00
2.519477848307065226e+00
2.637525532639935388e+00
2.594994738165591563e+00
2.402457843783261993e+00
2.569127977891480175e+00
2.380437804535730617e+00
2.480005716562992735e+00
2.331130708997413592e+00
2.394007165186609498e+00
2.603534753920059508e+00
2.633254527371551745e+00
2.632678623894621150e+00
