2.132480599880017890e-07
3.947578534945759832e-01
6.996765759367840065e-01
5.846125170259478532e-01
9.870772955853784891e-01
8.436382639328311450e-01
9.250927538595141719e-01
9.739943838009282873e-01
1.094449532199237352e+00
1.271212064967032429e+00
1.251057827818631285e+00
1.292844574208743769e+00
1.560560101292256086e+00
1.400685502343904210e+00
1.465024093120771198e+00
1.732204685491249396e+00
1.689171349419646972e+00
1.765285719736815251e+00
1.922840978279978685e+00
2.050618374805619037e+00
1.755265255393094304e+00
1.878558279904364525e+00
1.949792936501372642e+00
2.087527818339877772e+00
1.933692299856482499e+00
1.987201013798784111e+00
1.921597982588953535e+00
2.033056491711809244e+00
2.136006072001244149e+00
2.116464465278133478e+00
2.126323116232024191e+00
2.192522748254471132e+00
2.183246603565624611e+00
2.177447096551749173e+00
2.141032317978432076e+00
2.111693350661771884e+00
2.096902454504305791e+00
2.160692959745176722e+00
2.184818556916538590e+00
2.296349825376883480e+00
2.177533384139868744e+00
2.233912340272892205e+00
2.291127415581723614e+00
2.412531072725999426e+00
2.343264471510371205e+00
2.329470370724563200e+00
2.160516149609948311e+00
2.293991918267082930e+00
2.131117263914733773e+00
2.301481627599869739e+00
2.093213973097872493e+00
2.246361121792481708e+00
2.118295503271816926e+00
2.173459429289866573e+00
2.211783177294523117e+00
2.517525547047470447e+00
2.450707405026795627e+00
2.702574105334591970e+00
2.701009583230700173e+00
2.710286198410573277e+00
2.905135026580226043e+00
2.631066039364602815e+00
2.533532000398313944e+00
2.515309137769342840e+00
2.581437904374670911e+00
2.787299652959511320e+00
2.901636101557291347e+00
2.707394031771058085e+00
2.447624590244520615e+00
2.481454480375336225e+00
2.239406205734492783e+00
2.452782061930980806e+00
2.446782730561132713e+00
2.386721957944359040e+00
2.419095026074611354e+00
2.270518471620261547e+00
2.363419301640555137e+00
2.448913506222605285e+00
2.484814849417494642e+00
2.492030878491664936e+00
2.515843812693824955e+00
2.560678947442434072e+00
2.470479894714860514e+00
2.619799160264943527e+00
2.523639662356790492e+00
2.535793005425492019e+00
2.663399792542950451e+00
2.644015051050261800e+00
2.492711473937402111e+00
2.551960533141521825e+00
2.777138456824299162e+00
2.521954389935337382e+00
2.403339399164068801e+00
2.249876026581378419e+00
2.412500243830473234e+00
2.474007682818406550e+00
2.386085666038013642e+00
2.400239461801782159e+00
2.393164969227234540e+00
2.028125269185135249e+00
