1.507891492923917490e-07
4.377223164423173496e-01
4.762801405454049064e-01
6.005034228796641838e-01
7.557061918757939090e-01
7.030383751207380794e-01
9.123569884304411071e-01
8.934472701444071685e-01
8.022181472618201692e-01
7.398254983248583327e-01
9.567338312406173939e-01
1.011652770267214896e+00
1.102229137609006981e+00
1.065971649322055237e+00
1.135705385348231955e+00
1.208446564642929655e+00
1.049588918062703158e+00
1.073247083290310933e+00
1.052921277734803818e+00
1.074307772722982390e+00
1.098034651635908743e+00
1.066115511453687992e+00
1.061499229522128163e+00
1.082495161161552089e+00
1.095891924913990900e+00
1.093443224966706095e+00
1.147922666971949113e+00
1.238237863346303147e+00
1.280998171030831800e+00
1.281501288830447116e+00
1.289754904554852866e+00
1.253540155084591490e+00
1.247210016350947859e+00
1.457327119649735492e+00
1.376955608925044316e+00
1.473995355190961254e+00
1.470833876341097968e+00
1.465977396209594330e+00
1.538744256050911696e+00
1.574334173109529056e+00
1.490391011343988437e+00
1.613027616225890526e+00
1.638897270544454665e+00
1.589833294868650659e+00
1.633360948073995456e+00
1.714846664915415708e+00
1.831586130928435141e+00
1.680022609527922262e+00
1.866254388921247287e+00
1.812543985238805222e+00
1.838092855101254752e+00
1.836407960091978930e+00
1.824305676252155450e+00
1.522988059750591816e+00
1.459564669379102453e+00
1.388806050348967869e+00
1.179037720943184819e+00
1.098179928625057311e+00
1.044269194685225166e+00
9.927728429790676490e-01
1.035253683777787925e+00
1.231572635409036609e+00
1.061585878523311877e+00
1.116529909457478098e+00
1.105244392169940637e+00
9.909308768529868638e-01
1.103605175419700712e+00
1.295012026532297966e+00
1.109165647661570331e+00
1.136926326896703365e+00
1.093825083988397395e+00
1.077643047967949963e+00
1.119936811705956048e+00
1.290574932880977466e+00
1.041746550464492271e+00
1.277091645496176264e+00
1.041004574981732267e+00
1.066073624559392252e+00
1.033119568912987507e+00
1.027173615496357773e+00
1.344311647612786542e+00
1.563519204962468878e+00
1.478844486492095767e+00
1.380490671224763988e+00
1.358491355896156660e+00
1.484285157743647776e+00
1.457584394745263356e+00
1.345985348457945596e+00
1.384178361653466416e+00
1.420636042202872096e+00
1.345632133752288517e+00
1.434074348121103570e+00
1.396788157357792270e+00
1.466469228766982491e+00
1.331614753240397464e+00
1.252285735178477077e+00
1.073703111553254042e+00
1.268509176225702584e+00
1.322354577834370604e+00
1.190163812349689820e+00
