1.507891492923917490e-07
3.328047610538464873e-01
4.803829968973544196e-01
7.208013274030660167e-01
7.787522111905267330e-01
6.771051334759735640e-01
8.121870204243856195e-01
9.276602052594761227e-01
9.857447022718868190e-01
7.990928461077018152e-01
8.305941114482683352e-01
7.598061304817089745e-01
8.365328786028866093e-01
9.880255737751855172e-01
1.041138600600529873e+00
1.179348949778828981e+00
1.141425263504796561e+00
1.078956334913774517e+00
1.139549399677352248e+00
1.275622600962562192e+00
1.294873802492874315e+00
1.270221336355567665e+00
1.222243879958319956e+00
1.302585629467164940e+00
1.193657140408662221e+00
1.221678561399090590e+00
1.385130945460762986e+00
1.149627488907007722e+00
1.193866536365419950e+00
1.118729487416608936e+00
1.176356100253261427e+00
1.206827846524070935e+00
1.260688199970972478e+00
1.251847716215241713e+00
1.286472487532323905e+00
1.230985091129310760e+00
1.322556198380000492e+00
1.270333082131539060e+00
1.281969114038274959e+00
1.278606084882719651e+00
1.141919149719611726e+00
1.407650570018611269e+00
1.410157741076241145e+00
1.256024843094500687e+00
1.318651453813236785e+00
1.288598333289648012e+00
1.336330421108426814e+00
1.446456214683641939e+00
1.287285770196380685e+00
1.341936255774400122e+00
1.251432956059327140e+00
1.424805341381589097e+00
1.369918522383827719e+00
1.418231367725169001e+00
1.321355010939794461e+00
1.402619833504604729e+00
1.399176597970520852e+00
1.356624129354591313e+00
1.385509057312697134e+00
1.437582746404904910e+00
1.547666837915738558e+00
1.542386466927282651e+00
1.379527575043303145e+00
1.571553005463715458e+00
1.521510007699495626e+00
1.469320813752649224e+00
1.953801974799245667e+00
1.571114980558755869e+00
1.275346725393942782e+00
1.465586288972659190e+00
1.464413615624728493e+00
1.425674032599816954e+00
1.158499171087571833e+00
1.078052406112234518e+00
9.590764379779237458e-01
1.063036176770398633e+00
1.208850743219399337e+00
1.121312674597205294e+00
1.197155523701022961e+00
1.360365619406420645e+00
1.247063090172945365e+00
1.194227401087475826e+00
1.377072639659216113e+00
1.274309143407944322e+00
1.202694106497317561e+00
1.255177615396731339e+00
1.127818569044902297e+00
1.180235553021377726e+00
1.121906925130091270e+00
1.200527114733109801e+00
1.254111196449345433e+00
1.387653210850209984e+00
1.144698702945947000e+00
1.131664497183898277e+00
1.160081717630643938e+00
1.311007263984201199e+00
1.311218501239565182e+00
1.450362551935121536e+00
1.432725779321516679e+00
1.417567467440561613e+00
