1.507891492923917490e-07
4.288764414611773157e-01
5.547570192717979909e-01
5.819469125302744184e-01
7.123671684131812620e-01
6.409283916089453248e-01
8.386770585417181456e-01
1.007626321143495485e+00
9.655658114286262972e-01
9.624493726509055769e-01
9.388656117250823163e-01
6.950123569896788922e-01
8.287153922119371297e-01
6.905772656983002467e-01
7.716744988998877064e-01
8.026023106256616746e-01
7.777619702448153038e-01
8.113951456208694513e-01
7.577517635138972807e-01
7.801516046821669326e-01
6.449724204622823143e-01
6.258201823748907877e-01
8.091891709593987958e-01
8.138406913952473953e-01
7.779891554233039352e-01
7.379785545191017704e-01
7.621206821187682667e-01
8.374870359954084131e-01
8.968761185488794974e-01
8.356583788551689151e-01
8.062516073032283126e-01
7.232091160887694770e-01
7.141209558530354773e-01
6.592459875183352969e-01
6.928079382298815148e-01
7.766939024187046181e-01
7.479317685898539958e-01
7.434439438414686130e-01
8.891437958201007241e-01
1.001826144833785959e+00
9.774063238449699487e-01
1.021143304392129414e+00
1.058979152392976797e+00
1.221195332481578744e+00
1.152447336789433674e+00
1.139766508470380302e+00
1.163655081087405563e+00
1.187178632567025494e+00
1.034271955866284953e+00
1.202078495871833130e+00
1.239109039363001985e+00
1.108546474597278175e+00
1.345767795360642172e+00
1.431635065697756337e+00
1.460619825183148146e+00
1.508761909546595614e+00
1.596083730320439598e+00
1.420111265369145226e+00
1.660992677851337751e+00
1.632131158572952767e+00
1.723112794721589180e+00
1.655886203045537686e+00
1.744441602761948262e+00
1.727843533083277539e+00
1.916733124449304215e+00
1.802882206220181915e+00
1.862309020292186812e+00
2.009890912130396501e+00
1.914619835692566774e+00
1.891243345401688147e+00
1.882056740880904799e+00
2.104621462959682443e+00
2.111411577719378929e+00
2.124443917110403479e+00
2.043280245671356798e+00
2.055682850387370753e+00
2.258076811796160044e+00
2.244542285864580045e+00
2.386986508597922718e+00
2.403161124230792201e+00
2.221948893586974005e+00
2.388749604132561544e+00
2.120488057390144121e+00
1.988581497914155394e+00
1.976232067428449035e+00
1.948457660084095933e+00
1.903572708433021843e+00
2.018577090742019742e+00
2.003986952477333716e+00
2.226894699727942850e+00
2.386300297035427231e+00
2.393740946418537074e+00
2.253984056547916115e+00
2.354831352854085846e+00
2.206682058094016519e+00
2.228302152933543390e+00
2.247655343017015639e+00
2.209583021247213619e+00
2.239423295346801623e+00
2.309230740412695937e+00
