0.000000000000000000e+00
4.705962882594351138e-01
6.751161484619079278e-01
8.295103061083249907e-01
7.435942150836252207e-01
8.623547302896209521e-01
8.210210599097415018e-01
9.102868359980633706e-01
1.067933041221321266e+00
1.071126505598593681e+00
8.982008013095269527e-01
1.054588427811099960e+00
1.152853380364869729e+00
1.107394138062766764e+00
1.204617194480434694e+00
1.138317862074323505e+00
9.748846200132067485e-01
9.922288462826923672e-01
9.346034969024538119e-01
9.239838714536586783e-01
9.698959960361770438e-01
1.019921423243383973e+00
1.108918991598616843e+00
1.211307389313448502e+00
1.210752923516044799e+00
1.323902173621419376e+00
1.316119312026091226e+00
1.224843083682871203e+00
1.326722892246582797e+00
1.503349184613037570e+00
1.538559716716557224e+00
1.544730579263764225e+00
1.540330935477779217e+00
1.644069252448182583e+00
1.618984998738858705e+00
1.704925873295303207e+00
1.684341609000970630e+00
1.689561595103538316e+00
1.637678720792015818e+00
1.571447112577726513e+00
1.716950444516713636e+00
1.985213758237226456e+00
1.950529091001536930e+00
1.689251560212657211e+00
1.542214486973975562e+00
1.623717898386370040e+00
1.626318800968217460e+00
1.546999995312391629e+00
1.596627025449521398e+00
1.544440838668032168e+00
1.602993515710995132e+00
1.490293027943453197e+00
1.388705050202789337e+00
1.372325302415350556e+00
1.414166653491618630e+00
1.600465162271099473e+00
1.704862877824386613e+00
1.770121704456235401e+00
1.868961030944042978e+00
1.903495335752509954e+00
2.042635221942971313e+00
1.931134778824787013e+00
1.969370211490913070e+00
2.057029866478099045e+00
2.048958979331565455e+00
2.034158709428201650e+00
2.391720176389717345e+00
2.358310527260983669e+00
2.384453665750362106e+00
2.338761913328735176e+00
2.228804449336376337e+00
2.277646883333245498e+00
2.489476760096773322e+00
2.494862010413574804e+00
2.560774064090125979e+00
2.645032905861208317e+00
2.511220123267520865e+00
2.513066123189058310e+00
2.561299398748936973e+00
2.525387776124422778e+00
2.595787457376613983e+00
2.630508736646282042e+00
2.704776139453632489e+00
2.815761665841106431e+00
2.809803818691172683e+00
2.763658348393705388e+00
2.795800859203228406e+00
2.747136428221617521e+00
2.795114263115643816e+00
2.694121239440621540e+00
2.752931149187283211e+00
2.621514118741509414e+00
2.702849916839558997e+00
2.852373801878781645e+00
2.684321520227602509e+00
2.772540089116305673e+00
2.987083338957815304e+00
2.815049967841057210e+00
2.811113213053805460e+00
2.784512647810023722e+00
