0.000000000000000000e+00
3.591847363314848440e-01
5.603797511014309007e-01
7.028331830377023692e-01
6.941255611334464781e-01
8.060507304379653792e-01
6.864632519531443933e-01
7.581983300504044898e-01
7.357351898775911225e-01
7.921794701351341228e-01
9.003992271076216580e-01
9.795506298786949007e-01
9.269374171734054979e-01
9.247026534998903369e-01
9.837971880415616877e-01
8.534800430810738359e-01
9.107068600752411536e-01
9.973576513485945538e-01
9.407301933762940438e-01
1.102710367090024901e+00
1.103269940548588401e+00
9.652298151573296403e-01
1.043633630577112337e+00
9.455066070712916382e-01
9.340592640587421780e-01
9.355249811257255743e-01
1.015798741727836907e+00
1.010052606399275854e+00
1.197993798520105235e+00
1.121256865574134398e+00
1.340725739702440134e+00
1.433369119032818828e+00
1.428193894172062217e+00
1.312814306595324609e+00
1.297873838991312478e+00
1.339312017275267053e+00
1.381900347380796923e+00
1.539372334420393118e+00
1.464376339909165381e+00
1.462924715850696833e+00
1.454856865722849779e+00
1.385890855194522153e+00
1.420211960474399904e+00
1.307612827686155610e+00
1.267712563716097307e+00
1.329506188036911674e+00
1.357776391957117523e+00
1.301115152337328329e+00
1.412518332814601374e+00
1.494719052749062582e+00
1.617271719379625994e+00
1.771841064641951791e+00
1.683396547037074198e+00
1.705067006155001730e+00
1.678899961792597484e+00
1.641580624475294625e+00
1.282331483342607603e+00
1.332086276104649691e+00
1.312279543538111160e+00
1.218522681684373499e+00
1.214736796568174126e+00
1.310277851733838039e+00
1.279014021295902470e+00
1.315668272054051124e+00
1.351891508929645935e+00
1.426860502713845458e+00
1.423591207180629148e+00
1.456585789390807850e+00
1.497113746516425037e+00
1.565394958367519518e+00
1.534896155370046200e+00
1.540909187471102060e+00
1.669426921132791897e+00
1.716410677184381006e+00
1.429940140286045436e+00
1.361841031267520208e+00
1.681633214199225623e+00
1.577944828134747235e+00
1.846982746176675239e+00
1.954342148814784297e+00
2.062130317178237249e+00
2.091834181028854101e+00
2.186012264907084557e+00
2.164489386416206251e+00
2.100036026787376109e+00
2.157785310879301477e+00
2.035424973887246303e+00
2.089350957167905420e+00
2.143286214204264351e+00
2.046349725834144095e+00
2.168084364251884111e+00
2.113521282933748857e+00
2.078073757901450325e+00
2.009964352466216742e+00
1.867909835240135763e+00
1.903305653261909924e+00
1.958594493383354784e+00
1.763364563791816497e+00
1.833063158905331891e+00
1.867966970329543397e+00
