1.507891492923917490e-07
3.797823412857026515e-01
5.614789127059321983e-01
5.169899032830875818e-01
6.902781122800905056e-01
6.578723419020392482e-01
7.222384693852617055e-01
7.450024658388001431e-01
8.183100533231563167e-01
8.265883685485144738e-01
8.367887655300265681e-01
7.362640753023430573e-01
8.561911961851836894e-01
8.166586733024169265e-01
8.135802061882740910e-01
9.046263632934854471e-01
8.746317180006343284e-01
9.009780576774765182e-01
9.655523912272382381e-01
9.320910680366683021e-01
8.857835784808372193e-01
9.320793752975167212e-01
7.789339102872898657e-01
9.643074021567843435e-01
8.809890137936016163e-01
9.365587806357095202e-01
1.031278435915223168e+00
1.176954114585558209e+00
1.010646145392206874e+00
1.133031069155713277e+00
1.029031130876633338e+00
1.021792895007608726e+00
9.896022317326980122e-01
9.646826763574705144e-01
1.077814566061235046e+00
1.030531956183098785e+00
1.261806794725660819e+00
1.267277661233016994e+00
1.164379996663827299e+00
1.282567459779201613e+00
1.379397955090050143e+00
1.495516500399537207e+00
1.406506020471935736e+00
1.272713460475563441e+00
1.277181848384228324e+00
1.283473277047699979e+00
1.336629629645813999e+00
1.296528635856120104e+00
1.320687086958984402e+00
1.345122709811827910e+00
1.291193414435030995e+00
1.295327521687417383e+00
1.479867688940280646e+00
1.368686486024855098e+00
1.186832310888605635e+00
1.325905430244215033e+00
1.351944508135584533e+00
1.500914762504440114e+00
1.448678273119794246e+00
1.537558929216097381e+00
1.346600619263538245e+00
1.404280971462547489e+00
1.332579512864688009e+00
1.459533034820182040e+00
1.590921377278192494e+00
1.701857970596858394e+00
1.621536303345168628e+00
1.626040244444334038e+00
1.608729023281187276e+00
1.567352598955691345e+00
1.584797111460891639e+00
1.824336644633938631e+00
1.690239073686911953e+00
1.645407572015059383e+00
1.731667904128465052e+00
1.727276321997153419e+00
1.876928878778265419e+00
1.795991115356306178e+00
1.741051826190047391e+00
1.769043973288311200e+00
1.822145032470504855e+00
1.786593252307253410e+00
1.741981822868986063e+00
1.692529966511574058e+00
1.537999958910583276e+00
1.653845167986121911e+00
1.628416875015054721e+00
1.602232930570110625e+00
1.683865868024731816e+00
1.855317300781601508e+00
1.766583819046654957e+00
1.633499285199472961e+00
1.546833799521141195e+00
1.536360869325423817e+00
1.474391299379644638e+00
1.587915324100911407e+00
1.658062328717952560e+00
1.788306279712175595e+00
1.848208204314918390e+00
1.655674944554618611e+00
