6.397441799640053933e-07
5.623651555749927811e-01
4.787361188357949215e-01
6.480822567587068983e-01
5.255604270723289728e-01
7.862900259646511403e-01
7.225539503027622601e-01
6.911243147263573805e-01
7.223715497794028773e-01
9.167971395930454293e-01
7.745963558079557165e-01
7.632158723378038578e-01
8.061866092464802236e-01
9.220417549678709968e-01
9.793474138298058351e-01
1.040450159207245262e+00
1.032153316002452748e+00
1.164702837689037818e+00
1.406997739876594933e+00
1.332549544851954648e+00
1.228677144960567569e+00
1.353853581873443401e+00
1.485926077253070687e+00
1.622337001656068978e+00
1.630915486599049613e+00
1.637096474045544925e+00
1.777744005371258984e+00
2.002800598742618732e+00
2.186917848880608695e+00
2.034871584737527161e+00
2.125595811774352306e+00
2.173076102857439018e+00
2.269933765058490316e+00
2.409051600642254876e+00
2.486592023291394060e+00
2.715467494267253645e+00
2.856140319041210240e+00
2.686039145584004473e+00
2.634861156143027738e+00
2.415640467596194885e+00
2.373161630550556733e+00
2.442331485735428576e+00
2.419748881055507006e+00
2.290532762163043135e+00
2.120269966614592327e+00
2.286902188023935079e+00
2.381339215575526413e+00
2.576489525024954652e+00
2.476615619411258962e+00
2.529939426879994624e+00
2.847067636895946219e+00
2.865436150880759314e+00
2.852029478520226036e+00
2.921424859960922049e+00
3.079317446718787377e+00
3.033627907316400751e+00
2.990454108064268812e+00
3.111928772335725402e+00
3.148242680218874767e+00
3.058348371837096735e+00
2.972365493363378075e+00
2.859273519168975763e+00
2.906847616166476467e+00
2.981837500774849659e+00
3.204900127838917978e+00
3.161127158188887343e+00
3.125495776368168332e+00
3.059787958438872746e+00
2.887761953840256801e+00
2.929300785145383834e+00
2.897595926884972695e+00
2.945571100670215881e+00
2.834557076091007932e+00
2.712975777119895238e+00
2.878373585100073573e+00
3.007638794745815858e+00
2.931507646816862600e+00
2.845300808796976888e+00
3.035046967743787238e+00
3.078739346152338019e+00
3.084524910058984659e+00
3.038937497485086681e+00
2.983812703876682626e+00
3.187379300156405026e+00
3.054310335900849882e+00
3.019976195699009214e+00
3.200407848272183831e+00
3.063873827329277599e+00
3.088845798332873205e+00
3.074959118217166498e+00
2.917134798657844197e+00
2.798954793442678390e+00
2.770135290404812434e+00
2.890772214863249090e+00
2.902289771219637160e+00
2.863437110126049401e+00
2.884801272972749242e+00
2.917368866109303571e+00
2.841109901490484813e+00
2.956815275591924141e+00
