2.132480599880017890e-07
4.665207625398484770e-01
5.123882879505107235e-01
5.289094083211329789e-01
6.074029209071611923e-01
6.192871819505377795e-01
7.302365860053814384e-01
5.747891912071531051e-01
7.157532481735130458e-01
6.936576960827405269e-01
7.482404450032552612e-01
7.087211416695285982e-01
8.986294696307182139e-01
7.449857755322583097e-01
8.478270130344103261e-01
8.678563911576006040e-01
9.539079704981346941e-01
1.029894038610298823e+00
9.106741230689964217e-01
9.538610821641049231e-01
9.615200077449203020e-01
8.028215142251260428e-01
9.358291605705025828e-01
1.041802898804697897e+00
1.200694574656655744e+00
1.218119371728226374e+00
1.233584352816252006e+00
1.208140623325318463e+00
1.316474025527452740e+00
1.166431235247877174e+00
1.344959916601891292e+00
1.319012673774852651e+00
1.202945689925736250e+00
1.111751976916858675e+00
1.019470429058569438e+00
9.982410903797133139e-01
1.200105944714782380e+00
1.180185577003920905e+00
1.263298596982959099e+00
1.381635380050145745e+00
1.553036179048678855e+00
1.502036376791251460e+00
1.338866712646089141e+00
1.378418369389564413e+00
1.386432175458157223e+00
1.269941085100904088e+00
1.213448120597806490e+00
1.552467672534498577e+00
1.533062911091197966e+00
1.773049155716825087e+00
1.757415138041686919e+00
1.726312339288321285e+00
1.727039769792896529e+00
1.771548591042198861e+00
1.617540910715815849e+00
1.649288326241136193e+00
1.647949077307902854e+00
1.602234473889679434e+00
1.698441910081039063e+00
1.867872657514089596e+00
1.670774970635421575e+00
1.815359469882680266e+00
1.638493267555657606e+00
1.669296797857159564e+00
1.776525178514979819e+00
1.794942595875175684e+00
1.630808688915593274e+00
1.641474344651480788e+00
1.651398588053516248e+00
1.636077016592179634e+00
1.716623325109714715e+00
1.970492356334994755e+00
1.871459362630073953e+00
1.760986476389552857e+00
1.706031621598507186e+00
1.825310519987472180e+00
1.742377717551336413e+00
1.523363544520403234e+00
1.628888680791514387e+00
1.612021355833620939e+00
1.518147100239235714e+00
1.616277706859225338e+00
1.464732177910663680e+00
1.321002927314490760e+00
1.393713957704259654e+00
1.525521612930626381e+00
1.475140813446298438e+00
1.648335198141878122e+00
1.731490103197108832e+00
1.399548117396756552e+00
1.591996045086999212e+00
1.671886928773653080e+00
1.609671151041861314e+00
1.509483208249577046e+00
1.539978803293441167e+00
1.698629846260681031e+00
1.627951161619857867e+00
1.697599163383407550e+00
1.600617831406464964e+00
1.718580881907155078e+00
