2.132480599880017890e-07
4.314260440781306216e-01
6.504171392411837171e-01
7.981545323396176395e-01
7.900068356393522562e-01
7.607778368413790071e-01
7.392126301770461927e-01
7.151415582621432065e-01
8.435813634089160962e-01
8.985753748603412250e-01
8.016217476267341047e-01
1.000368254378401156e+00
7.897850978765924568e-01
7.928424114130367961e-01
8.775764101367835579e-01
8.679744524471831868e-01
7.770152449440094200e-01
8.491622927111512897e-01
9.454271113529711945e-01
8.620451978821445094e-01
9.263610618887335724e-01
8.046732215540760569e-01
7.464277070178699791e-01
9.252237073606743856e-01
1.081832088011100979e+00
1.085714726853814538e+00
1.031342081143326928e+00
1.236200536668037753e+00
1.057620235992607460e+00
1.206398410054901893e+00
1.302241020459147025e+00
1.121029433661078656e+00
1.379096488804631537e+00
1.314162432215984833e+00
1.446242796577349221e+00
1.361689118747809291e+00
1.458646111637533993e+00
1.291991977937462455e+00
1.370776965844200612e+00
1.646494943757061513e+00
1.865880733740805653e+00
1.758886690979962752e+00
1.791117854235375839e+00
1.941588668751980551e+00
1.808780866329774417e+00
1.668228154900296856e+00
1.665796912765882043e+00
1.667140432156983820e+00
1.587513978310670648e+00
1.605742100477413947e+00
1.640092426519218938e+00
1.566160932338106715e+00
1.538311023028374747e+00
1.594421040553837265e+00
1.774693300942949747e+00
1.727051758308728369e+00
1.720207801720069485e+00
1.782137773472486364e+00
1.790295892409953682e+00
1.837421379739685223e+00
1.669853466454295221e+00
1.764139170573405968e+00
1.875739063423652597e+00
1.718230872246951924e+00
1.786168112072169079e+00
1.871373646737830132e+00
1.698624966021585969e+00
1.896806660316201709e+00
2.000496852668284031e+00
1.983249742944352523e+00
2.218408599496131117e+00
1.997103867420663370e+00
2.182957357724481184e+00
2.197096936256803801e+00
2.378637300782728392e+00
2.412677634071721755e+00
2.475908858353564224e+00
2.329790148251127846e+00
2.566342279342713084e+00
2.286158239743389053e+00
2.332035146208584653e+00
2.361867486650191861e+00
2.438798790853367038e+00
2.549363977808020820e+00
2.488428137527198380e+00
2.490487863858964257e+00
2.524771530456626945e+00
2.233841871628332587e+00
2.301402595561603981e+00
2.285019100724353436e+00
2.234558156225018077e+00
2.345486199856737120e+00
2.312798604201006025e+00
2.565971808698866763e+00
2.491165140729536542e+00
2.551159321081369669e+00
2.447043399253115759e+00
2.440697807031390720e+00
2.462538275310540925e+00
2.545255136987806477e+00
