2.132480599880017890e-07
4.750615057579206102e-01
4.853271213290645258e-01
7.539284095390630380e-01
7.978679387897481545e-01
9.071901114061401428e-01
1.003536996496163569e+00
9.052293554055247382e-01
8.736374968965817667e-01
9.579897112103364920e-01
9.161862411428977060e-01
8.993571521572840677e-01
6.433689180347711423e-01
7.890383689088675823e-01
8.510045713499978515e-01
9.185180293262062978e-01
7.454799595626857567e-01
8.707674567042005265e-01
9.278411519503265703e-01
9.300135277304465431e-01
9.934209539855245463e-01
9.043945677482654322e-01
9.271789279262738770e-01
1.023517326398488247e+00
9.351728609455898233e-01
7.612883736046809346e-01
7.982784368207288539e-01
7.874657690855743075e-01
9.300974303868124737e-01
8.651057808397166760e-01
8.579909039500807078e-01
8.264171947119944850e-01
8.046134750918912948e-01
1.056098708252718676e+00
1.078906129118849755e+00
1.028276563364561413e+00
9.597216799926697739e-01
9.548621076126808660e-01
1.093372662109858950e+00
1.047292861744939296e+00
1.069012308386523058e+00
1.138082397192063278e+00
1.130597317554413950e+00
9.509653595917790803e-01
9.088744008812874586e-01
9.542807130227997092e-01
9.573274915229972315e-01
1.150119735484174566e+00
1.062056974473435833e+00
1.088629245899581877e+00
9.994352275551336984e-01
1.160960211260793518e+00
1.178031991312427973e+00
1.166627503703154156e+00
1.003076368164174781e+00
9.919067333662457964e-01
1.110943074683869991e+00
1.040869993874344646e+00
1.086871452434215346e+00
1.199562752629701023e+00
1.182154391114148329e+00
1.184774374216558401e+00
1.061635885026614989e+00
1.204192510573177444e+00
1.210243587830392764e+00
1.206674290875068500e+00
1.323706319512734542e+00
1.216201596529307594e+00
1.248579334657673900e+00
1.313347856453799700e+00
1.285327818985212867e+00
1.320791286477663640e+00
1.307925288083447990e+00
1.291884985900034311e+00
1.278927433782293344e+00
1.246860191735827295e+00
1.137676777367478742e+00
1.106497409075432703e+00
1.310555181095038435e+00
1.184303729601321020e+00
1.159445438203080547e+00
1.245956344047340902e+00
1.308069720672819125e+00
1.205467256543405030e+00
1.038925940826763483e+00
1.053833579830616207e+00
1.244759742567838057e+00
1.328986298981322367e+00
1.134686912343939369e+00
1.183881426442620288e+00
1.420205006377745383e+00
1.327615200907979798e+00
1.222150750333610869e+00
1.182814411634591556e+00
1.320842030805574385e+00
1.207342043609030524e+00
1.202546690310687838e+00
1.291081471978005268e+00
1.300891078701210679e+00
1.175006749688961571e+00
