0.000000000000000000e+00
3.495582372436622509e-01
7.286367068075153552e-01
8.243857890568202507e-01
8.038089667465789789e-01
8.230543014560047776e-01
6.560729158927248728e-01
1.007339087581306858e+00
8.749947820476536853e-01
9.134787660129707332e-01
1.124498516247804059e+00
1.150488254035392011e+00
1.287891463384867707e+00
1.155799511284870018e+00
1.030167816911669032e+00
1.125313691426270246e+00
9.416745926872233108e-01
7.501030213818543624e-01
8.951177001649075482e-01
9.233004841567202803e-01
1.122502620156467401e+00
1.257232080078008352e+00
1.404317553377674610e+00
1.221959046305406860e+00
1.090334581950739734e+00
1.294057162816378614e+00
1.292683307426075734e+00
1.108622277638830145e+00
1.224397292792873460e+00
1.414819061134473532e+00
1.428887587950268268e+00
1.322371188649079432e+00
1.211136547216437931e+00
1.435515721638312758e+00
1.372394952746241348e+00
1.467223363269955838e+00
1.590619494654471833e+00
1.816887084735406166e+00
1.664454475997168670e+00
1.613511188746772573e+00
1.750982778944398355e+00
1.979491558238903215e+00
2.001448825676178878e+00
1.889625408390920747e+00
1.704551435523409930e+00
1.726840541995007916e+00
1.886992034722547729e+00
1.887416553762515603e+00
1.946769347194377664e+00
1.852721398623135007e+00
2.052468279259444639e+00
2.244774467162542919e+00
2.263019107280993314e+00
2.335674583254903069e+00
2.316107704894987407e+00
2.465803871847044970e+00
2.450707216135010302e+00
2.405657587021224675e+00
2.666710441391876074e+00
2.500242234001782915e+00
2.618600485750851803e+00
2.724065787848747533e+00
2.539817773899754272e+00
2.521113505377969410e+00
2.613093678630620254e+00
2.723534666573124152e+00
2.516279038063927498e+00
2.631350168146870505e+00
2.605924204800003530e+00
2.720107565350226242e+00
2.455560862420418378e+00
2.442996875411115099e+00
2.467147383801927774e+00
2.595677377197357583e+00
2.304782261111580244e+00
2.537275110099923570e+00
2.550811960344020690e+00
2.660994653466159487e+00
2.582414306658139758e+00
2.560995211675292982e+00
2.643103821194762393e+00
2.525390061356582283e+00
2.313715617462560381e+00
2.313066993687711292e+00
2.795910994957701678e+00
2.760819745035038242e+00
2.789047987804789130e+00
2.546616487276668117e+00
2.672799836587280708e+00
2.691321164221273765e+00
2.705834671265843649e+00
2.777797175491004467e+00
2.671078025434586944e+00
2.666457957493505670e+00
2.652233009230318128e+00
2.912690320216912543e+00
2.837356942315913955e+00
2.844902261490653395e+00
2.840536243690230389e+00
2.908066672444165057e+00
