1.507891492923917490e-07
5.276532748215763124e-01
5.374166198563212760e-01
5.483561737923298152e-01
6.343165044745955328e-01
6.206538709300012391e-01
5.691925850164969436e-01
7.485416227867339733e-01
8.032710438120785890e-01
7.228686454029542574e-01
8.239495041046599466e-01
8.866553325475865499e-01
9.877822101694792023e-01
8.611610178821276218e-01
8.467393913229436242e-01
9.442454881068348405e-01
9.562932091648056465e-01
1.038028796473977167e+00
9.878755800448998370e-01
1.140412938352580730e+00
1.069141922273292300e+00
1.055894139641190277e+00
9.792657821889697578e-01
9.398153012603671641e-01
9.740140088463584700e-01
1.025725797649345905e+00
1.081413565308411595e+00
1.090775187492171838e+00
1.072896134530497703e+00
1.040308538646147252e+00
1.106231499321954193e+00
1.062853276172573302e+00
1.099484225507929791e+00
9.759705553820011703e-01
1.056716079763578842e+00
1.093062483491937131e+00
1.170741198925151938e+00
1.308675858003177872e+00
9.640957328931275550e-01
1.019627253617093166e+00
1.150901245411982465e+00
1.060478947461720445e+00
1.139594890771845170e+00
1.126123198095283495e+00
1.167796427263920078e+00
1.244125731359822851e+00
1.169020155296025987e+00
1.399815764791806805e+00
1.198996349184058285e+00
1.254372365712463022e+00
1.295816796134324989e+00
1.556108895091942390e+00
1.520989199074026521e+00
1.384915911907245611e+00
1.362517574952833321e+00
1.336946509343132306e+00
1.386109113938600368e+00
1.366330788260313511e+00
1.459437782894546842e+00
1.451921234025095986e+00
1.618272949602067134e+00
1.767363224187366466e+00
1.611839537186946725e+00
1.550808712863660510e+00
1.701089421151929848e+00
1.812526971428947142e+00
1.862167430709343208e+00
1.940124922976117716e+00
1.757155713681428644e+00
1.744569621536221193e+00
1.865909697210194507e+00
1.816541812566685898e+00
1.862912282575995837e+00
1.753705110941791379e+00
1.701339371772411013e+00
1.653621077132600314e+00
1.806252726624139049e+00
1.793936780087876715e+00
1.730495871730432178e+00
1.530035903770381456e+00
1.450896795062875944e+00
1.672974203379488989e+00
1.634036540880885235e+00
1.626472915888008686e+00
1.554915820226405732e+00
1.510188311310206588e+00
1.601705220138752273e+00
1.389312343735883637e+00
1.683407150460472623e+00
1.594076140212119297e+00
1.656824308156785497e+00
1.607428005156368078e+00
1.615395162223269621e+00
1.895770440977897042e+00
1.887958550288468818e+00
1.852702706856891313e+00
1.938378200579343291e+00
1.930753413795266882e+00
1.966215248538235594e+00
2.030948497292198063e+00
