0.000000000000000000e+00
6.348168701214922383e-01
6.945671413934855210e-01
7.661662877118800008e-01
7.383629996877906221e-01
7.761089575387366546e-01
8.084357242999131721e-01
8.939417376254641390e-01
9.621784608912924419e-01
1.038500154394684571e+00
9.463360826497814182e-01
9.196435569383974995e-01
7.556518869232030644e-01
8.712316267229528455e-01
9.782185346484087995e-01
9.508832851791774177e-01
1.056761879319834341e+00
1.043597564295068780e+00
1.156320885848989510e+00
1.062487203108361422e+00
1.049414062570726669e+00
1.125558558817442600e+00
9.978700315564208445e-01
1.138010051141366885e+00
1.014822341300001485e+00
9.971717003745548258e-01
9.692176773357047415e-01
1.152064463470382272e+00
1.165575604409011090e+00
1.062772341314720981e+00
1.174503516018015503e+00
1.166083281915986314e+00
1.267597491388899433e+00
1.463241763922605410e+00
1.409889270888253998e+00
1.414176909582255615e+00
1.279537790739390779e+00
1.239793955554335803e+00
1.481647856913476113e+00
1.641994854698436423e+00
1.414645200592893559e+00
1.362361314878728802e+00
1.486652246215080186e+00
1.602787013005034122e+00
1.563452453260034014e+00
1.586048724743608362e+00
1.482173824223978365e+00
1.332571326472985040e+00
1.396685552354944182e+00
1.455852073286343806e+00
1.453973227100432419e+00
1.589484723591229498e+00
1.499929289482313299e+00
1.500099509940888920e+00
1.591768639928802243e+00
1.466803949548100006e+00
1.501178436403761252e+00
1.396692408898403404e+00
1.352960047017795597e+00
1.403783500573119403e+00
1.484038036301924990e+00
1.493870391366764583e+00
1.434970654120073741e+00
1.500727656388602949e+00
1.449831074629108318e+00
1.506110388393978594e+00
1.492972062770494324e+00
1.506553528305348388e+00
1.364884646534757717e+00
1.463853247893880827e+00
1.552117723626649903e+00
1.802714297332882909e+00
1.551874443501137790e+00
1.678403053911586396e+00
1.648012415256750574e+00
1.805972775826187648e+00
1.690730556047500333e+00
1.678111471544019295e+00
1.592773184586073087e+00
1.672213693137372781e+00
1.674032216302256737e+00
1.683912248383733656e+00
1.659956326334004695e+00
1.819318056562263086e+00
1.871821688816051044e+00
1.974377178097640684e+00
1.864967118732276052e+00
1.885372271310212344e+00
1.902470630262842466e+00
1.774724861692411615e+00
1.770943830128591356e+00
1.835819354816644378e+00
1.748502438209560417e+00
1.603365761432063774e+00
1.628335678234706263e+00
1.616807967364968679e+00
1.672635692300141086e+00
1.723017314583383586e+00
1.889830877000069353e+00
1.911806328913227881e+00
