3.015782985847834980e-07
5.999254366829276375e-01
8.073697172358829111e-01
8.803078886004106485e-01
8.508360703964922278e-01
1.150267601485832847e+00
1.121633526520594337e+00
8.711990366528584717e-01
9.758935820189448274e-01
9.617068248023324939e-01
9.995016935577614170e-01
1.304111826396630702e+00
1.460542523803649351e+00
1.457123087877774115e+00
1.290183050635763440e+00
1.228136294725838074e+00
1.284002138756638045e+00
1.132131765326102046e+00
1.270366448752569655e+00
1.214630106394999798e+00
1.249635243387802630e+00
1.320275352129093083e+00
1.253968079325587404e+00
1.173444546540526323e+00
1.207915050458160167e+00
1.302838105824867698e+00
1.229113673124707651e+00
1.468064282170792767e+00
1.397335628891811066e+00
1.278280336891486124e+00
1.287669253906369438e+00
1.250298917286832179e+00
1.524739965070784020e+00
1.381725337072118975e+00
1.289435290611210316e+00
1.483125517840584884e+00
1.270780184369575627e+00
1.332883751271022765e+00
1.176216410622138664e+00
1.302739070999162196e+00
1.283778088949170781e+00
1.496809206996493558e+00
1.582682813462327198e+00
1.486172004539194402e+00
1.609618836460103841e+00
1.618849205716210937e+00
1.786811454821767287e+00
1.758931118011389794e+00
1.971546798890043251e+00
1.855977386162279696e+00
1.622497739918051352e+00
1.678413744019218168e+00
1.890312468561730297e+00
1.992724053460958489e+00
1.864225801292735518e+00
1.803455323618689876e+00
1.778466448695046775e+00
1.737358356020056283e+00
1.933443311250703678e+00
2.010809692734723875e+00
2.015158504024532338e+00
2.150158743556688457e+00
2.035134414852212359e+00
2.186957904452257573e+00
2.077409348360024222e+00
2.185282999231816348e+00
2.298370250055388198e+00
2.064671153276776305e+00
2.049862056801979193e+00
1.958720929426486901e+00
2.194552715972112544e+00
2.122908130027441054e+00
1.927294999319188351e+00
1.861638834776086160e+00
2.121817662753484157e+00
2.219821467227794276e+00
2.191397451281341002e+00
2.194473082351453108e+00
2.332321432001073447e+00
2.411873170673352273e+00
2.522765798529746917e+00
2.627716875178999878e+00
2.490089621901517170e+00
2.568779243563939829e+00
2.583458478389063284e+00
2.841350493741293892e+00
2.858000971468267259e+00
2.463829730343235713e+00
2.442598457034300452e+00
2.293652416146829243e+00
2.406264414328967760e+00
2.472343633532915863e+00
2.317881812229776184e+00
2.465555809114169605e+00
2.612564555328037219e+00
2.514296525439188468e+00
2.697823649253431544e+00
2.563385647114972521e+00
2.638974482669845578e+00
2.666102240622386876e+00
