2.132480599880017890e-07
4.920450962303241638e-01
5.280146709782815861e-01
5.864052637958213632e-01
5.160233708361338101e-01
6.981741536589695096e-01
1.091204277878990991e+00
9.888422148239593978e-01
7.904700647346858400e-01
9.482135681847071451e-01
9.932770308437501861e-01
9.734598012299551240e-01
8.672559131946496747e-01
9.919938839140154396e-01
1.146399483596733049e+00
1.198775355909395657e+00
1.205466242337210003e+00
1.261203237990420112e+00
1.192700104851344589e+00
1.297510011444259925e+00
1.433488897476393520e+00
1.360897447923861803e+00
1.499843076831229194e+00
1.482679229106784069e+00
1.473766415176765987e+00
1.234388714021534605e+00
1.378351249147086843e+00
1.197276558364226418e+00
1.042437046651051968e+00
1.163615853788493970e+00
1.103499125949746862e+00
1.312515954995028267e+00
9.329951114893596520e-01
1.169404030848953724e+00
1.053877387398599597e+00
1.176461895671100599e+00
1.142653689410891849e+00
1.104072609734439103e+00
1.012793585238274341e+00
1.120931569372807690e+00
9.130479287110212505e-01
8.324176152278871532e-01
9.007762135026274875e-01
1.050145462294675092e+00
8.708134889407012080e-01
9.212137105704466533e-01
8.497489366287083179e-01
8.690033696744756675e-01
1.049749413076789928e+00
1.166954741212729463e+00
1.066755978535871563e+00
9.616160336542514120e-01
8.958728638052234627e-01
8.203472740863548829e-01
1.141052014700473016e+00
1.022528041388499620e+00
1.079467367453408100e+00
1.009163802886324790e+00
1.121895089457054073e+00
1.114475094952906975e+00
1.080669761516464655e+00
1.119839992396830519e+00
9.965799504223867844e-01
9.570164626844976929e-01
1.140973539755361532e+00
1.109692884386384693e+00
1.212224435245409682e+00
1.274815988294371705e+00
1.335118294276996798e+00
1.196220786781067469e+00
1.039233325636593541e+00
1.176689933242653918e+00
1.154423113372773146e+00
1.193409277748454178e+00
1.144648466018088673e+00
1.301299068416424287e+00
1.234803679615873007e+00
1.240487544655752172e+00
1.158604551802149274e+00
1.261304559680541448e+00
1.244925343709661902e+00
1.180564874134174991e+00
1.210104054711798716e+00
1.208403024780371648e+00
1.263931783584981039e+00
1.181448728586673047e+00
1.283257604585071654e+00
1.225575383892389736e+00
1.418609662896232360e+00
1.384975931415186157e+00
1.463731199346821388e+00
1.452785303600517164e+00
1.785167163398260426e+00
1.838110671176595767e+00
1.749603709793707385e+00
1.758836701438297068e+00
1.535880371428991920e+00
1.619816776029750827e+00
1.529996299360947276e+00
1.809938956958385248e+00
