0.000000000000000000e+00
5.652945179189239333e-01
6.488144392471476563e-01
5.379248722075568034e-01
6.062737293014316409e-01
7.817698987691262813e-01
8.248890810951181596e-01
8.697122438299738079e-01
9.677155066054372590e-01
1.263505154570034428e+00
1.196041622852197284e+00
1.470465986529681190e+00
1.629531718236062243e+00
1.587699943568160466e+00
1.618358070468642662e+00
1.563806596716057040e+00
1.853471093117306401e+00
1.989815416515818836e+00
1.935671682581000530e+00
2.053779638476476599e+00
1.977917575787495386e+00
1.966870539057104406e+00
1.854776442564393557e+00
1.718599815989028112e+00
1.536923730076143357e+00
1.489389071104211704e+00
1.731275624280719239e+00
1.606542916753794570e+00
1.803490428782823285e+00
1.429102137048140486e+00
1.303246264701890311e+00
1.416652937805051415e+00
1.324860105089582740e+00
1.410107295396109572e+00
1.203328004200616252e+00
1.386857683729297630e+00
1.317892882443651104e+00
1.498666954409901164e+00
1.553987107704642323e+00
1.570026782423409317e+00
1.543339226730439551e+00
1.500374408914792568e+00
1.523185108989236980e+00
1.607273229320685060e+00
1.550251464182041516e+00
1.656325749718325691e+00
1.779668833641389947e+00
1.761194212931836311e+00
1.860789805720245660e+00
1.821583875320816226e+00
1.737840846006430739e+00
2.051465240654113398e+00
2.011539049429639459e+00
1.827081367932418487e+00
1.878736722019733296e+00
1.896338110532793442e+00
1.755854948096454926e+00
2.000007241886961662e+00
1.953546427449591061e+00
2.083004775445504553e+00
1.853561586161289965e+00
1.966489396605917817e+00
1.981398147089485917e+00
2.004768181585375064e+00
2.067004752756288255e+00
2.029407047713556178e+00
1.867238750593323449e+00
1.932697706059068876e+00
2.030718637511887970e+00
2.419871267867158338e+00
2.313669192283822174e+00
2.274190248099146494e+00
2.127271017215854432e+00
2.061097850987461566e+00
2.090053149110145281e+00
1.895126847792726332e+00
2.026222624206961864e+00
2.116728523839329856e+00
2.081491911316323495e+00
2.036603963156727648e+00
2.154015574025168966e+00
2.129661669786695910e+00
2.267594529867724251e+00
2.248950979586842536e+00
2.470851980830873540e+00
2.530805153710847577e+00
2.274606771621492829e+00
2.396318828424250036e+00
2.457431626091639121e+00
2.587678622608430512e+00
2.696993982338256490e+00
2.645930363821707765e+00
2.478602445537527732e+00
2.633978308234347754e+00
2.506170187026515617e+00
2.619910947167197524e+00
2.311324658487444950e+00
2.420392886871804539e+00
2.538812434183941313e+00
2.480823014193724418e+00
