3.015782985847834980e-07
5.857195165732829167e-01
6.951486301649975053e-01
6.133197889348890319e-01
7.135263639994995355e-01
9.510571939935336117e-01
9.575313423287765691e-01
8.859626239856261964e-01
7.916802798784040585e-01
1.024626991860061898e+00
8.925288373616327986e-01
9.217253829128025933e-01
8.999013199549250608e-01
1.038293684567044295e+00
1.165071682216394677e+00
1.312234153848604867e+00
1.431164612156887950e+00
1.280975490064432121e+00
1.626703658125920438e+00
1.638325790076804012e+00
1.489628922353188445e+00
1.462373233930530869e+00
1.396653293229151105e+00
1.402801148436301215e+00
1.338419303210365507e+00
1.517458696438075183e+00
1.525360576296769022e+00
1.682375015954260089e+00
1.648301238921904721e+00
1.671604663886136155e+00
1.836833390157995405e+00
1.784336380686139201e+00
1.707931040844541615e+00
1.910532333894665147e+00
1.883753379833247754e+00
1.926126573167860956e+00
1.973257749989684839e+00
1.946632676349439928e+00
1.939999280159937500e+00
1.847481094260960743e+00
1.781484640618629989e+00
1.937312545873554503e+00
1.655482241195577409e+00
1.743269422670184365e+00
1.821633399044778612e+00
1.843523644615490342e+00
1.871554309224527035e+00
1.901175421150603118e+00
1.893399418117988731e+00
1.998460401389809515e+00
2.068125874195054337e+00
2.127000782978049287e+00
1.979523776317374306e+00
2.055640018350718634e+00
2.180496326125201279e+00
2.307847324546894896e+00
2.309766657985800720e+00
2.429481479724780346e+00
2.527340215058623940e+00
2.444166943731303832e+00
2.407616248669127490e+00
2.325239577906826671e+00
2.517606435950108246e+00
2.233005388527382173e+00
2.464768107622443249e+00
2.441983040098645752e+00
2.340938731976605958e+00
2.519028514558028231e+00
2.582908850653977684e+00
2.315110947818872056e+00
2.196811176785870678e+00
2.324091009552041509e+00
2.415718079904690452e+00
2.256946094471388164e+00
2.303252211059255483e+00
2.476920846146470012e+00
2.477968988339700918e+00
2.318122523519657641e+00
2.398551977011878389e+00
2.450097708860099477e+00
2.294694739171887043e+00
2.347936544850500518e+00
2.419806845080578750e+00
2.389728361999962303e+00
2.499698753134658169e+00
2.470545457026452230e+00
2.447295193226072474e+00
2.395403736551007690e+00
2.499329301844813056e+00
2.417746445008245093e+00
2.520629735067363431e+00
2.508107529068092312e+00
2.467528605714693235e+00
2.506020363097138492e+00
2.570329249395690407e+00
2.627442366542995789e+00
2.443264345706290808e+00
2.603101693678695927e+00
2.757711820776191480e+00
2.621984709133255098e+00
