4.768371582031250000e-07
4.830974641416245219e-01
4.970514073684604295e-01
6.200897804516095624e-01
7.335027967237618407e-01
1.025845427650590835e+00
1.100540014906411512e+00
1.229399151383650857e+00
1.005107597461765589e+00
1.154060720358553560e+00
1.114837794865825682e+00
1.168995565338758480e+00
1.094420618993324990e+00
1.252557998284881347e+00
1.212826505283187695e+00
1.501560719300456981e+00
1.578474938081505297e+00
1.551096321416923551e+00
1.306049073718466902e+00
1.494547420692650785e+00
1.527941934440570249e+00
1.544365318050728852e+00
1.558409016299663774e+00
1.463605057923160535e+00
1.504097259438554879e+00
1.495300947265675973e+00
1.378251267709366124e+00
1.243147412875269309e+00
1.028068768320368864e+00
1.078098807246090418e+00
1.242130886215974561e+00
1.254748548828481081e+00
1.218245149512486192e+00
1.233045300623685225e+00
1.421685927055810872e+00
1.358073728920586642e+00
1.309033365929308745e+00
1.328746354726843437e+00
1.360669525364302634e+00
1.488029814103018600e+00
1.427563623204604948e+00
1.219174279354381163e+00
1.111516116049308112e+00
1.301062577597395409e+00
1.430757973026294039e+00
1.266605404522919809e+00
1.114345906106766648e+00
1.095701914013286871e+00
1.036257056864887227e+00
1.113226908604053378e+00
1.233837921679390437e+00
1.376613561461195623e+00
1.220973587805417315e+00
1.184969972426845652e+00
1.500530838710243398e+00
1.439663536427670865e+00
1.468497747307253354e+00
1.509508530507982949e+00
1.484085372663508373e+00
1.538281116755004785e+00
1.532747337038644631e+00
1.363121294897975400e+00
1.207483689751653433e+00
1.223346545725591428e+00
1.289018407623727436e+00
1.386628385985219980e+00
1.563311024609581379e+00
1.519872189253420380e+00
1.521495682313678266e+00
1.473261125216974943e+00
1.349550632316358412e+00
1.663097908550798198e+00
1.777309851124476925e+00
1.768060057109395400e+00
1.906049268983064815e+00
1.899686712771059716e+00
1.864940650507036946e+00
1.722415092325860098e+00
1.794318454802707574e+00
2.042915560961095611e+00
2.081739679068153492e+00
2.270084271915120411e+00
2.483487365332789132e+00
2.202203058858731133e+00
2.225204783832223310e+00
2.238923618569026441e+00
2.237400448757852711e+00
2.146079493222289525e+00
2.488760692662170815e+00
2.413184775468256493e+00
2.449953060809390681e+00
2.502694229220329358e+00
2.737270460777157410e+00
2.463633994977427299e+00
2.389098612685247147e+00
2.328190516284046829e+00
2.174982399942533728e+00
2.010504373590892957e+00
2.034982257090509172e+00
2.040617801707097723e+00
