0.000000000000000000e+00
5.133215399931184697e-01
5.624075704354661864e-01
6.054966240964264612e-01
5.191562198050626575e-01
7.487799323889100522e-01
7.929210599175561258e-01
9.067765973655578238e-01
1.005845560135314232e+00
9.455806327336994110e-01
9.915926097742183698e-01
8.531291296286898085e-01
9.296210153753190486e-01
8.216346455228472623e-01
9.480744266463372316e-01
1.074364583639678239e+00
1.052817201430755079e+00
1.086811428367772780e+00
1.098171260067323907e+00
1.086309269270507638e+00
1.132411234829753033e+00
1.060235383087274164e+00
1.104391305921602617e+00
1.142331486464388091e+00
1.085013135377530302e+00
9.345100197944928855e-01
1.186272468093578780e+00
1.057514501831298803e+00
1.004604395049099264e+00
1.217959835877551189e+00
1.062480167812611676e+00
1.172462257236284167e+00
1.335679884859328537e+00
1.369588309719661723e+00
1.157240588251946312e+00
1.196175382166063450e+00
1.007526465047568820e+00
1.184913998789835832e+00
1.348584409174930610e+00
1.407273898270636980e+00
1.311450945522859568e+00
1.469858612112387108e+00
1.366350324384675297e+00
1.396504664878725377e+00
1.347664653257734546e+00
1.429835837511697960e+00
1.523409133053923892e+00
1.449287800376073854e+00
1.405790579176532828e+00
1.589126557984046784e+00
1.518130493647994239e+00
1.474852641195083525e+00
1.583088760626862213e+00
1.601898517992654369e+00
1.460873862776268073e+00
1.601971680312874957e+00
1.640664142112421731e+00
1.670868965981233023e+00
1.765676897141176926e+00
1.626190249537471599e+00
1.892920338109717493e+00
1.895557307101711997e+00
1.761650799694636671e+00
1.627992093701043474e+00
1.679779358995671767e+00
1.743335347640873056e+00
1.880173669634660261e+00
1.852806908239076789e+00
1.808912246091657794e+00
2.161710223818829935e+00
2.020456168872255098e+00
2.009969900408429933e+00
1.887164055293174325e+00
1.699142589653859448e+00
1.773613406681752602e+00
1.866488023795725093e+00
1.972184756000491257e+00
2.170460302005227771e+00
2.315519417101340238e+00
2.064603322679562147e+00
2.195902098461111063e+00
2.250073927635198867e+00
2.271143048927967811e+00
2.079339233873867876e+00
2.021285261446336357e+00
1.952363681154719366e+00
1.740908622112339987e+00
1.666911240749328282e+00
1.856212383598014437e+00
1.654536210445545663e+00
1.642989101981893185e+00
1.804542917387225387e+00
1.839913821785750692e+00
1.722560217656856185e+00
1.684918811188948151e+00
1.700362461243553502e+00
1.697772217294917008e+00
1.740228450879285127e+00
1.628437796964411488e+00
1.597674751739770249e+00
