2.132480599880017890e-07
3.340499833075165625e-01
4.768965071300464431e-01
4.884296476905167772e-01
5.381609804722159440e-01
5.800190722216456152e-01
6.035494652496915524e-01
6.569179077525635346e-01
6.679975078182437409e-01
8.557710583152354777e-01
7.848981999398046971e-01
8.160002960824822571e-01
9.265741384944157222e-01
8.096793834757634034e-01
7.073717180827278073e-01
8.859978732265814116e-01
1.012331422182691343e+00
8.285240127671799071e-01
9.083824629535354189e-01
9.029477443358653321e-01
9.779990886717956355e-01
1.021045100922043147e+00
9.633988345432920042e-01
9.459367046093964948e-01
1.076992523658009571e+00
9.655050620141475415e-01
1.057091168701915773e+00
9.950554493897226793e-01
1.083785607830350051e+00
1.172420065280377122e+00
1.070358634752768046e+00
1.124789217936050356e+00
1.148882109112206562e+00
1.087340779189051476e+00
1.070941662881054413e+00
9.780253227877357958e-01
9.450073788594672841e-01
8.189579206711234960e-01
7.080113574411963651e-01
7.708363430313790454e-01
7.309605944788881704e-01
7.951724381684733833e-01
9.739566179055425543e-01
1.071707043725670827e+00
1.144911567448418710e+00
1.042545630864507800e+00
1.036303078239687814e+00
1.137075809321081321e+00
1.442721571225972221e+00
1.458596383321685064e+00
1.425882225992131991e+00
1.325945099556210538e+00
1.347619180469412870e+00
1.413074924613072492e+00
1.319595299385676768e+00
1.680804879086831072e+00
1.588982254448659814e+00
1.594923802823066561e+00
1.677317458065778588e+00
1.489592404970842887e+00
1.629816510773373084e+00
1.568427474658884435e+00
1.648029666784415648e+00
1.422087286507476511e+00
1.639408340488628379e+00
1.679531583278168094e+00
1.428320105120118422e+00
1.368635095555067460e+00
1.418667741715625263e+00
1.471180493963468505e+00
1.598795792471038979e+00
1.199627792312016217e+00
1.284445671499614416e+00
1.470993546153258835e+00
1.414495559009653292e+00
1.562711095203408007e+00
1.462756274994390759e+00
1.520169015326936490e+00
1.600468400182500917e+00
1.474866475717932390e+00
1.549698732085766029e+00
1.491703726722976464e+00
1.472073217054074457e+00
1.440532126384354017e+00
1.535730977506059691e+00
1.404343818142673728e+00
1.396260973430923036e+00
1.409014673533170114e+00
1.427100514087746186e+00
1.323866291740076306e+00
1.374502372555213459e+00
1.533472224046757537e+00
1.534667180201714443e+00
1.334485336765273367e+00
1.448190871704110760e+00
1.442984909565031337e+00
1.569153351297087884e+00
1.273787178398848141e+00
1.578384784719450096e+00
1.672036093217360575e+00
