3.015782985847834980e-07
5.292775110387348825e-01
5.816624757470636453e-01
6.986912586843907480e-01
7.084663146257967892e-01
7.554531540842963633e-01
7.874345396040266509e-01
9.530503783880267532e-01
8.904644068812170854e-01
8.633804049504992806e-01
8.944860145944699692e-01
9.108600865524164591e-01
1.068196409764089694e+00
9.173083321538137991e-01
1.027211855354682069e+00
1.180315996754236707e+00
1.278822740697208360e+00
1.381218744671175447e+00
1.446070889451821939e+00
1.434395851515627873e+00
1.420839288566131176e+00
1.385017512956622676e+00
1.544838278827966649e+00
1.381183216931012980e+00
1.217145620028610598e+00
1.160236833759594077e+00
1.052892475203917266e+00
1.150261403961057471e+00
1.350818751427899755e+00
1.322407644546531369e+00
1.433688513221976324e+00
1.334587846949276457e+00
1.209821078335174827e+00
1.313761314818572501e+00
1.403571471955235017e+00
1.352809930478536593e+00
1.473465807716621834e+00
1.499713390813670388e+00
1.649954981407975252e+00
1.565496768991669230e+00
1.639365810221811159e+00
1.785891621321644696e+00
1.877658050337221329e+00
1.957240309006712975e+00
2.065096962155220428e+00
1.981867751921212895e+00
1.742734487459701276e+00
1.509839462694704482e+00
1.442354863740060056e+00
1.592316067637818966e+00
1.662234055559698609e+00
1.614040459934469984e+00
1.618936694604699467e+00
1.619643920186201180e+00
1.916531902999073278e+00
1.849283822227516749e+00
1.865262640217028034e+00
2.143039678692561623e+00
2.288349927287177454e+00
2.210461792805439085e+00
2.270247742617994557e+00
2.415353505069219864e+00
2.413432550947783639e+00
2.247089291992391491e+00
2.471643135268148939e+00
2.527251948700846018e+00
2.335023896778821939e+00
2.362284441335243290e+00
2.387429584918399517e+00
2.385214964303705276e+00
2.370909872179676636e+00
2.136389548928824045e+00
1.981031801125298308e+00
1.877897313025498338e+00
1.813779027714842451e+00
1.872121084737107255e+00
1.863222976432679978e+00
2.090897271326267681e+00
2.126041553337052914e+00
1.892831647474654266e+00
2.016111839925093463e+00
2.127731552323749220e+00
2.226540451542025068e+00
2.312439149339425626e+00
2.230560588294771662e+00
2.164231091725053790e+00
2.044789368723129552e+00
1.940623353737947365e+00
1.992362707328974247e+00
1.941803190539905577e+00
2.035297049794656310e+00
1.938497694730826559e+00
1.947012405273488067e+00
1.893283837004234860e+00
1.850672782038004893e+00
1.816744248529940320e+00
1.964419857818308968e+00
2.088704442450871834e+00
2.125931728928799558e+00
1.998160719963853582e+00
