2.132480599880017890e-07
5.384585222580116071e-01
6.199377768799920752e-01
7.534600298575975241e-01
8.781537610182493792e-01
8.633809104978816817e-01
9.116640791154225765e-01
9.453722425686582609e-01
1.009334704091957802e+00
9.746340637107343552e-01
1.133998623482747492e+00
1.142956010761509544e+00
1.209773749363182826e+00
1.222714925391194640e+00
1.089982539871221956e+00
1.175094149972260693e+00
1.141876838751497480e+00
1.123914394905478620e+00
1.157379282813199683e+00
1.140337588463339324e+00
1.187629154173982737e+00
1.129462629110840721e+00
1.346435770433933143e+00
1.273987413800590662e+00
1.237393877669108910e+00
1.569712517230275051e+00
1.663562005318685477e+00
1.665408910444672985e+00
1.587908053171138922e+00
1.734859365829763744e+00
1.614304399218701169e+00
1.658626186838543015e+00
1.705821840982374660e+00
1.777627908545839741e+00
1.859160431346398079e+00
1.737242072431258721e+00
1.866275026837406203e+00
1.686175989223146710e+00
1.692136669578888419e+00
1.923703075428552900e+00
2.080518717666246520e+00
2.008137476966085355e+00
1.988024282749013105e+00
2.218607174634418033e+00
2.326253340102319545e+00
2.219017011942012729e+00
2.306434951985794957e+00
2.000205106382612730e+00
2.032451825887745311e+00
1.911151163551805032e+00
1.913093357289087360e+00
2.062107092178883327e+00
1.987604905841708458e+00
1.890646860012139330e+00
1.868924242490789922e+00
2.076773317920028727e+00
2.126278590357962628e+00
2.069851909349608388e+00
2.246592300264464992e+00
2.461192025750905010e+00
2.476382049938686158e+00
2.640528359533650171e+00
2.480652949064217516e+00
2.486838962837182088e+00
2.486330630512750606e+00
2.709285488733127245e+00
2.854765470911801994e+00
2.676093061674208684e+00
2.930329386656543633e+00
3.157275777465535782e+00
2.928020431703475257e+00
2.818279284996100920e+00
2.889090834998093271e+00
3.066517439299873526e+00
3.043556818554819188e+00
3.145987630718528383e+00
3.088196942476828077e+00
3.217089048104807780e+00
3.277306935031924162e+00
3.392581504364618361e+00
3.436671483073294286e+00
3.737896425954365665e+00
3.503663180654744913e+00
3.619731022244048191e+00
3.693444227245981093e+00
3.610003563567868667e+00
3.902630035956439869e+00
3.779942972521411093e+00
3.710838008693623014e+00
3.638049814032269236e+00
3.678464561634945618e+00
3.624389874542627066e+00
3.473876950207483993e+00
3.451058686609771442e+00
3.644689998389750052e+00
3.395621839604406667e+00
3.403558359241682041e+00
3.620831822390129684e+00
3.504881501766424989e+00
3.261023137703182861e+00
