1.507891492923917490e-07
4.917680571815837287e-01
5.405404374654105837e-01
5.048850607667750845e-01
6.870930920725561997e-01
6.500841358383128155e-01
7.210565638779470321e-01
6.816070399171372252e-01
7.305866001889305128e-01
7.691166549202054226e-01
8.827338937899669169e-01
9.311690119344091521e-01
9.866631939367587201e-01
9.351892715584949611e-01
9.557039464037681009e-01
1.083279261635991642e+00
9.968657544500105772e-01
1.207641711305365462e+00
1.155538335770510017e+00
1.242606612107780339e+00
1.144646016374325947e+00
1.398559741051075944e+00
1.382311342263768283e+00
1.437199926526979255e+00
1.383218579900696854e+00
1.561510608584017135e+00
1.457980827313033245e+00
1.618509755098306968e+00
1.581827914246894284e+00
1.709200650849486358e+00
1.566042089725975250e+00
1.583445362137612777e+00
1.653644289022492275e+00
1.556287311381263416e+00
1.575519354337958422e+00
1.598521735854229853e+00
1.458772719642394744e+00
1.555267716901649333e+00
1.450443816483595105e+00
1.400666127504183178e+00
1.434913348707282044e+00
1.559673307944565490e+00
1.531799357169329800e+00
1.467269836973873698e+00
1.599943297333046743e+00
1.677797738766029667e+00
1.582175596923173000e+00
1.736873378802468615e+00
1.581058702763657564e+00
1.583090060881882977e+00
1.553025296717578607e+00
1.568316684862687049e+00
1.740001181253534535e+00
1.564053283305245401e+00
1.658107165732827237e+00
1.453189241287086153e+00
1.661168428700354749e+00
1.665214917734274547e+00
1.872614046041422453e+00
1.660122106585417256e+00
1.707616722142334398e+00
1.778735174013016618e+00
1.913071556912640858e+00
1.690988298175282845e+00
1.731801066511637455e+00
1.598022613965885963e+00
1.549649084537064292e+00
1.577170925306224047e+00
1.506974302431947521e+00
1.665646717265725663e+00
1.854439545760203201e+00
1.829411979334674587e+00
2.065793280367935747e+00
1.922516727214370169e+00
1.832081164089911285e+00
1.989667581515146111e+00
1.859194602940483110e+00
1.671965986291959139e+00
1.773273594755175431e+00
1.887604209229124530e+00
1.857174102583439401e+00
1.894188524925618067e+00
1.888322069924211366e+00
1.760725196192792330e+00
1.750454709317437407e+00
1.545674554717952232e+00
1.775226783044383971e+00
1.780532773207526898e+00
1.768302087029504976e+00
1.576364548283130773e+00
1.510010091456599923e+00
1.462263364355496087e+00
1.500905769615993313e+00
1.603325670527480762e+00
1.613270222985403679e+00
1.530092948050903345e+00
1.428256056384316741e+00
1.526861132167521840e+00
1.361805662516839988e+00
1.337789597613005643e+00
