2.132480599880017890e-07
5.415989598248305281e-01
6.761832161336722713e-01
5.646310921711463759e-01
5.909524492992987987e-01
6.616701216193051627e-01
5.828266536461423897e-01
7.635477683406496352e-01
7.767458866183063471e-01
8.470657158053885860e-01
7.362091345044484703e-01
8.828987713946617744e-01
7.614765222423696134e-01
6.883190125304784468e-01
6.932924310328618667e-01
7.266611789665906596e-01
7.980712289527410741e-01
8.601355313538511238e-01
7.456438651376934290e-01
7.806849348749567152e-01
9.320274459854646087e-01
1.033935075363810796e+00
8.369670926046144377e-01
8.228767662718965425e-01
8.142218150660300857e-01
7.613667029284602039e-01
7.670750271929254183e-01
8.042413755885190474e-01
7.772204531142230532e-01
9.600687375803472756e-01
9.963087123148351987e-01
9.319147916133240228e-01
1.112294807055270063e+00
1.124148349667505986e+00
1.042609644281716985e+00
1.027314842607343959e+00
1.092976897170253814e+00
1.196092464694718860e+00
1.280559341162180509e+00
1.257783628125585640e+00
1.249485916619095693e+00
1.277371002254209298e+00
1.330686941175126980e+00
1.335025576342473208e+00
1.417433842824180168e+00
1.431043880989439687e+00
1.453649323539622396e+00
1.469527729809968042e+00
1.368953658191280676e+00
1.399438991800250998e+00
1.430064691343051919e+00
1.321139333431197160e+00
1.505119354726800696e+00
1.493206170961931756e+00
1.595779187059961135e+00
1.530386423439872967e+00
1.615756519831463178e+00
1.643619052037939676e+00
1.558993927300977411e+00
1.614128155432495104e+00
1.626520648938901470e+00
1.709420223308141917e+00
1.493042266131491047e+00
1.525533894638968935e+00
1.631001890853450043e+00
1.452483508344596608e+00
1.482674202081813553e+00
1.537852935407308053e+00
1.504588503577936498e+00
1.538294000232608871e+00
1.384726523736452108e+00
1.384627558573413353e+00
1.291673832415379364e+00
1.441396294361925179e+00
1.449631936824077094e+00
1.294073347429856691e+00
1.327859883538078822e+00
1.269663593459277484e+00
1.334075116656706639e+00
1.399193460601978023e+00
1.363261892500481132e+00
1.354321847404256651e+00
1.399734031270970736e+00
1.412867052212662955e+00
1.495268458582471371e+00
1.415594979387863717e+00
1.392309115193391733e+00
1.470527465753571628e+00
1.455614742015562513e+00
1.419783501202275700e+00
1.487562392639522280e+00
1.436739321109282486e+00
1.386111648593893575e+00
1.439041758721355091e+00
1.364343602004859379e+00
1.444631982548229887e+00
1.501533960745907059e+00
1.504833882893218622e+00
1.488265908148125760e+00
1.484666344441536889e+00
