4.264961199760035779e-07
6.288449330287479988e-01
4.100954092677633889e-01
5.990146032339738191e-01
6.085730833172363630e-01
7.582163943901440994e-01
7.776431855968756190e-01
6.905938118063837949e-01
7.455136647156026530e-01
8.455385429232920025e-01
9.857676272243832694e-01
1.053698678822239554e+00
1.165178090218640605e+00
1.204479864925983801e+00
1.190507331305943550e+00
1.241273862250532156e+00
1.275909606116548467e+00
1.315884858895807419e+00
1.488016653795742883e+00
1.669410857049659302e+00
1.599911382297929174e+00
1.484719020270907075e+00
1.657198872787156274e+00
1.456791168434432349e+00
1.606244859765565414e+00
1.457143624306772578e+00
1.544285358605779646e+00
1.370845696617600140e+00
1.485587802732778906e+00
1.593674529249859306e+00
1.656623788289626864e+00
1.539849573390049908e+00
1.640614653431845316e+00
1.631789847929104198e+00
1.669134482909157002e+00
1.593615482730107225e+00
1.540981060799211155e+00
1.417658466543556095e+00
1.230324763135225430e+00
1.292632411150371752e+00
1.217458026269819360e+00
1.371235929603052739e+00
1.174218034912932307e+00
1.260200782455726642e+00
1.314112780542736836e+00
1.407969719693476396e+00
1.519990028661182491e+00
1.427434664976750867e+00
1.264635477504651329e+00
1.476329041601817549e+00
1.314828820799964770e+00
1.212144171920714442e+00
1.296063134158696339e+00
1.201810356309564787e+00
1.190081634112208686e+00
1.176196562550139157e+00
1.177850233123766799e+00
1.261601959662443484e+00
1.377432217329228603e+00
1.414729174147828950e+00
1.388100101600853398e+00
1.475272518761383100e+00
1.425016587656950273e+00
1.497124765060503737e+00
1.392577777333516842e+00
1.452886639843388394e+00
1.562718164118357178e+00
1.504732885742636084e+00
1.445585833893455963e+00
1.770283163901932300e+00
1.715015853695156078e+00
1.658800976147982276e+00
1.677857743500117627e+00
1.744286598530360166e+00
1.675015071830045166e+00
1.636258428991966385e+00
1.572160749694144100e+00
1.484831698552370627e+00
1.650836974763850051e+00
1.670754244578413150e+00
1.367191644180222321e+00
1.319251107369124210e+00
1.357096451308568819e+00
1.360503242601628360e+00
1.533136605755951010e+00
1.498086297081256513e+00
1.407883823028804882e+00
1.463256808851419510e+00
1.636336246618581125e+00
1.687727502974414540e+00
1.896423665913330669e+00
1.763802056734563140e+00
2.159288839379438496e+00
1.901986569092015911e+00
2.219058915522527542e+00
2.197922986665480138e+00
2.113586571538249359e+00
1.941043366101361745e+00
2.012554711330383661e+00
2.039349067106718039e+00
