1.507891492923917490e-07
3.690181242962843888e-01
5.225103388085696743e-01
4.786099350847403677e-01
4.782290407294775836e-01
4.519322558447363969e-01
4.762537012794234026e-01
6.245334304606067199e-01
6.256935251308662904e-01
7.251706674236306771e-01
8.975122012886251888e-01
8.703431660374161272e-01
9.914610030652095674e-01
9.372642500474217542e-01
9.565075034122665354e-01
9.927827362397885214e-01
1.069677404161245127e+00
1.121713033973829488e+00
1.143117492771826393e+00
1.313526738487780232e+00
1.156430302223971918e+00
1.256437558357585971e+00
1.339123873308468049e+00
1.520701237512041670e+00
1.578505322358426444e+00
1.384937659783125774e+00
1.346198877297231089e+00
1.221008689171677375e+00
1.413456837169010383e+00
1.587945324564229432e+00
1.552342748124712513e+00
1.550843828003475311e+00
1.500067842594798417e+00
1.557235191286055587e+00
1.540424405005170527e+00
1.623502229449307777e+00
1.555312363736705006e+00
1.634248038131163261e+00
1.625592425105877536e+00
1.379295087759225158e+00
1.418770946411763489e+00
1.223592710534184613e+00
1.368004069839681147e+00
1.434542358006366314e+00
1.628650084272807552e+00
1.412979949963274695e+00
1.505530255450521215e+00
1.455010159198230957e+00
1.439435513913020603e+00
1.602975191621400786e+00
1.428505931415336772e+00
1.332134331452147880e+00
1.276470276177874119e+00
1.341396516354487201e+00
1.218786772732590062e+00
1.349679449592552150e+00
1.317812951117841136e+00
1.433506894586599856e+00
1.443646898072588280e+00
1.520697962211544185e+00
1.561230163151837713e+00
1.691571154921942099e+00
1.398009042533122859e+00
1.666556001661212871e+00
1.691663771145327289e+00
1.740239182549097485e+00
1.732913979403919669e+00
1.805498444026702565e+00
1.511775087466997292e+00
1.588250371097497338e+00
1.518641380275623343e+00
1.740892754505357631e+00
1.718516566356151687e+00
1.765921621587140944e+00
1.566929085117422238e+00
1.470632718580258347e+00
1.708396107313115975e+00
1.868309407936675104e+00
1.714668745515361081e+00
1.822769927216757679e+00
2.131041228669518173e+00
2.143744451723137878e+00
2.054376047875274391e+00
2.152082420735251578e+00
2.075250068767339418e+00
1.999353332451856202e+00
1.836828232752272472e+00
1.736930580354751230e+00
1.811781924498848451e+00
1.852625671140652130e+00
1.839130596383421912e+00
1.950638462226776060e+00
2.002748675764168151e+00
1.982645481156503964e+00
1.992543360252131857e+00
2.037322794726899922e+00
2.170425724251617616e+00
2.195591047605582879e+00
2.236537628992328663e+00
2.340402690605227320e+00
