1.507891492923917490e-07
5.261542327530993601e-01
5.413749119502796470e-01
6.209715878799949573e-01
6.607284943775414421e-01
8.607575950845112178e-01
9.132301496046677514e-01
1.134619217829959448e+00
1.140380802621604461e+00
1.285606280143313240e+00
1.379936977335860293e+00
1.534469205879828158e+00
1.494578864101020255e+00
1.717735432107833971e+00
1.714772047374852004e+00
1.718310019762342433e+00
1.658458676657828867e+00
1.674906913701865063e+00
1.735779277296379597e+00
1.843138138077895949e+00
1.989601658274527285e+00
2.147871595627271812e+00
2.141005052270076092e+00
2.060894990976579244e+00
2.073512231930064065e+00
1.922377100929522298e+00
2.145243443263481709e+00
2.249638032198916893e+00
2.152237573491329936e+00
2.241740090985961498e+00
2.166224229036850968e+00
2.081132102506076720e+00
2.158704886839347470e+00
2.324991920865393080e+00
2.269371545474066831e+00
2.120073203616384294e+00
2.160139446976084621e+00
2.190538751697078457e+00
2.066446284893389773e+00
2.278225570874377937e+00
2.273474360817895334e+00
2.281291760272837976e+00
2.124693220907553304e+00
2.145603498553883881e+00
2.081695393067230171e+00
2.047073342703316090e+00
1.996564649494253718e+00
1.941172903680983941e+00
1.905431696017062526e+00
1.934806459467821149e+00
1.745414921670389807e+00
1.798529298360026507e+00
1.795632793713186626e+00
1.856838898620913003e+00
1.877230219901397712e+00
1.957811577688678417e+00
1.948852354193810976e+00
1.904753508622648361e+00
1.769244071262372264e+00
1.535424762525539721e+00
1.750761672881011144e+00
1.805123621688586644e+00
1.657567923502360596e+00
1.689501606172303605e+00
1.643207706726122597e+00
1.842712834261724053e+00
1.879098008868957947e+00
1.729252284096621350e+00
2.002779289470288937e+00
2.087950581765635416e+00
2.012504685665866599e+00
2.110802017118542206e+00
2.225115113546980883e+00
2.305148062941270393e+00
2.297666293249407410e+00
2.370046585899365787e+00
2.482097113720302062e+00
2.197194195795244998e+00
2.277755696316157152e+00
2.067602075677124951e+00
2.075130181092157855e+00
1.747383566167813207e+00
1.852050372368063247e+00
2.114503095277900702e+00
2.216089033402269592e+00
1.919247950526167035e+00
1.909024548083494199e+00
2.021628593149220610e+00
2.007045453609555885e+00
1.967048068648750592e+00
1.992270446234118975e+00
1.918069284553563625e+00
1.891651363622960158e+00
1.918756331427632134e+00
1.880009143880148725e+00
2.011597212425915604e+00
2.185857488843344409e+00
2.012170727385030222e+00
2.279433538674858095e+00
2.377809856436039482e+00
