3.693564745147149106e-07
6.504025759442945143e-01
7.208900291583281161e-01
6.224727042875475291e-01
9.208792327838161151e-01
1.102242622553334828e+00
9.783635986878427282e-01
9.924338670429597720e-01
1.016616098892521691e+00
1.098870299859209920e+00
1.159532009817782594e+00
1.210117289054589040e+00
1.062470704761434348e+00
1.122010744416744421e+00
1.289658883451610283e+00
1.385164318085109647e+00
1.265086112981497646e+00
1.163234111005231552e+00
1.232380701688830404e+00
1.247284241076169087e+00
1.408041764660664441e+00
1.347201559828574258e+00
1.226350925239724221e+00
1.332178058898392470e+00
1.428372775176983911e+00
1.334402276416073674e+00
1.510613179932093875e+00
1.551996138361778188e+00
1.514804472953918069e+00
1.282943265251716314e+00
1.492019687252825966e+00
1.533377720502121733e+00
1.525687927083109630e+00
1.609309943804021481e+00
1.740306304414641181e+00
1.788501368083747378e+00
1.848196597486434500e+00
1.698216214542960900e+00
1.540301370785717605e+00
1.850778175274470305e+00
1.878482635039022686e+00
2.094906899792721600e+00
2.008202705407080568e+00
2.295797649057681689e+00
2.039982770562219105e+00
2.076862102793884279e+00
2.069823826723357740e+00
2.146250198428631961e+00
2.033514573426460803e+00
2.172567650853323595e+00
2.165601337221789713e+00
2.356749636712700546e+00
2.260056478977089611e+00
2.241206030240713076e+00
2.430902007569430978e+00
2.380416133646769961e+00
2.437617310790892500e+00
2.409520490793747083e+00
2.499019488468533723e+00
2.557032689739080489e+00
2.393054150747800701e+00
2.311302641416011383e+00
2.452263808449904658e+00
2.278552281158858328e+00
2.108266497124010819e+00
2.126832979692320880e+00
2.150661970515992394e+00
1.997092630108786571e+00
2.250422542120146474e+00
2.339851201963197180e+00
2.348849335998009824e+00
2.274427387219616126e+00
2.506904679871080344e+00
2.445705386177007057e+00
2.379893747696509632e+00
2.389208806362670856e+00
2.623729007862409368e+00
2.664096725904478102e+00
2.817064958004794839e+00
2.759298503310899875e+00
2.706812542692210055e+00
2.634688873952840016e+00
2.581907847835638758e+00
2.665225220906171089e+00
2.539567307761913195e+00
2.738918532803137129e+00
2.824952740676857310e+00
2.788738855954783880e+00
2.804386137268545465e+00
2.795813496176388302e+00
2.909368421649749070e+00
2.815756257357358461e+00
2.737193725453618054e+00
2.762691120758367092e+00
2.817281070423267142e+00
2.726125816731755691e+00
2.859409904321261298e+00
3.071601721207675606e+00
2.914959636216239325e+00
3.010294265030817762e+00
