0.000000000000000000e+00
5.718931205138132468e-01
6.682643714790914569e-01
6.605957700105064001e-01
7.214859414447593045e-01
5.898154339595920170e-01
6.315501897879545190e-01
6.375723491618426886e-01
4.748178999677778456e-01
4.950952334885238559e-01
6.481197872920547720e-01
7.008810181855477106e-01
7.435116922340077039e-01
6.631857339752896818e-01
6.590285400224409340e-01
7.510223846252009894e-01
7.651116344286169602e-01
6.889378263562254689e-01
6.274541045848238685e-01
6.239012918678071840e-01
7.833030755982581805e-01
6.442932666403001774e-01
6.344378782331100419e-01
5.845380800449715419e-01
8.276332743811812831e-01
6.873063157410262969e-01
6.645830250145229323e-01
5.108044949053567318e-01
6.470816226466510335e-01
6.650777710993434066e-01
8.110311885382104347e-01
8.758310861188849383e-01
7.465362496790254321e-01
7.164852615721354345e-01
7.985710628670633637e-01
7.531135011844908300e-01
7.280205933082770642e-01
6.261547528431077314e-01
7.912522734820753856e-01
7.076166611112917337e-01
7.917633724015272767e-01
7.171436259186003692e-01
8.431926684192458943e-01
8.597420228908880802e-01
7.422648931951800755e-01
8.837132712248718658e-01
9.128019257394678343e-01
1.055880515260641195e+00
7.274320696646223716e-01
7.799265256300139670e-01
8.695576803659585963e-01
9.036143983325584106e-01
8.708538778134424785e-01
8.787269082724592506e-01
1.173739640409532825e+00
1.069820906802355420e+00
1.095850281576029595e+00
1.028245503219380019e+00
9.284274477835244843e-01
1.036600106865871229e+00
1.182692622024791529e+00
1.136867231095452402e+00
1.122714478488069600e+00
1.155273567791646805e+00
1.383821107957123431e+00
1.325237553130646617e+00
1.205635054022681896e+00
1.111195837449497903e+00
9.076432897100602526e-01
1.098616673645022468e+00
1.223424965493149053e+00
1.197341399552996011e+00
1.172032373056829835e+00
1.196894057464559902e+00
1.462629974800446764e+00
1.538971094376149207e+00
1.450800955628370303e+00
1.426459477207362880e+00
1.327660208334061398e+00
1.264556829019441775e+00
1.188783111680947302e+00
1.219636765316144178e+00
1.069869922035293852e+00
1.075667613688150892e+00
1.187230368957196136e+00
9.824244386707560173e-01
9.379565369877267411e-01
1.008740006481316120e+00
8.513856409450474283e-01
9.611601706857851868e-01
9.626083521762253126e-01
9.216009676217356006e-01
8.613381295295057249e-01
7.264123635952074443e-01
8.950140525277715531e-01
1.096677422043866201e+00
9.092094668317589612e-01
1.222704366944939336e+00
1.122829966462199902e+00
1.083524992185101343e+00
