2.132480599880017890e-07
3.281771224599490666e-01
3.816092308348336681e-01
5.315483172028820924e-01
6.072352548749593293e-01
6.459689954582855664e-01
7.082228769619008935e-01
5.958574509732881275e-01
8.464217746002666853e-01
7.210731006355877160e-01
7.290146876730320136e-01
8.298101739621307482e-01
8.896866334624664585e-01
9.024505017263376727e-01
8.675191144694053280e-01
9.483330161422723892e-01
8.607202767581301206e-01
8.466360636804651785e-01
1.031010202283833443e+00
1.094431842905345231e+00
9.774269219941700282e-01
9.929983872364218644e-01
1.117151416754911919e+00
1.137829777323156266e+00
1.174395768070813251e+00
1.157012829165621870e+00
1.226429521800546985e+00
1.129676199817399862e+00
1.222083785843689041e+00
1.093954890202733843e+00
1.192328971863009679e+00
1.051421358404022177e+00
1.077137896487462276e+00
1.206544564482801229e+00
1.304907553854968594e+00
1.254981943501189745e+00
1.248247826050475462e+00
1.278885269567731076e+00
1.265802722863105245e+00
1.285651580145986239e+00
1.344698532797154122e+00
1.292214370660923484e+00
1.381243913365201248e+00
1.458614797866957025e+00
1.423140617717546519e+00
1.320747214666374791e+00
1.301256024380398113e+00
1.409028372139355501e+00
1.219031043357727606e+00
1.211562691800278202e+00
1.167807699274153732e+00
1.222851455380573604e+00
1.295787289042682922e+00
1.163709393798364466e+00
1.165139328258530504e+00
1.347754758249030571e+00
1.370125952395957913e+00
1.398189275708193735e+00
1.338289763237231700e+00
1.533951670882514051e+00
1.208350634253845923e+00
1.228009485347215435e+00
1.406343492255024419e+00
1.267248545174811225e+00
1.410412276015085453e+00
1.346342245122356340e+00
1.417841608129380759e+00
1.390649358671987024e+00
1.290823778441490433e+00
1.358389627604990713e+00
1.367657491234435918e+00
1.374463488216445262e+00
1.471592996054508884e+00
1.544708448205051488e+00
1.616103985319277125e+00
1.626437064233635654e+00
1.558064135900343539e+00
1.513380091960790486e+00
1.660494664134332110e+00
1.645386037763168607e+00
1.584170810208509472e+00
1.755529718520952187e+00
1.638107746671268128e+00
1.843539683329631140e+00
1.937818933988948222e+00
1.838278763219233891e+00
1.787720584239447241e+00
1.823266445218788334e+00
1.831727218613055097e+00
2.092637727432276051e+00
2.169564601570710405e+00
2.182329339312814032e+00
2.151619316324908215e+00
2.283342517547776396e+00
2.475776820069764739e+00
2.437323093563637855e+00
2.566403012118309679e+00
2.547512140243668899e+00
2.709473908202349346e+00
2.567160789556044431e+00
