1.507891492923917490e-07
4.331917548286460251e-01
7.644106172063593885e-01
9.102665539132398509e-01
8.287738417423022863e-01
7.780058983760499425e-01
7.214644402041942017e-01
9.005499256696219978e-01
1.115247483816539376e+00
9.636307453458637928e-01
1.140532828870138626e+00
1.134859731431976160e+00
1.237882801583876091e+00
1.171237528444734499e+00
1.360106247198516360e+00
1.317454795400099687e+00
1.242841747923458362e+00
1.211030595254338316e+00
1.104603673672466035e+00
1.245060316064553252e+00
1.269752995541586049e+00
1.234312617186514638e+00
1.142614044972289911e+00
1.209793523702068718e+00
1.252726577298763244e+00
1.148333364143072632e+00
1.173556891677604685e+00
1.211066984035944483e+00
1.228385672041032217e+00
1.180536538253402101e+00
1.223767708128775222e+00
9.961970813880456355e-01
1.187157628045089730e+00
1.293201489784288061e+00
1.110769251875538322e+00
1.220726811557948821e+00
1.105371281839867326e+00
1.197956022677006960e+00
1.151662769308136935e+00
1.132375449689747127e+00
1.081006834089487390e+00
1.059150183935095857e+00
1.018720668304281762e+00
1.137850365029965838e+00
1.209292634307910896e+00
1.149509618360518903e+00
1.196711666185544809e+00
1.326014838020998843e+00
1.267212391295306384e+00
1.353177704420390093e+00
1.284210437339034394e+00
1.189057880855920457e+00
1.340999231002831360e+00
1.452645854875938447e+00
1.343495685342399604e+00
1.467332653325578606e+00
1.393678480025947852e+00
1.399549440430627456e+00
1.443329496505031617e+00
1.577848405716191449e+00
1.541153786226684197e+00
1.565395204130548112e+00
1.530434649463442431e+00
1.728993230616725940e+00
1.738822915575755745e+00
1.674582507305296675e+00
1.607724173469633921e+00
1.703305643966549265e+00
1.717488622240138207e+00
1.794272441700316634e+00
1.855680869422646984e+00
1.814707974036307014e+00
1.697360306508372885e+00
1.784187709104377406e+00
1.747632926813262433e+00
1.790325010747611634e+00
1.899454247159757969e+00
1.674213731073804556e+00
1.715104241536789198e+00
1.663630005245144039e+00
1.661505756655727861e+00
1.683455474109403660e+00
1.688286313123102733e+00
1.624713488106700465e+00
1.708552685630754908e+00
1.741958584354751371e+00
1.766467937127262022e+00
1.575472439157594939e+00
1.773642779102308609e+00
1.864169769089769169e+00
1.881108815489850983e+00
1.995935425893810677e+00
1.973140349495016821e+00
1.844914424146332443e+00
1.946953058505577205e+00
1.894133168383057564e+00
1.975310692733580176e+00
1.884863000449253922e+00
1.989538476109386611e+00
1.940733836997869721e+00
