6.031565971695669960e-07
4.777033684244377798e-01
5.555888665356650824e-01
6.230687823430938188e-01
7.109211251971392365e-01
5.964075340543194548e-01
6.546490846698136412e-01
7.435959172958954699e-01
7.965877802510306083e-01
8.512710789120553345e-01
7.968797115226092798e-01
9.033676120864210235e-01
1.277527599300029237e+00
1.264790196858956550e+00
1.335777419494990514e+00
1.172918108622922562e+00
1.397465431729278951e+00
1.473522221198491078e+00
1.491181101609009962e+00
1.515623853039930635e+00
1.332839889385929011e+00
1.339816142948253352e+00
1.290999971137639202e+00
1.230251128349799883e+00
1.224755137671318606e+00
1.377698690287809224e+00
1.254032668063892020e+00
1.191162101941827922e+00
1.283172451922966362e+00
1.269691623209595166e+00
1.254996311903741057e+00
1.473107722746291426e+00
1.525305315178286492e+00
1.329109578157235072e+00
1.347974904683584496e+00
1.207674958856504110e+00
1.428958110280991400e+00
1.194407041195878261e+00
1.103315380429975123e+00
1.392565006796553373e+00
1.240751640170159487e+00
1.274721841083753970e+00
1.230260625904489258e+00
9.930298532479545637e-01
9.344254402950050720e-01
1.187303457310088239e+00
1.435928851224740788e+00
1.469146535194271852e+00
1.386304203928985013e+00
1.542488230901101209e+00
1.603873848968208060e+00
1.449578094316786192e+00
1.449840428787428692e+00
1.405696511018502237e+00
1.461482110364725306e+00
1.587972047919432805e+00
1.504199673206101373e+00
1.531088297483964356e+00
1.506862817988808390e+00
1.601807739093935812e+00
1.466024224496405015e+00
1.416947983511644749e+00
1.357431429312943472e+00
1.406602389801205000e+00
1.443974541455367966e+00
1.646347450536516321e+00
1.505783756232638382e+00
1.318104480201442552e+00
1.258158935696937153e+00
1.180866591707566915e+00
1.297948779641015626e+00
1.257953031173169478e+00
1.269749741503636953e+00
1.198983047913964262e+00
1.293342825349800496e+00
1.455060195444905169e+00
1.349402186793213776e+00
1.293950041713582744e+00
1.500276398945560086e+00
1.544095013129411331e+00
1.536917399239055015e+00
1.437949582406837123e+00
1.326591448809028018e+00
1.546760981692772985e+00
1.532662211956129505e+00
1.661934221243189347e+00
1.479587983342131707e+00
1.565333605795113714e+00
1.647461083474041965e+00
1.486776128039688949e+00
1.398277633728040703e+00
1.668803198812587540e+00
1.674649581573283363e+00
1.623076693733939369e+00
1.616470520613297657e+00
1.666280220507637022e+00
1.649857391440938237e+00
1.649586231021376248e+00
1.563038442089503821e+00
1.604917260711640647e+00
