2.132480599880017890e-07
4.836919788759784788e-01
6.507985016306373494e-01
7.033990625937495134e-01
7.777713354928511569e-01
1.059677966501845869e+00
1.119898840073857871e+00
1.195505523968539041e+00
1.232647251511495678e+00
1.202448329692378248e+00
1.270168295825105709e+00
1.444433852276582275e+00
1.409626671586568181e+00
1.300237553966649529e+00
1.277129950806247471e+00
1.307619293794496373e+00
1.348425064903297388e+00
1.337682149552159583e+00
1.341480142622831773e+00
1.314084185407580874e+00
1.337120204893504249e+00
1.494393098638499007e+00
1.495384261049587549e+00
1.385764609212137399e+00
1.506856850223468269e+00
1.620047979672620597e+00
1.510510526472022441e+00
1.309878627135734108e+00
1.336113542983490943e+00
1.607462268710704523e+00
1.738418300818362461e+00
1.765192197163465204e+00
1.812194689229850386e+00
1.721463430971301944e+00
1.801907053566371708e+00
2.004309956173398799e+00
1.863859775449443035e+00
2.108484009456510044e+00
2.137928509045416536e+00
1.994126531874982566e+00
2.219287793918647722e+00
2.247375592375263409e+00
2.347060935390929082e+00
2.281304246102855426e+00
2.408473231878427878e+00
2.446624793004827936e+00
2.073905767684399937e+00
2.134188273758263144e+00
2.334787861111812468e+00
2.353756126018587747e+00
2.284291901321054752e+00
2.327136315098111474e+00
2.490400170409831748e+00
2.590453972187119813e+00
2.739606196069384492e+00
2.784014480626888055e+00
3.150998712706438276e+00
2.962611803519000109e+00
3.090026539674814998e+00
3.117181214155048785e+00
3.241854706205062442e+00
3.396236170701507628e+00
3.568310505805910804e+00
3.410351147196979404e+00
3.491531406818356942e+00
3.349423482702525767e+00
3.642617083271717071e+00
3.346480695555028806e+00
3.289523527370091571e+00
3.191218356690025626e+00
3.241349375993486159e+00
3.371883277577742977e+00
3.449556806431480105e+00
3.475727931306230367e+00
3.424909455096692312e+00
3.245985015060592005e+00
3.024882870313303052e+00
3.091354660368728080e+00
3.061405157464232474e+00
3.074309772104022009e+00
2.890976874264348684e+00
2.946970898840831854e+00
3.111650646562764688e+00
3.234072364186575399e+00
3.007188145640157018e+00
2.932050563610673510e+00
3.145014651231749170e+00
3.363902964430002029e+00
3.203460555561192358e+00
3.121452033899100531e+00
3.092692324023115447e+00
3.114336446001765069e+00
2.938026039105424037e+00
2.989706329178637212e+00
2.984809020627008369e+00
2.883692172119668218e+00
2.764327477969525493e+00
2.616440975327394725e+00
2.797122028856270148e+00
2.930109866258120199e+00
