0.000000000000000000e+00
3.590808612959047186e-01
4.950568058739213684e-01
5.918430517334234420e-01
6.018624610764083949e-01
9.677911061932894521e-01
9.552486464451357406e-01
9.810192061453493206e-01
1.030991860254753423e+00
9.483501187708832658e-01
1.108481668874842896e+00
1.009383116277133619e+00
9.555780662360352506e-01
1.225560299108055640e+00
1.037430385334756622e+00
9.644126880059755713e-01
1.088623625560398933e+00
1.216034826582156558e+00
1.158457166007510475e+00
9.710896622859256366e-01
1.049433755220873232e+00
1.044128922055695963e+00
1.047862669441517625e+00
1.120545268720593013e+00
1.020901083326484216e+00
1.209083537084687743e+00
1.182993150445487363e+00
1.201728539092949299e+00
1.129401511653371548e+00
9.624909844632782985e-01
1.064514487691343714e+00
9.624684465161699176e-01
1.076378776738142973e+00
9.842996690951600902e-01
1.059899450235874507e+00
1.160182777355510231e+00
1.401642477923313646e+00
1.431728081039144174e+00
1.362548831004006589e+00
1.472335060129428053e+00
1.635456375196660650e+00
1.310449688995858564e+00
1.478776554737324389e+00
1.875278267583115888e+00
1.957227704940360802e+00
1.668518594303867619e+00
1.618758189608600295e+00
1.784752751414762306e+00
1.674215199445277635e+00
1.702205031031713611e+00
1.641365362724653609e+00
1.515783700713030147e+00
1.710119694847970218e+00
1.513879464548181231e+00
1.505747796957540574e+00
1.624337055740639135e+00
1.623736936313546986e+00
1.424111739077043692e+00
1.487249479271053998e+00
1.461517014381844559e+00
1.578274985705726552e+00
1.557475245797788510e+00
1.739082088056690401e+00
1.652233592900391512e+00
1.362073465267128469e+00
1.336672864809360872e+00
1.380211770169091690e+00
1.529417348155489131e+00
1.587916496269245581e+00
1.540286382118065012e+00
1.583557691052463356e+00
1.364083234868018968e+00
1.525514981993378649e+00
1.561069012220461349e+00
1.573731921098512787e+00
1.553181524095492039e+00
1.533697492192863887e+00
1.689077220240716271e+00
1.813716629613606024e+00
1.936025566525559016e+00
1.896163911271558700e+00
2.130640074109562576e+00
2.089625610270479328e+00
2.069388935231665894e+00
2.073771139768403327e+00
1.892974043839583675e+00
1.930222659034920740e+00
2.070092537650741971e+00
2.126532228127277602e+00
2.306888636214443622e+00
2.294408474182494384e+00
2.410537502073897276e+00
2.097818266129916953e+00
2.109622058806304157e+00
2.351285447252690286e+00
2.199684983568233498e+00
2.207799325872171536e+00
2.262758042336113995e+00
2.365919115732904920e+00
2.374075843027612542e+00
