2.611744678045111057e-07
3.733270630566927761e-01
4.323670403608876334e-01
5.356779931286779206e-01
5.376635180633672073e-01
5.823303935498738149e-01
6.155600849555947773e-01
7.315343647045245978e-01
5.519648528592562275e-01
9.139311106723601030e-01
7.939807015058002460e-01
8.123090957155325587e-01
8.649881760126569841e-01
9.512587374588471478e-01
1.073355239222484991e+00
1.062637891744095064e+00
9.630436031910886152e-01
7.552825598729058232e-01
8.331944758850827748e-01
8.084100634303061916e-01
9.079784636952430432e-01
8.528300253987207702e-01
1.057682742453226243e+00
9.175073597032465944e-01
6.481011018418401104e-01
9.958709737358661940e-01
7.361155584663018336e-01
8.999429742254533293e-01
7.963166359993731902e-01
1.240658424816205141e+00
1.237167850208602093e+00
1.325445696824481434e+00
1.393496713733307191e+00
1.634744174601833855e+00
1.475840788144825000e+00
1.703818718497412510e+00
1.574598243438801282e+00
1.837780943362654851e+00
1.816422715430527468e+00
2.203097187971081894e+00
2.305256729512822123e+00
2.298373127120695525e+00
2.426628368702458793e+00
2.515350992731666402e+00
2.449108684244218015e+00
2.278513415948131726e+00
2.394554009356359980e+00
2.695562663622080191e+00
2.597210141653723880e+00
2.456065495391115405e+00
2.674350243238786451e+00
2.791028957103399488e+00
2.640103639305817484e+00
2.675699504353905134e+00
2.694878700457930432e+00
2.435863722854994418e+00
2.592418754603210918e+00
2.651875333556742653e+00
2.704034627930091084e+00
2.609595623004083098e+00
2.629470403917112176e+00
2.466044292093698242e+00
2.437009029948085548e+00
2.592013293437315902e+00
2.655974901251800802e+00
2.796518094179979208e+00
2.790626217299869705e+00
2.622566552075723756e+00
2.804366412504278649e+00
2.888353488846064465e+00
2.781900457497282542e+00
2.832208562762481563e+00
2.631992418148501489e+00
2.432166904255468776e+00
2.558511171268873063e+00
2.535718968557732378e+00
2.430175186122264464e+00
2.433552409134161376e+00
2.547078694172356883e+00
2.566785081720612371e+00
2.530941713094691181e+00
2.434252771855940356e+00
2.397798067214015560e+00
2.343494798394314849e+00
2.456873378927741935e+00
2.346735283274190564e+00
2.281563119831191422e+00
2.327722541669408951e+00
2.285158143115180174e+00
2.415983397711806813e+00
2.533248886367492236e+00
2.582747957359219360e+00
2.262002630737345754e+00
2.336687641594456633e+00
2.501895750879259417e+00
2.413964696976655500e+00
2.503569336206708407e+00
2.558793891684897570e+00
2.403660415735954015e+00
2.299551429248549272e+00
