4.264961199760035779e-07
5.039641334169409070e-01
4.823010430222834377e-01
7.757541623036229295e-01
8.143506763861053654e-01
5.123728137123430004e-01
7.017573762673465776e-01
7.058673580005565551e-01
6.852657936430722740e-01
7.692359771767038890e-01
7.402120706093019420e-01
6.769872191064217892e-01
8.610544911565098936e-01
7.913978270542413318e-01
9.545820160831715029e-01
9.530800322267415359e-01
1.205938978613583457e+00
1.421152062737263799e+00
1.280136016021447665e+00
1.336517567367212278e+00
1.306451671342669485e+00
1.284258187907618254e+00
1.335346679959443117e+00
1.411640725323117795e+00
1.584656380348144600e+00
1.780938900003971037e+00
1.826554410684094520e+00
1.830994515430821146e+00
1.632957530426604853e+00
1.637963321596331845e+00
1.412148839177226112e+00
1.607972437101991670e+00
1.462181868663442907e+00
1.541823217360285936e+00
1.663137834598929832e+00
1.676244406328598169e+00
1.696805734957890444e+00
1.851245854090720844e+00
1.833168598921188330e+00
1.928949463976409762e+00
1.860604305388132707e+00
1.910016510117025446e+00
1.717018129208797372e+00
1.847505691844472553e+00
1.754503859176858027e+00
1.755038726428987284e+00
1.778232055954804602e+00
1.755806908869486094e+00
1.638755196383713697e+00
1.552375012477201999e+00
1.715732312870984710e+00
1.974769023777827703e+00
1.878797937559820719e+00
1.768343540869995012e+00
1.956803697171779266e+00
1.939420980361875158e+00
1.876630946963176116e+00
1.885742767624781768e+00
1.983975089637121325e+00
2.063485027555503670e+00
2.325405634741058325e+00
2.390839011105592604e+00
2.223052974629612155e+00
2.303829143289349179e+00
2.352222859175700620e+00
2.709818329308026907e+00
2.736607329218546436e+00
2.857802423824285398e+00
2.636035772781842645e+00
2.590784638164960629e+00
2.770002750942247793e+00
2.836955426836409888e+00
2.735084607651415034e+00
3.059600375343155321e+00
2.934658259526806479e+00
2.697842913528304631e+00
2.816117221620649591e+00
2.657621694158107672e+00
2.573549184142284396e+00
2.474024224218507317e+00
2.522169605323430375e+00
2.655200626144326392e+00
2.652579841280003681e+00
2.505251111792612839e+00
2.562781927468927190e+00
2.627681774095461886e+00
2.548733348786604846e+00
2.446755740587426953e+00
2.117138192268769981e+00
2.213340848350338064e+00
2.212423956401268654e+00
2.235233549958624000e+00
2.299423307261585947e+00
2.291610967285238498e+00
2.341652832172108400e+00
2.283043452806936546e+00
2.139680881790131384e+00
2.326916462910821437e+00
2.343127059631300302e+00
2.518457757192023916e+00
