1.507891492923917490e-07
3.985975673197504898e-01
5.035605477323941148e-01
6.321899098262586669e-01
5.406419089435715586e-01
6.122814519367125730e-01
5.258906561520285683e-01
7.700666457075995286e-01
1.009270509533256810e+00
8.954139805948742037e-01
9.258815208097773697e-01
7.352796065147367832e-01
8.196813922354267978e-01
9.426049367671918144e-01
1.214033956661724867e+00
1.215527329468947926e+00
1.024554053499274531e+00
1.200843273216032570e+00
1.180056435701496653e+00
1.122518090974450322e+00
1.136307053278764023e+00
1.504669514233403005e+00
1.260754625017811881e+00
1.381150234428296653e+00
1.308489704423450917e+00
1.412880773134034929e+00
1.339082132299494576e+00
1.320180146058411941e+00
1.214119282833596936e+00
1.226386539566659994e+00
1.230422021814115974e+00
1.376061676919207777e+00
1.534975533658868185e+00
1.613862734921791109e+00
1.665489974515215410e+00
1.817791074836686782e+00
1.722281280372665035e+00
1.787016033059488862e+00
2.062428206273331011e+00
2.141568696844541098e+00
2.237869443205492193e+00
2.161413936470666819e+00
2.245022932194652654e+00
2.370276899729554465e+00
2.273066000050373070e+00
2.432304200231182545e+00
2.494095044299780017e+00
2.538999733256013691e+00
2.524685410349591486e+00
2.432354682582070993e+00
2.221561561015396258e+00
2.274702707846222527e+00
2.191777184595201877e+00
2.217931164669871169e+00
2.033629958267840987e+00
2.255075674112682282e+00
2.332631424702157119e+00
2.198522313852548038e+00
2.272834674335812544e+00
2.063412721983123976e+00
2.024290553114540536e+00
2.010092070564027278e+00
2.100371318107908891e+00
2.160259380775181537e+00
2.137590964072942690e+00
2.296572726242904317e+00
2.222625770029378778e+00
2.192453066228476466e+00
2.384017241801386522e+00
2.716805797423325952e+00
2.678903480691636307e+00
2.631439597451973533e+00
2.626454663899910447e+00
2.510821813140099668e+00
2.420618328966215760e+00
2.414685307174111450e+00
2.356114429097595497e+00
2.281123530907382069e+00
2.296383532783067505e+00
2.270994117657407330e+00
2.172812258608336489e+00
2.355616016986059158e+00
2.396881599939327145e+00
2.382406364268294663e+00
2.323007578403204931e+00
2.361072076712301460e+00
2.350478538175682086e+00
2.279060027071084793e+00
2.103854524117799940e+00
2.041459385032492246e+00
2.247374708686423972e+00
2.168767021969434605e+00
2.329886408022053601e+00
2.277998532072557758e+00
2.235701108696033224e+00
2.137945306065608175e+00
2.244508556064168658e+00
2.136043056486011782e+00
1.930272725499670550e+00
1.910699125629857553e+00
