6.397441799640053933e-07
4.835661642844528707e-01
5.922695355557894281e-01
6.416999310903986897e-01
8.546966631073066312e-01
7.388538168935566697e-01
8.618354002872705699e-01
7.547370690139113547e-01
1.044708038289308361e+00
1.003762781344874178e+00
1.070903305069979661e+00
1.115030580242050151e+00
1.112094638559509407e+00
1.046249244842551773e+00
1.118152951223870817e+00
1.235715684525751978e+00
1.062741752847072840e+00
1.184097629599399681e+00
1.131841125642534029e+00
1.048134527729372101e+00
1.166252788537953666e+00
1.116068442525696813e+00
1.073775183830768531e+00
1.251374410753315347e+00
1.249912795982679681e+00
1.118556932850568231e+00
1.145509728153308870e+00
1.080583005370736593e+00
1.260642479138696981e+00
1.354213932609701354e+00
1.181409544057134164e+00
1.417490384581230334e+00
1.420449104330100853e+00
1.218694842776959941e+00
1.291308450579891964e+00
1.271945751815211967e+00
1.313498602083710942e+00
1.347610990701403777e+00
1.606990382715842269e+00
1.468581404890199282e+00
1.172690294720695858e+00
1.188140691935672066e+00
1.440910249052581360e+00
1.626260354845532108e+00
1.778573253967987267e+00
1.794701706001689434e+00
1.920379955336762423e+00
2.073852811037048216e+00
2.236122284521000925e+00
2.269080719341071806e+00
2.227678885539455589e+00
2.146882890924575626e+00
2.386364388859478769e+00
2.271904700435821045e+00
2.310074256860947806e+00
2.264448780654029214e+00
2.555009949348274745e+00
2.631472097672338695e+00
2.496264722418790605e+00
2.376799259144614318e+00
2.433620241593264844e+00
2.515887248889056238e+00
2.489109080806848784e+00
2.449331059945953015e+00
2.442071652271446069e+00
2.535472666941830155e+00
2.501939080838001317e+00
2.696749737167276173e+00
2.604024144904323990e+00
2.494546285562805998e+00
2.412157803488788943e+00
2.458672018041394569e+00
2.629169994423334877e+00
2.321010936763314714e+00
2.536485902884951571e+00
2.674603370699266236e+00
2.777354031074795504e+00
2.722297500581150498e+00
2.598099140744331237e+00
2.536621251119953513e+00
2.466856300867396712e+00
2.158291359138667431e+00
2.106249208887303048e+00
2.142522218538123191e+00
2.227922776964566420e+00
2.173362576748508523e+00
2.186204377557199763e+00
2.407792996718928880e+00
2.190255111578478964e+00
2.149536257739045553e+00
2.259356258138038420e+00
2.543010163080553721e+00
2.437216844120555503e+00
2.395451378016193456e+00
2.129727807123357408e+00
2.132656099505702674e+00
2.026186387786972354e+00
1.965939030871615589e+00
2.066011852584000774e+00
2.053213799651713245e+00
