1.507891492923917490e-07
5.252067200027117355e-01
5.570080553773490983e-01
7.448174591285411372e-01
7.838655024416993911e-01
8.322600676633684635e-01
9.715407399306860148e-01
1.263030322847003006e+00
1.250510847286487870e+00
1.206200941663922777e+00
1.127766579357348808e+00
1.291497715241709754e+00
1.313319571054257118e+00
1.435874359646030607e+00
1.497465343459569276e+00
1.360168040506971154e+00
1.309297082246782207e+00
1.391109788918157619e+00
1.136347976695254891e+00
1.502845504861213710e+00
1.452888537339297015e+00
1.559374585614222042e+00
1.599901849381351271e+00
1.440050114726165509e+00
1.378408736243752486e+00
1.491497659729655867e+00
1.433352517672912718e+00
1.487441936623646432e+00
1.368324793421004770e+00
1.599071807996836903e+00
1.925910988373700450e+00
1.985231118588568711e+00
1.969441507702489824e+00
1.830331574517616966e+00
1.633331344899999982e+00
1.763157618552378958e+00
1.796635923898143306e+00
1.934244275372389410e+00
1.955478636019345240e+00
2.132661259125240960e+00
2.080515663174097085e+00
2.077855218875318322e+00
2.048862410243333709e+00
2.319668982210037367e+00
2.388404199232834202e+00
2.367780793087101543e+00
2.177664639247729017e+00
2.192151811170981901e+00
2.163008103479510336e+00
2.266699456710837612e+00
2.175698514374114545e+00
2.205940471398419866e+00
2.058731620007109964e+00
1.909303611188467587e+00
1.930862404873521010e+00
1.919326639317011196e+00
1.830437288718696154e+00
1.960883433727619973e+00
2.236265512510401621e+00
1.980199795616053748e+00
2.369213656518373234e+00
2.430659895606687826e+00
2.434372181868853957e+00
2.565796340215378724e+00
2.645069447036379806e+00
2.659695313263152894e+00
2.664451610068445664e+00
2.592823915358597464e+00
2.604030273339635659e+00
2.476253094679549349e+00
2.514569495071628857e+00
2.340542717242407811e+00
2.309779473938532668e+00
2.402338142610113803e+00
2.280942470863892790e+00
2.224040849531246700e+00
2.171321579394845713e+00
2.339222963549172363e+00
2.424917755082998116e+00
2.510034685209641570e+00
2.345238497564103852e+00
2.110040318054008601e+00
2.550677726640491638e+00
2.582909731543844956e+00
2.605149300749141084e+00
2.529451624108452368e+00
2.639870198749826979e+00
2.861634645272059352e+00
2.814714027137577457e+00
2.702888666457703426e+00
2.803206897461505864e+00
2.652116235488179097e+00
2.669866685394659989e+00
2.522662092471100515e+00
2.425401541954895102e+00
2.670153773417063725e+00
2.630463089605200810e+00
2.477152193022591486e+00
2.501387268192726943e+00
2.710200537438729906e+00
