2.132480599880017890e-07
4.337193207648343263e-01
7.519499887589444764e-01
9.462891633664103352e-01
7.612407908188892902e-01
7.135059977366977613e-01
8.294970201060380965e-01
7.073026079745572403e-01
6.565121891949445843e-01
8.307027400228940150e-01
8.790465792580954840e-01
7.623199650782265246e-01
7.166294331033490339e-01
9.091952650294335969e-01
9.162635609615070731e-01
9.969200103728322881e-01
9.159057411774511603e-01
8.543806727249301236e-01
7.559259391018618990e-01
7.212633712242912942e-01
6.871203838286649157e-01
7.776319270925555749e-01
7.035213573452028246e-01
7.452109802338008349e-01
5.953753808354103061e-01
7.420388164057568625e-01
8.185454423395406298e-01
8.162103913888345552e-01
9.552142818644989708e-01
7.565439001460009250e-01
7.712019669202332395e-01
9.459210035868147459e-01
9.901192735588055793e-01
1.016336891662745323e+00
9.261770485196897384e-01
8.699792041516213326e-01
8.239161169629253267e-01
8.733885356748241069e-01
9.228006530910706218e-01
1.104411075298452394e+00
1.050636596561510760e+00
1.045326706183448806e+00
1.274846443529762618e+00
1.097526605178609005e+00
1.104960306369044298e+00
1.141384686054470299e+00
1.057753384105547312e+00
1.174928699384573560e+00
1.183382707756283958e+00
1.185109230656740342e+00
1.099570950640129885e+00
1.127998723911072698e+00
1.057522934142038240e+00
1.143252985965125701e+00
1.209352643867726451e+00
1.425779036219324780e+00
1.357622216999270659e+00
1.620850984526037708e+00
1.661130872895840271e+00
1.773454593196969631e+00
1.834446313143781815e+00
1.906806306950167063e+00
1.754920121859308901e+00
1.782677735999592006e+00
1.666888742846167837e+00
1.664721485911097254e+00
1.794258683344805760e+00
2.099395050663359186e+00
1.912535098754060137e+00
1.791254062858524065e+00
1.989208320226437676e+00
2.129560658675107909e+00
2.130199175388098443e+00
2.022284705039481878e+00
2.055994366373640858e+00
2.296126119454963366e+00
2.103104019936404168e+00
2.145879588625889678e+00
2.034224986606461449e+00
1.854656125978461301e+00
1.857794972557013535e+00
1.853498812778676674e+00
2.012766649661478890e+00
1.965446361203055936e+00
2.215900646999417134e+00
2.329153060105742856e+00
2.269185255058788098e+00
2.288565916609106132e+00
2.639449094007243257e+00
2.463357018621831873e+00
2.399124007273473413e+00
2.510842238750672362e+00
2.603289925415297468e+00
2.471585185105151350e+00
2.385496561360997081e+00
2.168146190746445434e+00
2.003134168896122169e+00
2.104980124548335496e+00
2.085710117916705908e+00
2.131408820499060219e+00
