2.132480599880017890e-07
4.416532851794620074e-01
4.679087291584166919e-01
4.840266044108854082e-01
5.232639787094898187e-01
7.361400661948644952e-01
7.316714521158260709e-01
8.376660198941686675e-01
8.220041530562426368e-01
8.582095752920719800e-01
9.470542032335232951e-01
1.046683084451483170e+00
8.898979064447796183e-01
1.065441956332397799e+00
8.956888356908077053e-01
8.523397657405668015e-01
9.874205514595538746e-01
1.160463828847423162e+00
1.287734242492292625e+00
1.251650373371886227e+00
1.403141346566232572e+00
1.449213972812046336e+00
1.467357203176248071e+00
1.454450031104561170e+00
1.508277088271218425e+00
1.344830825362085980e+00
1.431950371037677971e+00
1.465593527408120655e+00
1.378557975029427674e+00
1.491063528854463804e+00
1.360197369752799368e+00
1.390469989397754347e+00
1.458577648817305006e+00
1.569668186128493792e+00
1.454733070044057053e+00
1.679689970096559959e+00
1.779820528263306390e+00
1.868345000356407937e+00
1.950343002370761747e+00
1.985535639283717568e+00
2.115520288837956731e+00
2.052432960503846271e+00
2.197413287635730850e+00
2.251861543483204553e+00
2.432177536627292636e+00
2.394037326857126224e+00
2.172810666484712883e+00
2.194200347753541891e+00
2.102603612778150222e+00
2.020821697424885599e+00
2.182218616059860672e+00
2.189766768602989799e+00
2.180964000613610843e+00
2.017616937123648313e+00
1.882874584555562336e+00
1.904088464890836274e+00
2.017789499409058607e+00
2.076632319902109725e+00
2.224732220438463859e+00
2.252977747790210650e+00
2.447256629711221265e+00
2.356267124360427179e+00
2.526463990596539144e+00
2.454909900384860233e+00
2.518627236414892057e+00
2.576980036965501153e+00
2.559596089102963212e+00
2.626045889439502456e+00
2.577558888346427768e+00
2.431644308550567679e+00
2.471309457944259158e+00
2.530587086188268220e+00
2.619156123573250117e+00
2.457807665777933082e+00
2.565192990675932982e+00
2.453602563210154575e+00
2.489119834884027771e+00
2.443672709585396952e+00
2.344540311491864593e+00
2.288461206614860188e+00
2.626994341424742085e+00
2.464505241810387659e+00
2.282038601838729530e+00
2.348728177610747370e+00
2.413097644056734659e+00
2.394078488726544940e+00
2.334341863540671635e+00
2.328250011624271476e+00
2.280537173123470485e+00
2.309767967985305148e+00
2.229788854013140309e+00
2.241764388924857077e+00
2.254510933472138934e+00
2.176613354120555677e+00
2.152094205602467447e+00
1.968222961901409773e+00
2.062764484177496360e+00
2.024152803401182421e+00
2.167060260511811887e+00
2.016398615219708201e+00
