0.000000000000000000e+00
3.430684284585209798e-01
4.951022350630014390e-01
6.823232399964921369e-01
7.586465217902654823e-01
8.805230594998050275e-01
1.042019258579514274e+00
1.059980245254971809e+00
1.227792813841174446e+00
1.185943682276068278e+00
1.183988109274234146e+00
1.119521538503400526e+00
1.197766335133278792e+00
1.350308047443588677e+00
1.343733771614780803e+00
1.162302844563724458e+00
1.272766163663008987e+00
1.344674149374985639e+00
1.226687809680759411e+00
1.447884237209865921e+00
1.384420532637162360e+00
1.469311333514335738e+00
1.292612278913843893e+00
1.373158803454711308e+00
1.629224117653941484e+00
1.701402002486513743e+00
1.738933190153548303e+00
1.755435652731848428e+00
1.813587751546019255e+00
1.796106531992116340e+00
1.668981813377023116e+00
1.731388000131788951e+00
1.707690428475306721e+00
1.832530911823052167e+00
1.872606327840175666e+00
1.932101472797233876e+00
1.786482342733338280e+00
1.899508814521534861e+00
1.951718834352393905e+00
1.828176961207050200e+00
1.809175390786040838e+00
1.930015405671470896e+00
1.874560959042204766e+00
2.059137747030220567e+00
1.938539275576087739e+00
2.047342315793269307e+00
2.038231201357891376e+00
1.941005776588348608e+00
1.917531505076349507e+00
1.987650958669274104e+00
2.055726406700424391e+00
1.970443758809439672e+00
2.297135325333281131e+00
2.256000492129383694e+00
2.169725698888531618e+00
2.224176566282868084e+00
2.384869131131469810e+00
2.432188069633479888e+00
2.377060041114114064e+00
2.443014101919040559e+00
2.534232571838126891e+00
2.416031323993634850e+00
2.313543575526872065e+00
2.299989960796996691e+00
2.257982902904769329e+00
2.223275528554498059e+00
1.926880210274186211e+00
1.971175832346160561e+00
1.935311033398785741e+00
1.837037894496028612e+00
1.824364158721248019e+00
1.863350460639269235e+00
1.729431363088149043e+00
1.771799131732818777e+00
1.877858846852132002e+00
1.879134513349619340e+00
1.785656819781529236e+00
1.685546810586348920e+00
1.525668949420160292e+00
1.601645094109064749e+00
1.845022934828013383e+00
2.008030636734288610e+00
2.174464690425204960e+00
2.183836283640664622e+00
2.001115167525215011e+00
1.854848736269426368e+00
1.975695234623958241e+00
1.628377085608976760e+00
1.993805823401538113e+00
1.978998701093337420e+00
2.040576678340873418e+00
1.867393783562474985e+00
1.931811589970116261e+00
2.011820267724648392e+00
1.946500553962844160e+00
1.914356240987519664e+00
1.727374630113572396e+00
1.916121658500457459e+00
1.889825702489395187e+00
1.720901910503431553e+00
