0.000000000000000000e+00
5.756309050818604334e-01
8.432027396906501826e-01
8.406022304900975239e-01
9.063432113747929009e-01
8.718496965761673989e-01
9.083432838671905429e-01
1.096559228412087750e+00
1.081634904667942543e+00
1.034845901879932972e+00
1.214838539906352155e+00
1.110052408186687822e+00
1.125057117264430362e+00
1.233148686017284890e+00
1.181263411069418234e+00
1.208737273627535025e+00
1.300769150776309280e+00
1.410923415063106479e+00
1.499112074145715567e+00
1.589044846812524669e+00
1.551894745555151722e+00
1.558464499566309724e+00
1.468432600483960737e+00
1.619185415129190897e+00
1.638262537757187776e+00
1.733397154623797398e+00
1.634298125974458893e+00
1.886760119527714830e+00
1.975527573594471065e+00
2.205554364379285648e+00
2.016471678494671682e+00
1.957625012222314220e+00
2.007002951875972663e+00
2.023644603811126430e+00
1.820748671340536307e+00
2.002151498288509135e+00
2.055901571891911583e+00
1.877906822823119493e+00
1.892778509089956263e+00
1.684897135437522619e+00
1.614193283446794913e+00
1.899835940903616516e+00
1.794021975885697007e+00
1.731944017296560334e+00
1.618798719256115071e+00
1.657326700204772907e+00
1.872878713224809477e+00
1.622562748292260437e+00
1.862906402817029683e+00
2.024231375319853754e+00
2.230424874828060844e+00
2.193509149311548612e+00
2.333617346995071173e+00
2.209271592262791462e+00
2.210111735294636670e+00
2.145192512141553820e+00
2.083994181792998557e+00
2.063468693141207400e+00
1.896043182617832112e+00
1.709442888394513416e+00
1.586349965633122361e+00
1.567020485146633169e+00
1.714952670556719294e+00
1.729422684331142435e+00
1.835741297040575315e+00
1.881050558942039208e+00
1.921468139675050368e+00
1.944240935843712936e+00
1.820853474978525899e+00
2.031094745841184768e+00
1.809423831067031196e+00
1.763355595894101402e+00
1.659253137504839604e+00
1.685617062631881158e+00
1.860068372254293889e+00
1.724736323399348681e+00
1.895770677887693267e+00
1.910829800814373591e+00
1.810708877860272459e+00
2.008527250435431455e+00
2.155513199402531832e+00
1.940703151266314430e+00
2.093466237729324053e+00
2.061676922604780859e+00
1.950961879515376252e+00
1.846325252838868503e+00
1.951276227753233172e+00
2.100864592279958032e+00
2.286181403365824760e+00
2.235538505811331955e+00
2.190348875641328519e+00
2.232683450333686981e+00
2.071839667630657189e+00
1.981290539154838770e+00
1.938197620628414608e+00
1.965342008351053771e+00
1.862515852996288190e+00
2.085805749739566561e+00
2.005662755649764595e+00
1.943081862750621669e+00
