4.264961199760035779e-07
4.054432275006215058e-01
4.838293152833906818e-01
6.582912862393807130e-01
7.373674485873309425e-01
9.564197227749559049e-01
7.692390919302621866e-01
7.577045786541165562e-01
8.087509359327603731e-01
9.931157258626166495e-01
9.905461973225082595e-01
9.605295039049436268e-01
1.004847222778653570e+00
9.244387776163286441e-01
9.527561348967136245e-01
1.048541491354220145e+00
1.103902425844900170e+00
1.107666442354868774e+00
1.112201712964918876e+00
1.095302864369827489e+00
1.221162997222831281e+00
1.433128405095401181e+00
1.443072668642058742e+00
1.486487539306021732e+00
1.800828686587909511e+00
1.825720792133060710e+00
2.025520163874850788e+00
1.876110282250758932e+00
1.955621772932974789e+00
1.881174056583134524e+00
2.024996367414840126e+00
1.915491940221805800e+00
1.921783344772381552e+00
1.903035825837222417e+00
1.946616843334198821e+00
1.747136516416938345e+00
1.963684510909182723e+00
1.904886809668446368e+00
1.862881694740886163e+00
1.845509518112747438e+00
1.856175685640110373e+00
1.917592141136259531e+00
1.932310594867671760e+00
1.847909600451568046e+00
1.944495099648349434e+00
2.050973711044419279e+00
2.306670520554582549e+00
2.234729584142448378e+00
2.155995473842086341e+00
2.044216032453131326e+00
2.235098082965779387e+00
2.276228789055657398e+00
2.188056570121813316e+00
2.230124716514001015e+00
2.059659073654462436e+00
2.304513154025588761e+00
2.323036986204205956e+00
2.206453840993354287e+00
2.308758807989359951e+00
2.290975450528998092e+00
2.014468246324047307e+00
2.080243099373971560e+00
2.006529750320173999e+00
2.138784559037455679e+00
1.964454245069349625e+00
2.108934220496676559e+00
2.192441135975681465e+00
2.143207438489054262e+00
2.190653631194679374e+00
2.216748992071484459e+00
1.952572418912704721e+00
2.219939192412036633e+00
2.065467854721932284e+00
2.114170950555657402e+00
2.248130932370107526e+00
2.170074005965954456e+00
2.054172502532060296e+00
2.092381391585953043e+00
2.072867277216669191e+00
2.049387431722110797e+00
1.750296813339199398e+00
1.692870528933642760e+00
1.991967816155994830e+00
1.735990939434807201e+00
1.635683746586871656e+00
1.819619075646623951e+00
1.895383283511594685e+00
1.953546956618520625e+00
1.867351827361108052e+00
1.817505202311172408e+00
1.813775606369417703e+00
1.895633275000756734e+00
1.955762444041062809e+00
1.941550366144686235e+00
2.148985345301589689e+00
2.058076302798238721e+00
2.058158751722019453e+00
2.093778262868319473e+00
2.133131309400258413e+00
1.884770803714362231e+00
