4.264961199760035779e-07
4.378610456141304730e-01
7.694479395563015300e-01
7.538167729653537652e-01
9.182880469910288390e-01
9.003348468568513896e-01
9.382859645145785743e-01
8.701570343416051845e-01
8.423832575362453223e-01
9.307079684651055063e-01
9.389878328068522739e-01
9.710124649710349942e-01
9.549861857785292285e-01
1.095430393018784532e+00
1.257847921784149392e+00
1.057615432931402255e+00
1.178972383897344045e+00
1.247026119833253732e+00
1.402192858497100847e+00
1.530933371427637857e+00
1.513303709283411846e+00
1.499378196764620252e+00
1.263881502180577154e+00
1.299224508905654663e+00
1.456930983568507587e+00
1.485438673793660680e+00
1.598075456867485311e+00
1.559886976303935358e+00
1.627015994090489581e+00
1.598118257565891209e+00
1.593796917471784536e+00
1.558323041907518247e+00
1.602233769245659190e+00
1.606188606180410483e+00
1.507977628656930191e+00
1.423430286464999250e+00
1.478445066119823403e+00
1.304092603745150347e+00
1.395695555663854170e+00
1.522420171369015529e+00
1.350925844499197614e+00
1.520833831022060378e+00
1.344706718023455316e+00
1.397748191159983389e+00
1.211481470441470476e+00
1.358727910795574534e+00
1.427078459217375750e+00
1.570276319650725894e+00
1.575077001564597623e+00
1.722520282896583543e+00
1.787940774378355524e+00
1.701339999742851328e+00
1.794239308425451762e+00
1.931768610013659959e+00
1.966367891885223429e+00
1.896647224134815568e+00
1.714329105437524703e+00
1.858028333581391855e+00
2.025652917091278926e+00
1.918062415733089443e+00
1.922727681307044856e+00
1.956326837318725476e+00
2.182241160141223268e+00
2.086558544459508280e+00
2.000033976463879259e+00
2.168377946862207306e+00
2.125372046860287689e+00
2.119697624272968817e+00
2.151702394388651296e+00
2.106311297263912419e+00
2.184376144950346266e+00
2.071703797121243973e+00
1.912980129337167323e+00
1.974993228716408478e+00
1.940079574105626703e+00
1.960208603843793362e+00
2.106676068211659647e+00
2.164935208468135031e+00
2.351395250127306102e+00
2.385309435692084090e+00
2.302305042514574573e+00
2.306257389893894061e+00
2.192251057638330280e+00
2.198879522173572187e+00
2.071071093723208634e+00
2.036484899552514438e+00
2.010737086134424256e+00
2.212766607250715722e+00
2.207679666602955670e+00
2.238677764286899574e+00
2.256621117729488812e+00
2.275525586061998951e+00
2.306212445688217372e+00
2.135152192723285047e+00
2.347804747581321738e+00
2.457876989001352541e+00
2.560566121693546471e+00
2.595192085083193767e+00
2.529317376669083739e+00
2.491552328814947703e+00
