0.000000000000000000e+00
3.907021300446151257e-01
6.522884065980257828e-01
7.263498578047761223e-01
8.105132134654248199e-01
9.385919252808577751e-01
1.176157671978964592e+00
1.027849741252822469e+00
1.124265224355732506e+00
1.409128332808624595e+00
1.339849045186447318e+00
1.204548572167277287e+00
1.358053886847254699e+00
1.440576756729497809e+00
1.476051236772617070e+00
1.402665092759117771e+00
1.602800367176767882e+00
1.627316802860927947e+00
1.576896039034188846e+00
1.762414179499536715e+00
1.819204335210035328e+00
1.880629816287256340e+00
1.901724414607996794e+00
1.947491242686727242e+00
1.905076589433989609e+00
1.949381934314497133e+00
1.980502476073798368e+00
1.837764602030095507e+00
1.888085837450924842e+00
1.802211960789052769e+00
1.937275325794191705e+00
1.966338675531085212e+00
1.761101045490341077e+00
1.505829072350234776e+00
1.683305608847401880e+00
1.702975650299343613e+00
1.734821483215884363e+00
1.614220519544042443e+00
1.633209933780802370e+00
1.800688258079296444e+00
1.736817654679503109e+00
1.638587570657902059e+00
1.540631974185895370e+00
1.392120964711574205e+00
1.500972014452657488e+00
1.574636253767942584e+00
1.531361754252930307e+00
1.541265451707862111e+00
1.641191333567405541e+00
1.691871048167855607e+00
1.593792853480974658e+00
1.776949852196841650e+00
1.899824769100950217e+00
1.833606801839023692e+00
1.820048140603542031e+00
1.821764720553431749e+00
1.877296816667932466e+00
1.974925334302663149e+00
1.983896286697523381e+00
2.058439350199655404e+00
2.029090622595744353e+00
2.051205911170641549e+00
2.055019850289268923e+00
2.088907289861808625e+00
1.878590613966352185e+00
1.884611590791636315e+00
2.033114985080757275e+00
2.110654371385253913e+00
1.940891433616583228e+00
1.874609756180497966e+00
1.863463355150799750e+00
2.037575592698510629e+00
2.197775073809037583e+00
2.521590479608712076e+00
2.502026437182535812e+00
2.380894292335150375e+00
2.299519310309149578e+00
2.317466770308362456e+00
2.299724961038703608e+00
2.401781104211419660e+00
2.325941165104157271e+00
2.252452968517129950e+00
2.285872048372917131e+00
2.524582769487087042e+00
2.417499709324573143e+00
2.273682704033532787e+00
2.266957312713454353e+00
2.185603154175864926e+00
2.135252978162531345e+00
2.155856100012808696e+00
2.230124670959035882e+00
2.041637544705625640e+00
2.128499341297429126e+00
2.081416116280537132e+00
2.250379172071528711e+00
2.293669865210802961e+00
2.484246550326892677e+00
2.457407668050793248e+00
2.508710335320508911e+00
2.623390218656310946e+00
