1.507891492923917490e-07
4.019008091887389389e-01
5.989084848170403985e-01
6.731503382314453221e-01
1.021884279593448852e+00
8.981980951703488758e-01
9.167773923775988099e-01
8.751953827803686803e-01
1.183015276833635943e+00
1.121508419432754700e+00
1.219638670196151242e+00
1.314208076512210610e+00
1.305694559337517768e+00
1.456902405162571190e+00
1.365619687099897339e+00
1.429103755445345181e+00
1.311689578618273178e+00
1.404040814955031857e+00
1.407792250322575045e+00
1.393565759550662531e+00
1.604485710061724690e+00
1.703078693445748693e+00
1.669599958523706462e+00
1.481857104515708734e+00
1.565830694378672616e+00
1.649598514671952509e+00
1.758642958223933128e+00
1.456020191581361090e+00
1.358859006787941803e+00
1.338667531345682393e+00
1.794095963589931841e+00
1.352198117752632545e+00
1.090480404965852301e+00
1.114992765128872243e+00
1.118355418817060354e+00
1.307068061769888878e+00
1.299503486215084491e+00
1.125496658757180857e+00
1.114596986850801441e+00
1.395014944603369056e+00
1.293622319414346356e+00
1.297930928130443640e+00
1.280002976080817589e+00
1.330449742152461257e+00
1.471892688293541473e+00
1.617432137056785679e+00
1.729780220501998089e+00
1.876904489115475805e+00
1.871751946337870010e+00
1.822761041377781943e+00
1.734469087584745051e+00
1.560083937674987542e+00
1.698183271122393645e+00
1.733148474584093268e+00
1.710063689212388827e+00
1.761009274628938082e+00
1.810083571152603987e+00
1.807845337703106292e+00
1.798115066743736667e+00
1.638352706506593037e+00
1.668317271967110660e+00
1.719907429193705317e+00
1.617370867070101914e+00
1.646795376445007841e+00
1.859131669633792061e+00
1.764583082947524639e+00
1.722143524182672358e+00
1.800106308073171402e+00
1.766197616304350015e+00
1.784339191397469326e+00
1.828596889309275664e+00
1.837968862669290271e+00
1.819794289040268964e+00
1.900839957576927253e+00
1.926074559901109096e+00
1.954589021466077048e+00
2.105993174087837261e+00
1.923658485125429696e+00
2.124054078342261676e+00
1.989777675866609696e+00
2.046951617967248893e+00
1.957359892181232519e+00
1.955755232656429365e+00
1.998312434979613972e+00
2.120551902731619531e+00
2.012572188642720583e+00
2.144184264705811582e+00
1.967398231813517695e+00
1.997711673420489609e+00
1.969463702589428822e+00
1.935989057465468122e+00
1.898465831914400104e+00
1.696666168065969593e+00
1.782806498852950394e+00
1.717390922531219832e+00
1.643740839104162133e+00
1.884263880407440528e+00
1.959496133304594379e+00
1.926142228189469563e+00
1.817625282874383963e+00
