2.611744678045111057e-07
4.091736200466438711e-01
5.985163348895292668e-01
6.071241239587361616e-01
6.084562286292538591e-01
6.310336888695743385e-01
7.555307698960788132e-01
7.775694155906262006e-01
7.304240584691338301e-01
7.540658218226073961e-01
7.890453349291273177e-01
7.120812793224892134e-01
6.578301245185700363e-01
1.025258887437476840e+00
1.138501009210988624e+00
1.017974667900453101e+00
1.185358420220896880e+00
1.137827941558300582e+00
1.278186304724030720e+00
1.518999711716636503e+00
1.393168492974554251e+00
1.476070836334870906e+00
1.661566381326026409e+00
1.824188791323581027e+00
1.922874189647241217e+00
2.136884619341936187e+00
2.109819706821120189e+00
1.960102483132935891e+00
2.005656716548005480e+00
1.935781154282443683e+00
1.963549557468802664e+00
2.038007914583984448e+00
2.180330439152470046e+00
2.243053496983909323e+00
2.276745984527689171e+00
2.231183651964200099e+00
2.302467871864623650e+00
2.112463709070017348e+00
2.122635647668954739e+00
2.166528499176264777e+00
2.267452077354028539e+00
2.265682504494976879e+00
2.602062632718184165e+00
2.573743278211429786e+00
2.690758839817724013e+00
2.666876596733366078e+00
2.599474920577623305e+00
2.672779480619782433e+00
2.414224386763792030e+00
2.350799355801020951e+00
2.371845547458266701e+00
2.463825374579947436e+00
2.288768694262890868e+00
2.205136853461528990e+00
2.238674974339124546e+00
2.280899773085288462e+00
2.421070333748199577e+00
2.619658886718708501e+00
2.459659439746966658e+00
2.286593220292820750e+00
2.531110701836991606e+00
2.434538172456822913e+00
2.395236055606293490e+00
2.401888161016781265e+00
2.589276279174002937e+00
2.637750052202470386e+00
2.747405576373148417e+00
2.636901936818084380e+00
2.662389077514270674e+00
2.616741252831423115e+00
2.733310017983718865e+00
2.603938341696753866e+00
2.618718871378506119e+00
2.562491897861417733e+00
2.548440447808494547e+00
2.365985132593694473e+00
2.508722148597072543e+00
2.280234219246853655e+00
2.160427274031487155e+00
2.282227824692682816e+00
2.150878833589041417e+00
2.181210099163480187e+00
2.231267637825179229e+00
2.279547243199780748e+00
2.466181979281414360e+00
2.396366342214097944e+00
2.336625645042244237e+00
2.449193164612266216e+00
2.412384761394886556e+00
2.458223720627287889e+00
2.411444401749617494e+00
2.462188029896952735e+00
2.744052646723797118e+00
2.607425027160019226e+00
2.543805035593628805e+00
2.717453005212232320e+00
2.820480930761057436e+00
2.882028676993287686e+00
2.995598525351960362e+00
3.032731916319615806e+00
