1.044697871218044423e-06
4.943262745686949899e-01
6.088115551712398599e-01
8.958133292153266369e-01
9.349201273849266913e-01
1.001271511706477213e+00
1.319263142422666180e+00
1.353527525214248683e+00
1.424546920968798647e+00
1.053218513699266445e+00
1.083343379905412629e+00
1.125540684207031017e+00
1.181194462149734337e+00
1.079564963563995450e+00
1.205857869185146924e+00
1.029471438222064439e+00
1.107511915808831571e+00
1.011069445696197722e+00
9.124290251405990926e-01
9.296541132921907202e-01
1.124933174304690864e+00
1.154101598822017127e+00
1.363876156366054859e+00
1.228922739268851094e+00
1.093583523488679710e+00
1.399346114472372671e+00
1.249065067211207580e+00
1.264416879712232156e+00
1.393754542432109833e+00
1.326330050941640248e+00
1.526222048241506535e+00
1.612279597935591946e+00
1.502261540697737097e+00
1.636483041113177661e+00
1.490950797764189595e+00
1.424365139507068223e+00
1.492510652820011607e+00
1.477514277300241430e+00
1.527093862021674298e+00
1.675333134698688387e+00
1.775646717952849896e+00
1.756750940358069668e+00
1.555559534580229109e+00
1.568742166383620296e+00
1.482163200324226215e+00
1.642294609855233789e+00
1.434131186714937556e+00
1.506320005978680099e+00
1.578002714621147939e+00
1.475923248631031415e+00
1.499114906238650624e+00
1.480899767048515114e+00
1.668786524323274678e+00
1.633615451723181344e+00
1.668523170434693448e+00
1.453280672650401728e+00
1.317538763808386859e+00
1.380387600854966257e+00
1.530201887733470212e+00
1.351171661146817193e+00
1.511626149751595261e+00
1.538438909067912919e+00
1.474148746971927215e+00
1.609681049563524313e+00
1.701892824490418787e+00
1.714802397855228477e+00
1.702372670978463676e+00
1.651034500887119671e+00
1.922040470604637008e+00
1.909694357944464294e+00
1.895869542632010019e+00
1.734072601660985313e+00
1.876788629056695523e+00
1.870060319581400510e+00
1.868122229227556108e+00
1.991554922082731105e+00
1.984513048771307631e+00
2.218588561720548746e+00
2.302570329525759796e+00
2.280615611608364901e+00
2.198373268824225235e+00
2.061377251970621494e+00
2.152121693117373447e+00
2.348904191479505243e+00
2.273946862725433338e+00
2.172859958310066730e+00
2.061112157094708408e+00
2.163867464621777259e+00
2.355517890724664998e+00
2.345199598555455900e+00
2.668911888212756267e+00
2.709349326953481185e+00
2.717063395532993031e+00
2.752040331022019171e+00
2.559435123326362138e+00
2.598255692709037667e+00
2.490233281173923174e+00
2.812162928691834818e+00
2.853156985462490525e+00
2.873727641517397569e+00
