1.507891492923917490e-07
4.584774361940497367e-01
6.535217922413062430e-01
6.229192408049498697e-01
6.648463043354096991e-01
6.796932198772631661e-01
6.714225515121875487e-01
8.510597769031960080e-01
9.211671968865637883e-01
7.583070276729059200e-01
7.810957791759700619e-01
8.739052958099372548e-01
8.039374056181443073e-01
8.171796538588216308e-01
6.012176851441881631e-01
7.213132713154771780e-01
8.217036835544200279e-01
8.398938693542093992e-01
7.660524637718313379e-01
7.649824864282146475e-01
9.000823519265210848e-01
7.648172296067953235e-01
7.406043388835896746e-01
9.019509554778054605e-01
9.320898199463014677e-01
8.851995510678865031e-01
8.885176610991529778e-01
9.651779463236344059e-01
9.751617450537652942e-01
7.746602331016476661e-01
7.525012189873533375e-01
6.533036618002882046e-01
7.831180238561886719e-01
9.151629994995140738e-01
1.027272480488311324e+00
1.227499917532727913e+00
1.240127293801479125e+00
1.373990243240500675e+00
1.406170123982881881e+00
1.457698711833241179e+00
1.626668816013119301e+00
1.656525264991510316e+00
1.501196190531824737e+00
1.556435478770776148e+00
1.552082113536126462e+00
1.491525770785171456e+00
1.613816123188573481e+00
1.515937932196849136e+00
1.645172601408458668e+00
1.483583407803915843e+00
1.519451022464388457e+00
1.465867977959342650e+00
1.680399971656932445e+00
1.677764243799575450e+00
1.758741701680715197e+00
1.690510265089009811e+00
1.764317930652345989e+00
1.559186757272089663e+00
1.608948681183944407e+00
1.558869515045705478e+00
1.576683567357217708e+00
1.644006532399483911e+00
1.659808977223625304e+00
1.756872656597820326e+00
1.848057820003557783e+00
1.943319252253234541e+00
1.906955303591475692e+00
1.905610833074113053e+00
2.096929077119916496e+00
2.055343735992468890e+00
2.116667840785379617e+00
2.099209251094259709e+00
2.106548272699972912e+00
2.058159722562728611e+00
2.025459771753463922e+00
2.153418114491116420e+00
2.094766431957236108e+00
2.109762647129674207e+00
2.358801795954761804e+00
2.680585020878685665e+00
2.473723109400340459e+00
2.386547505979845774e+00
2.301785581164872863e+00
2.328743567361111655e+00
2.180163917777192761e+00
2.230658138433051274e+00
2.182334503965520422e+00
2.292749102950975004e+00
2.182826520296506256e+00
2.319489630374956590e+00
2.305619703605377158e+00
2.178991553909871648e+00
2.175338187903284926e+00
2.232727469221604810e+00
2.298904639939508776e+00
2.177213940099365530e+00
2.153629527887452877e+00
2.122913778909374383e+00
2.113786749083600203e+00
2.070226937695835101e+00
