3.015782985847834980e-07
5.486936190066871166e-01
6.981039378706263010e-01
5.423747518680710478e-01
5.053908217335051356e-01
7.643657445880340795e-01
1.055207107745497641e+00
1.125741252123793945e+00
9.937566798882991881e-01
1.189042165753295244e+00
1.245015865017511603e+00
1.256621159864217629e+00
1.229178903826309011e+00
9.241898308240715787e-01
9.342276339918581529e-01
9.049471369789869879e-01
1.079776741157122188e+00
1.090858573029730882e+00
9.133850666234374360e-01
1.181206034105335867e+00
1.172352506932025751e+00
1.172955721628497816e+00
1.310140263427324481e+00
1.192799792778974188e+00
1.251531295717771997e+00
1.148398758704993528e+00
1.168027573610196157e+00
1.245905133547950960e+00
1.239230026997870659e+00
1.236235701526857689e+00
1.142233442813528566e+00
1.215873657455831314e+00
1.254097084542461049e+00
1.308746013210630554e+00
1.348870494845121781e+00
1.365613440060492456e+00
1.373217052107953196e+00
1.328940753189123303e+00
1.342537077434528436e+00
1.425011111002245423e+00
1.287248633117282770e+00
1.457540839701081836e+00
1.358527888966056585e+00
1.386111563886475384e+00
1.457581116804613997e+00
1.491934837078323861e+00
1.574328976196248453e+00
1.358058995345963416e+00
1.394701547489545002e+00
1.306289863803517637e+00
1.335569907412731405e+00
1.459715650029538292e+00
1.711371615842522065e+00
1.720732492728282992e+00
2.043327534721036898e+00
2.072105267741155998e+00
1.893465752240068189e+00
1.925012234141742384e+00
1.902973518166448441e+00
1.905114648515209508e+00
1.760883085584681762e+00
1.818020560956229215e+00
1.735064159983800591e+00
1.538905910578091119e+00
1.438659061943482476e+00
1.653251880372521576e+00
1.730845061827068987e+00
1.875895489170346098e+00
1.919497055385623652e+00
1.452477216053864817e+00
1.770964062695354224e+00
1.769908565833614222e+00
1.806933221951866342e+00
1.769122981729475796e+00
1.809886234971558538e+00
1.744014352977444116e+00
1.835840066420992844e+00
1.769072973527128001e+00
1.902490769895095246e+00
2.106655559828614077e+00
2.196145308545854213e+00
2.162624623430197790e+00
2.244870751045144885e+00
2.281188246140019693e+00
2.471417481553633166e+00
2.311517164035913119e+00
2.306893047413534958e+00
2.251983525797184527e+00
2.072248525984565770e+00
2.085379831160210973e+00
2.069104409139702838e+00
1.981640463786713324e+00
2.036052542758726602e+00
2.104132508195942997e+00
2.042188165759267537e+00
2.000219663160412331e+00
1.908263118856327933e+00
2.099546498266827932e+00
2.098716886989560493e+00
2.263042156018166828e+00
