2.132480599880017890e-07
4.510996047413047272e-01
5.255767383506396717e-01
5.638975832884411954e-01
7.252520350460247567e-01
7.206959448463213791e-01
8.597062002204695075e-01
9.520135478377905747e-01
9.533884414933917473e-01
8.573776026211350487e-01
1.039943672757421167e+00
1.176288949505260417e+00
1.064326743515282114e+00
1.221275301091431897e+00
1.383950090298241342e+00
1.342412139700569940e+00
1.285332377132446080e+00
1.232333617409634208e+00
1.388095994277822598e+00
1.199248985734147732e+00
1.210861556818882745e+00
1.067600722096268662e+00
1.066636824677150042e+00
8.960718788463444273e-01
1.030233922229678134e+00
1.025507356666247816e+00
1.224511210626247237e+00
1.221160057190586290e+00
1.448545015010876069e+00
1.483896661936645600e+00
1.413530630339856708e+00
1.663991718367364703e+00
1.384591047014437803e+00
1.411973114370695725e+00
1.531348635641073708e+00
1.496690709426275134e+00
1.245041531297240711e+00
1.479887668898983266e+00
1.425459316416386679e+00
1.391511911793841039e+00
1.467065559018177590e+00
1.588658729857358898e+00
1.593284958593552458e+00
1.612975377343871752e+00
1.540841084287361662e+00
1.688537569001502536e+00
1.768939512708520345e+00
1.852271874432160237e+00
1.793370728089233923e+00
1.619963588822049161e+00
1.828881143147829569e+00
1.810657155068296387e+00
1.944971635281127265e+00
2.112503862401712063e+00
2.017619685806763652e+00
1.926256153445722763e+00
1.908226390883038581e+00
1.896989872830509682e+00
1.718482918303645413e+00
1.813174889474589380e+00
1.639005109931609194e+00
1.781145776948487747e+00
1.670951763951479485e+00
1.397697003646063196e+00
1.458744415038107922e+00
1.463665338864237775e+00
1.370057726482342586e+00
1.361685815503615560e+00
1.441726257352278218e+00
1.362420446461508394e+00
1.422075957417789471e+00
1.617849837478262165e+00
1.710277390128193131e+00
1.616459270902931955e+00
1.608658095676009703e+00
1.625997442430003881e+00
1.705895964633961315e+00
1.591449286777495864e+00
1.754167600804035221e+00
1.647576626476037198e+00
1.458340721842902088e+00
1.393548366798979199e+00
1.516963202605312588e+00
1.513592966587162358e+00
1.637538915836639131e+00
1.710242510534336402e+00
1.782666287384432113e+00
1.947615445834635528e+00
1.948091264225527475e+00
1.764659791486829610e+00
1.860965985252179156e+00
1.984852607329835372e+00
2.016267598182305054e+00
1.936790768578283695e+00
2.049314224181503885e+00
2.047498683112534135e+00
2.097862965164286830e+00
2.056314153946263268e+00
1.977181816493643662e+00
1.945348491492100873e+00
