4.264961199760035779e-07
5.043371200985851122e-01
6.000750315563827542e-01
7.229595016529154483e-01
9.499627725266134304e-01
9.215398925096159877e-01
1.075443792610208282e+00
1.066636070247592771e+00
1.219016304675921702e+00
1.177284542890169705e+00
1.314676417443735534e+00
1.410693832551376037e+00
1.338335201220035797e+00
1.428195895694087891e+00
1.273024272729522011e+00
1.242678462047063226e+00
1.567603229819986232e+00
1.534037569532229472e+00
1.550881112948082619e+00
1.483330839877264884e+00
1.566178336550176020e+00
1.663451185629765350e+00
1.376280111178657561e+00
1.534666962546908486e+00
1.723756448348918058e+00
1.688949037790834495e+00
1.630812844875725975e+00
1.678208832115368532e+00
1.648612023147474348e+00
1.711578534409001318e+00
1.493084201765624952e+00
1.711345095586243037e+00
1.676477501770764489e+00
1.500276086432779099e+00
1.346120076992932235e+00
1.616249921653417410e+00
1.734579994463745001e+00
1.802885126227993906e+00
1.657247624290959953e+00
1.774426041674358245e+00
1.730759042126748470e+00
1.921050628384593617e+00
1.981638886848677394e+00
1.719045274164782588e+00
1.858124459198995382e+00
1.946023804376115773e+00
1.805725606563030272e+00
1.876373415825357327e+00
1.693959639326359623e+00
1.706044896101828190e+00
1.849797481961775070e+00
2.042023532317670309e+00
2.131661927811536739e+00
1.943744303490329006e+00
2.238807323893382772e+00
2.415784650573713055e+00
2.360494098556245479e+00
2.506243139935342423e+00
2.372199097705949722e+00
2.524872926840147525e+00
2.635267531936914764e+00
2.638035665287826514e+00
2.691815816137526518e+00
2.631137931127860874e+00
2.529833318141165410e+00
2.573870336336410602e+00
2.543368280633602652e+00
2.388483211689278018e+00
2.368274327748046026e+00
2.268531638603041412e+00
2.246322215858589377e+00
2.328017548663289915e+00
2.253761409099647395e+00
2.317548414388172162e+00
2.333089433583706462e+00
2.384926290050962461e+00
2.419222238028354344e+00
2.547172681570623709e+00
2.451007457546632740e+00
2.492814927393784075e+00
2.719388411829446905e+00
2.639680377490197571e+00
2.721649914935889480e+00
2.726274848471159640e+00
2.393402274979137268e+00
2.445133518826325236e+00
2.462117838605330178e+00
2.234863920843540797e+00
2.206049218200353046e+00
2.226596787471867511e+00
2.309364256544188976e+00
2.331173520362470164e+00
2.310173773219022397e+00
2.346352585322081907e+00
2.310117639262008193e+00
2.205269251177248702e+00
2.422776832398583213e+00
2.614207333753320039e+00
2.575598700252802686e+00
2.711921753087223497e+00
