6.031565971695669960e-07
4.389445903442499852e-01
6.020273281822667855e-01
6.757675030316608877e-01
8.155160195498091236e-01
1.076860424663848681e+00
1.011789238771364730e+00
1.202764955075436015e+00
1.143160758487667295e+00
8.657991342291638803e-01
1.008947453124716898e+00
9.676746764591256378e-01
8.327749612967879633e-01
1.018668580602035023e+00
1.025343755346914465e+00
1.213043691154787496e+00
1.200263530858437733e+00
1.433839168103447470e+00
1.597891158598597761e+00
1.510552899786953285e+00
1.273371354933950261e+00
1.327085003326863299e+00
1.390435945136705431e+00
1.489470561683015726e+00
1.289235340136909436e+00
1.379403650601571441e+00
9.390019031830594276e-01
1.063462151273938616e+00
9.701558950202695542e-01
9.856503490984506177e-01
1.048333635145452636e+00
1.129758821713465755e+00
1.353039965459143179e+00
1.238146766600678461e+00
1.359202227277800157e+00
1.535695854095365576e+00
1.444048467880533648e+00
1.654450543700507925e+00
1.523149301539532097e+00
1.690530605018441213e+00
1.771356381300487337e+00
1.760748666573336951e+00
1.676663947900091989e+00
1.510527171424245862e+00
1.771886080700469046e+00
1.718069017111242269e+00
1.744379147343867675e+00
2.017122662467774052e+00
2.044098080768037562e+00
1.858023372326342848e+00
1.837121308420540000e+00
1.608435481593389005e+00
1.507871000693601582e+00
1.631327706244731335e+00
1.519501423751381308e+00
1.802574551730093289e+00
1.815672745701007118e+00
2.101498989109420013e+00
2.118553712944764467e+00
2.003008252569949743e+00
1.909530807145302767e+00
2.139149597609988795e+00
2.240370730785512965e+00
2.216489106216072535e+00
2.210008526037610110e+00
2.084621947018665100e+00
2.091685519819743710e+00
2.292887009531332509e+00
2.205253201529121299e+00
2.112127343481009945e+00
2.222272084820553495e+00
2.219420582784218166e+00
1.973243219242196034e+00
1.950916212036775121e+00
1.900008266854077865e+00
1.788912994640097898e+00
1.856807064323530376e+00
1.903015762532684230e+00
2.019276195825929765e+00
1.893427396272578278e+00
1.698862150734864018e+00
2.092704664394738678e+00
2.243321521910012883e+00
2.370779261875294530e+00
2.448666537811662991e+00
2.719662290481000166e+00
2.937486721334817918e+00
3.101229839643781183e+00
2.790121768228209120e+00
2.711469714988178126e+00
2.663354621039551784e+00
2.565344862904700207e+00
2.572657896651536991e+00
2.707914446374341644e+00
2.520811500424418039e+00
2.759054458237387042e+00
2.849477063372301000e+00
2.972666688169152138e+00
2.763638173240772655e+00
2.748631915540725945e+00
