0.000000000000000000e+00
4.068879099848420888e-01
5.730692258764813474e-01
8.121842434815026435e-01
8.114056501457590498e-01
7.391458403649378006e-01
8.362169989344627741e-01
7.764019754962537823e-01
9.112210674537911670e-01
1.105037128186149298e+00
1.217670574853445098e+00
1.320233499578390646e+00
1.258791822670494831e+00
1.277307597767519010e+00
1.274435171507879883e+00
1.394097440563544454e+00
1.325488638429162203e+00
1.552294190409756469e+00
1.680863394083328188e+00
1.775498165065261258e+00
1.674111874055404625e+00
1.649858058854804410e+00
1.609960252936986524e+00
1.560196746972226878e+00
1.655430678992770854e+00
1.490649843887951409e+00
1.510559057660123328e+00
1.719428142226011147e+00
1.840986305601785000e+00
1.766415876035950072e+00
1.743177319738848485e+00
1.932619828702357268e+00
1.622881515681915410e+00
1.639116654565927922e+00
1.516440847807834613e+00
1.570762199806401638e+00
1.632644305484095115e+00
1.735759123139964499e+00
1.929629358959871199e+00
1.888522072184710909e+00
2.035838218968153868e+00
2.059044411856056467e+00
1.987603588067790916e+00
1.963676261934556910e+00
1.937804188565364738e+00
1.905942105790618957e+00
1.939955790299904059e+00
1.943800283230063153e+00
1.770385883166177843e+00
2.137212775441858170e+00
1.654850491060694706e+00
1.639036583422802673e+00
1.826931335474103024e+00
1.841593967397191056e+00
1.933088682847798223e+00
1.789895698759631948e+00
1.860154288029204572e+00
1.847160226982992981e+00
2.047905806667615458e+00
2.218035110039425550e+00
2.105344745130896200e+00
2.391611174186418332e+00
2.130766003601217040e+00
2.136956689675631349e+00
2.275810445032453888e+00
2.209748469889425859e+00
2.238275131259309880e+00
2.319905587481504661e+00
2.207934966520241904e+00
2.098189381599851355e+00
2.159359732298702372e+00
2.131886546465440180e+00
2.090359174852445712e+00
2.146059273848727855e+00
2.186354618212532852e+00
2.110819451220439014e+00
2.292915681244514836e+00
2.215328678939324281e+00
1.982234458362988505e+00
2.182703895872068145e+00
2.013123563107360514e+00
2.085509876981291200e+00
2.169337553100363802e+00
2.303340318533898312e+00
2.316069628887934773e+00
2.246670569586693755e+00
2.139099743763650530e+00
2.368746171220247554e+00
2.294739397957357152e+00
2.499687151834746324e+00
2.156337803237823092e+00
2.211857910302355457e+00
2.205078326382401421e+00
2.198958451400038427e+00
2.300011805405061338e+00
2.255620793993305284e+00
2.451931408017944403e+00
2.634000504773902129e+00
2.655133511283641834e+00
2.705963969738289343e+00
