1.507891492923917490e-07
3.774066507286786831e-01
4.863745894717743656e-01
5.140636160286594647e-01
6.320941199981502390e-01
7.071594698310520455e-01
8.147672994203605246e-01
8.307024073315264490e-01
8.750881891869447538e-01
8.965847749662534394e-01
8.922203057735961229e-01
1.100631249833462499e+00
1.110938113352543777e+00
1.059597065913405078e+00
1.044848501266571805e+00
1.139799961866877043e+00
1.282114635547919601e+00
1.086696418417616217e+00
1.200610105236672220e+00
1.322712090003148599e+00
1.504809077026466602e+00
1.354955533757721708e+00
1.460199664430974709e+00
1.362496017978947371e+00
1.355781056228446468e+00
1.340081823901565050e+00
1.570577131529747872e+00
1.452074406554402897e+00
1.279786931489507618e+00
1.328688266901806969e+00
1.142998413332406260e+00
1.246825547824564007e+00
1.398055937122107961e+00
1.318525837502689368e+00
1.317796743672232207e+00
1.408307853741520121e+00
1.319837577811520557e+00
1.136458435518903132e+00
1.360197236486695882e+00
1.477506528885093040e+00
1.432306554873353122e+00
1.372371681014439071e+00
1.359629098100715083e+00
1.537195610598160567e+00
1.627844975239462810e+00
1.738603622012958150e+00
1.673747279033079183e+00
1.575512453956045889e+00
1.801791011066458337e+00
1.850800696265479273e+00
1.846519978492706660e+00
1.780811649038353650e+00
1.810123645447194507e+00
1.731214911967115855e+00
1.834312126329906034e+00
1.599791768270225845e+00
1.618514637176044602e+00
1.662413832827397853e+00
1.706085447158119717e+00
1.597570712280707461e+00
1.505852173559509843e+00
1.589055052113895083e+00
1.566679941522401975e+00
1.567393375590675042e+00
1.643372115243475262e+00
1.674329713825295496e+00
1.590441466955796912e+00
1.752222563768828900e+00
1.898575901070927996e+00
2.078378839627403440e+00
2.209199197566034556e+00
2.400597281715006748e+00
2.321575747814803137e+00
2.371278210215280513e+00
2.443856369518273564e+00
2.565243753134140992e+00
2.445605850782379243e+00
2.702611075848692757e+00
2.571163049084582930e+00
2.806350820287501158e+00
2.875763009124856495e+00
2.913831684441224645e+00
2.977544728445275179e+00
2.853332864113346190e+00
2.907333099960436318e+00
2.892570094826692806e+00
2.835194573517436645e+00
2.849571542460494822e+00
2.913170009892720902e+00
2.777217172299166315e+00
2.542251460140629860e+00
2.713166948587291571e+00
2.697729038921864220e+00
2.794194089634445266e+00
2.806102010111740430e+00
2.887101780022001130e+00
2.772936899584475867e+00
2.781046285858184586e+00
2.918684689166089807e+00
2.758785994645888362e+00
