2.132480599880017890e-07
3.803879747797851985e-01
6.498645907663649357e-01
5.866665912169288788e-01
6.271137677372478070e-01
7.564267061276662707e-01
9.776777247807051374e-01
9.068246974719912368e-01
9.631621683558999614e-01
9.817767316423636759e-01
7.613432788239401505e-01
7.627855021480358655e-01
9.268335883839290412e-01
7.349114224727730793e-01
6.489870925570772053e-01
7.587788165300928256e-01
6.571488621447262313e-01
9.790079727415381683e-01
1.196302430504805114e+00
1.115675104698549136e+00
1.212837534572003717e+00
1.249022479553765885e+00
1.084184063992065017e+00
1.129070443312578664e+00
1.125815412655664982e+00
1.192853827235316189e+00
1.195940594198773521e+00
1.409065918942621787e+00
1.332165414931515413e+00
1.345195041434735117e+00
1.186706053142398076e+00
1.245290016256986876e+00
1.353598631512723971e+00
1.321392803373989233e+00
1.285140713208932750e+00
1.078284092738776234e+00
1.255790681070576786e+00
1.016858643434570553e+00
1.235466215817087710e+00
1.298529497393702936e+00
1.261270022132183088e+00
1.351226773005452353e+00
1.262751248952618921e+00
1.290481145956372533e+00
1.130906920059237875e+00
1.352329937035709584e+00
1.377236278705088468e+00
1.153254369262933565e+00
1.237363297319133304e+00
1.388568512220534013e+00
1.615594882565533297e+00
1.699024268914186564e+00
1.807193847573049350e+00
1.789550854865991303e+00
1.615920400844240046e+00
1.705030839245538221e+00
1.560252544270541497e+00
1.687149360296252398e+00
1.435794450039070691e+00
1.575830964339204332e+00
1.552128277642281340e+00
1.643090645600560507e+00
1.673782902820358132e+00
1.776100694296201210e+00
1.804597353504987289e+00
1.616772908889226423e+00
1.523146963286752031e+00
1.594593059253559320e+00
1.604054720943572487e+00
1.649837963457583712e+00
1.690665220516968770e+00
1.791615207430329093e+00
1.859434619340301742e+00
1.748802955390372782e+00
1.843716895812150369e+00
1.737861116354508129e+00
1.680337248814833373e+00
1.708500174315530806e+00
1.683203349859816900e+00
1.605721142607929863e+00
1.792559423827788434e+00
1.809633668647358418e+00
1.642879490577040746e+00
1.672007763705931405e+00
1.352997901429215055e+00
1.295519071778701292e+00
1.182448586953448233e+00
1.087458893082412503e+00
1.211209727584594109e+00
1.129413829333997477e+00
1.205673278686616445e+00
9.906687322233517223e-01
1.034096189815754796e+00
1.006532327142684924e+00
1.166684175927361844e+00
1.211709528433647431e+00
1.037231004213899466e+00
9.721121499759574069e-01
1.127214691261168911e+00
1.163199886759337387e+00
