1.348699152348609109e-06
4.330701122290556149e-01
6.939064245876157555e-01
9.044627055192840936e-01
8.883068132337483824e-01
1.090511556410822536e+00
9.585029078040916417e-01
1.123548474645465145e+00
1.335983624651435386e+00
1.247122773005489682e+00
1.461710558443184649e+00
1.290000698006734003e+00
1.438420232086185857e+00
1.442918033048292692e+00
1.239569797187985323e+00
1.091636371791096627e+00
1.224846008971151923e+00
1.285370495486932052e+00
1.270876347871208845e+00
1.214915586854987462e+00
1.172259180054509242e+00
1.322661424999297175e+00
1.213695222441556032e+00
1.417849687642426026e+00
1.387013066996394040e+00
1.475253086169061589e+00
1.381367555747061049e+00
1.322260107940515850e+00
1.264576211103741521e+00
1.144389081209641112e+00
1.206465111376638921e+00
1.148648103467547754e+00
1.144007021617198028e+00
1.083737202233619357e+00
1.139708623220837547e+00
9.990330325449466864e-01
1.106801428111498842e+00
1.268515842962020912e+00
1.422389854097867667e+00
1.433732197803063046e+00
1.432225206654965888e+00
1.385934825901175227e+00
1.485826276519868872e+00
1.459619540318616737e+00
1.466171825803136652e+00
1.489003195359687393e+00
1.745777292092189015e+00
1.985657308999191351e+00
1.694301696630348131e+00
1.678848986527408327e+00
1.627473056110133376e+00
1.652372722787300852e+00
1.472295386907900294e+00
1.486079537350758484e+00
1.569440171330822142e+00
1.327828938193494013e+00
1.445691501848792804e+00
1.349038278542536995e+00
1.423482756521555315e+00
1.234773137223887485e+00
1.393789316960216684e+00
1.362901664053380646e+00
1.164516020237052141e+00
1.401236443634756412e+00
1.567658477547393403e+00
1.634497839333628910e+00
1.602055965327603859e+00
1.692926816368180987e+00
1.648205416510760024e+00
1.535746411682058943e+00
1.635211706762337958e+00
1.521030954315118811e+00
1.556123861394115071e+00
1.834607696588166137e+00
1.802200538141681019e+00
2.042179131449531670e+00
2.013882318689113493e+00
2.212226221724006070e+00
2.194859383638293249e+00
2.574962574966851214e+00
2.574247040674308096e+00
2.609995917351842110e+00
2.836040955287681520e+00
2.980212841980716565e+00
2.810505390813047288e+00
2.806859266543542120e+00
2.734010348690474768e+00
2.692079448535657615e+00
2.882728256562822722e+00
2.929122988890586310e+00
3.024366036857022877e+00
3.096952977885295777e+00
3.136808242582005857e+00
3.117300238027050252e+00
2.978174046514072248e+00
3.051231322249008393e+00
2.930046389053384104e+00
2.958570833636554820e+00
3.113789180586458372e+00
3.063686267728927159e+00
