6.031565971695669960e-07
4.132475622367607349e-01
6.039331692686537023e-01
7.468907331591810861e-01
9.414189995352353346e-01
1.155790932260783777e+00
8.912361869637389633e-01
1.199979670171012369e+00
1.143622983136314719e+00
1.219151930048845589e+00
1.156337908068810538e+00
1.138535419414296701e+00
1.391145072668237059e+00
1.441043723357256834e+00
1.479202512229664368e+00
1.576454707515983822e+00
1.376807147392570041e+00
1.586342691288822326e+00
1.762934777716749002e+00
1.605283854488094297e+00
1.800987779922531784e+00
1.821210385065608284e+00
1.816163165157756776e+00
1.617708136716861311e+00
1.687058674494012367e+00
1.878492349734333766e+00
1.971735063496212526e+00
1.927080684459175020e+00
1.869457892090429896e+00
1.955264076485819125e+00
2.023830082684502596e+00
1.908754549007114276e+00
2.175002725826643335e+00
2.249088459157320141e+00
2.134709207718930468e+00
1.905715383407832419e+00
2.007782096350638312e+00
1.887120581291986010e+00
2.012541428310167912e+00
2.146760605415848122e+00
2.171970430815052033e+00
2.118397861302070861e+00
2.091293596458909665e+00
2.282178782097265213e+00
2.148271858264469092e+00
2.334551816685578984e+00
2.289486495226799256e+00
2.542739983735669007e+00
2.443070199278480903e+00
2.415730110032872080e+00
2.699343852367159347e+00
2.775617340504797248e+00
2.696035250913606518e+00
2.701067996077494371e+00
2.969288241889768809e+00
2.825419559063958364e+00
2.858563223116537433e+00
2.831493020772284375e+00
2.662172534816957370e+00
2.706702593004451707e+00
2.648790550259859433e+00
2.485607885416535989e+00
2.454822666193328562e+00
2.728580397879108332e+00
2.697358135902986565e+00
2.672792703015494986e+00
2.948714914527294617e+00
2.885967855714413499e+00
2.830146636850367603e+00
2.998718769448872390e+00
2.927970484349375457e+00
2.910711475733770204e+00
3.083843110352213923e+00
3.329251606063072799e+00
3.234270698111657794e+00
3.246422762932325679e+00
3.227874811496758145e+00
3.120852748183863490e+00
3.299508451093699168e+00
3.325533905490808184e+00
2.957727776721770674e+00
2.959921081133980891e+00
3.012604327468053622e+00
3.120733190375923893e+00
3.083117015032355468e+00
3.079760864663036113e+00
3.060549057096743741e+00
3.174752251054055119e+00
3.293656887748062090e+00
3.178897775868113396e+00
3.309350168882008614e+00
3.370068939036374722e+00
3.293610713495093378e+00
3.261185815643584007e+00
3.189623742593373112e+00
3.200867203132214289e+00
3.352477615498724361e+00
3.368660003273787673e+00
3.523105675933790870e+00
3.598895227543339903e+00
