0.000000000000000000e+00
4.266550644774094736e-01
5.628621562881128693e-01
5.733989726498097683e-01
5.230339490900309807e-01
5.716396290227189203e-01
6.853807566235105009e-01
6.649690390216133062e-01
7.833087033941508182e-01
8.154098708375790983e-01
8.530987037451923660e-01
9.291537916918384266e-01
6.289764728680627970e-01
8.829666339950502651e-01
8.512400426846675749e-01
9.075151454773472404e-01
9.480174488837963542e-01
9.475390242133825414e-01
7.650294383743119209e-01
8.470720729853398190e-01
7.988444360510601472e-01
8.327804563300684748e-01
7.383516316339769903e-01
8.587567034934965315e-01
8.631446229293228134e-01
7.141534634069957033e-01
6.815370616785193514e-01
8.807868191521477375e-01
9.562064539995959178e-01
9.997064037550519311e-01
9.614864581061282056e-01
9.937955739001336219e-01
1.077065729829709051e+00
1.008862295048215563e+00
1.087817611046676847e+00
1.060999726481915539e+00
1.136044318739632297e+00
1.184695238631753300e+00
1.271499043119477479e+00
1.262719166032048701e+00
1.267390602791039544e+00
1.196361841737221487e+00
1.619420088564641702e+00
1.417317916105316877e+00
1.360151402742067805e+00
1.556375358768179229e+00
1.444444122776635808e+00
1.466974622639620973e+00
1.390486708879100419e+00
1.476781316570576319e+00
1.528811228290861246e+00
1.456371785702838206e+00
1.536764925128933257e+00
1.336428705814455054e+00
1.428245274874433424e+00
1.291961394798030183e+00
1.462407619612373866e+00
1.381987922833256777e+00
1.372996329006639371e+00
1.523982825418378706e+00
1.497076156257654889e+00
1.513364304220164769e+00
1.580558310443645587e+00
1.525460253178973158e+00
1.599139312529643808e+00
1.487963779246976426e+00
1.571354145678006686e+00
1.389130153610786955e+00
1.317329017436535299e+00
1.534131206078133136e+00
1.446802086527658515e+00
1.451774408699164187e+00
1.612358819456522374e+00
1.521260288849334730e+00
1.601701058341286954e+00
1.821878534379205883e+00
1.985136917328894857e+00
1.845999431465334517e+00
1.718164147576681566e+00
1.503369597002064184e+00
1.408337811703310072e+00
1.493562866610287143e+00
1.554908255317269061e+00
1.760541669347217786e+00
1.826380177106113445e+00
1.736667646417420219e+00
1.769382138272753258e+00
1.942836420016543331e+00
2.054794761981619367e+00
1.843420236409941237e+00
1.823248770002366070e+00
1.860087135188343677e+00
1.838928544800709552e+00
1.937950930802577965e+00
1.753836778663727225e+00
1.874466087985352969e+00
1.732036145271625527e+00
1.786248085689490450e+00
1.671920555475433279e+00
1.729637799052316627e+00
