0.000000000000000000e+00
3.038107251174789192e-01
4.831958594805385587e-01
6.185004257803909944e-01
6.199452605586331932e-01
6.588434695748158765e-01
7.710467133472119761e-01
7.422228826594597928e-01
7.217963041817361258e-01
9.046476125944370450e-01
8.905337957685132144e-01
1.117470105154542148e+00
1.285640213295903722e+00
1.110533560041515599e+00
1.007143753308011869e+00
8.333229895947286137e-01
9.084915194583909059e-01
9.891713683260809908e-01
1.171926010367638105e+00
1.393079462869434515e+00
1.532238549830697849e+00
1.472354390478940012e+00
1.441820961514343580e+00
1.282581023345598537e+00
1.306111640895173620e+00
1.439530906514240760e+00
1.452412836091354853e+00
1.387377904967392661e+00
1.471855374751678269e+00
1.583229657059199713e+00
1.479537174833641000e+00
1.726444265243197496e+00
1.676321730892068373e+00
1.653292389592020184e+00
1.369779425719949595e+00
1.342608011472451013e+00
1.475946046429001512e+00
1.513813222663726199e+00
1.311364521923507276e+00
1.508087659949370662e+00
1.693952265971045978e+00
1.723344724750042189e+00
1.802534773334798279e+00
1.654554019093641415e+00
1.816164716240714183e+00
1.766312225886789156e+00
1.757303909467678560e+00
1.822910053120007978e+00
1.840028801034086170e+00
1.876381685134713706e+00
1.897176743330376780e+00
2.033283152278025696e+00
1.836128810173852655e+00
1.554781838227129231e+00
1.682617279950667788e+00
1.686094358204960564e+00
1.771343797314726576e+00
1.628109681802984543e+00
1.691783775073772311e+00
1.825390977132089754e+00
1.823166201602755221e+00
1.789411276865029876e+00
1.693825760449301221e+00
1.619981905090561503e+00
1.703222980477217208e+00
1.839734707184089935e+00
1.757831949128016324e+00
1.713206893598571812e+00
1.687088248037819538e+00
1.656353796066071027e+00
1.497952402804996197e+00
1.572257086585117092e+00
1.533286147545577904e+00
1.496423487316880685e+00
1.546000867184552652e+00
1.494712095043001288e+00
1.547083838158467950e+00
1.528749204957953189e+00
1.632635630522841996e+00
1.545221803086060941e+00
1.498852546152936061e+00
1.562383327453052750e+00
1.608719866430022183e+00
1.658199274676999346e+00
1.668739555940868424e+00
1.623844537995552395e+00
1.593467303346306485e+00
1.757068144871523963e+00
1.745453757257591665e+00
1.562273683514910916e+00
1.631807817502973990e+00
1.618667176533769902e+00
1.575870107078945148e+00
1.678215136357427362e+00
1.745503704429775427e+00
1.610387436399479233e+00
1.698788316157949119e+00
1.703632084978753625e+00
1.936067155923131278e+00
2.007111483537637131e+00
