0.000000000000000000e+00
4.154785490881279797e-01
5.418881740175000017e-01
6.203656778794890414e-01
5.741041986380966966e-01
8.070702196333109368e-01
7.724892073512172885e-01
9.189026969690202717e-01
8.218989416154935945e-01
9.228876900040678954e-01
8.192805120377598671e-01
8.648778918874775457e-01
1.121054768869564455e+00
1.228059451083737708e+00
1.418305112120341827e+00
1.410039566153823420e+00
1.258120847886563975e+00
1.505053931000640333e+00
1.528372906166947987e+00
1.541280517904789482e+00
1.303547851953836600e+00
1.335048261091767330e+00
1.451164746331278232e+00
1.517554826153026726e+00
1.499417980814577778e+00
1.562893652138539702e+00
1.741834366827477165e+00
1.764045393917073490e+00
1.882196741701241072e+00
1.880284613612470235e+00
1.956885239824472489e+00
2.108145678728976957e+00
1.995459374530825114e+00
2.007357373256873689e+00
2.150300250631316246e+00
2.314283240648191242e+00
2.306146407860165226e+00
2.239041571110218509e+00
2.166693997902938484e+00
2.196671633339819962e+00
2.371051727285160560e+00
2.271539406566008612e+00
2.314061613739676559e+00
2.235569270260195029e+00
2.089048257765414807e+00
2.093868643178716571e+00
2.171195872245495373e+00
2.193859408575142389e+00
2.147293098509756692e+00
1.942514287053015432e+00
2.086927424511499929e+00
2.263480801104113205e+00
1.981998623123270242e+00
1.953749003731183542e+00
1.931454986066129420e+00
2.011803159625681126e+00
2.069062681138386761e+00
2.120239122856841352e+00
2.111493565701116015e+00
2.123011356214711931e+00
1.942029021886496398e+00
2.046809847544055039e+00
2.142816575550895664e+00
2.042509793181548350e+00
2.113018840358715789e+00
2.262640814861886618e+00
2.141911431179252201e+00
2.281898436621828008e+00
2.485836860752823618e+00
2.571985338569670709e+00
2.482387601738512917e+00
2.490764388692592757e+00
2.538905311062098047e+00
2.705904216314801491e+00
2.735503833970744036e+00
2.700754083110109338e+00
2.939499135518993445e+00
2.860189717154065558e+00
3.018872158296073582e+00
3.042613969373367588e+00
3.138576290005863800e+00
3.113235830199939880e+00
2.899110270752754737e+00
2.919471056884974658e+00
3.247417091336120443e+00
3.074538184843577771e+00
2.990048972396582183e+00
2.929170328191136097e+00
2.882456384734836341e+00
3.135894087003527897e+00
3.098051082706262171e+00
2.978775968974477717e+00
2.938256641001693037e+00
3.154023192083686311e+00
3.095992148933695454e+00
2.888533787633925876e+00
3.052751006171678938e+00
2.966020538838216591e+00
3.030908786838537594e+00
2.882251303819542088e+00
