0.000000000000000000e+00
5.321599944977503105e-01
6.651723678942743634e-01
7.155746431151297493e-01
6.904528179835223156e-01
7.452561647190885097e-01
7.818908623420028903e-01
7.642582910102234672e-01
7.766376737678004627e-01
6.666844299806209406e-01
7.829766562428240873e-01
6.905626003748764896e-01
9.567822004348804921e-01
9.822231811051865824e-01
1.078655333490002421e+00
1.093273685815054463e+00
1.029634986511565931e+00
1.119719455029814847e+00
1.078130779571337072e+00
1.131564031597166453e+00
1.083333328392446226e+00
1.102744009293431970e+00
1.079184326724569321e+00
1.178527417654735787e+00
9.147846594333314263e-01
1.064916943498779300e+00
1.004130974493548267e+00
1.138120116472050247e+00
1.008376911656075459e+00
9.591144982640851246e-01
1.124739018152967729e+00
1.075184319599396199e+00
1.076598347418407542e+00
1.178590184391903994e+00
1.271631883494756199e+00
1.287959082662906152e+00
1.348132888261357021e+00
1.303008593425337258e+00
1.227386236320938906e+00
1.245235897119325363e+00
1.251922961356658925e+00
1.139583300330631488e+00
1.372876217547990940e+00
1.367859333891164431e+00
1.464166501221425776e+00
1.363352006825215845e+00
1.329177296210354964e+00
1.601581412888447797e+00
1.668077490225828630e+00
1.562178296879277450e+00
1.483907591535613246e+00
1.513587814716781832e+00
1.382384114267213970e+00
1.522098732979774161e+00
1.340324088560890914e+00
1.426543535912838223e+00
1.367644555044019938e+00
1.370588741915784947e+00
1.384669056849681557e+00
1.241430325083121344e+00
1.431438210787548959e+00
1.593754744737687412e+00
1.577058859193636531e+00
1.555483680286940285e+00
1.460293285530289031e+00
1.487102977094990619e+00
1.335040146658593940e+00
1.307545112209400395e+00
1.301588356096891941e+00
1.239787522234927941e+00
1.357975618053500311e+00
1.360532397926510262e+00
1.452873595187373690e+00
1.563064123740758316e+00
1.534645928460860231e+00
1.571528422875713149e+00
1.722891903717076900e+00
1.774177089601694401e+00
1.786061497941710652e+00
1.725849807787922741e+00
1.569450831490856624e+00
1.753519576996447782e+00
1.708976330196103399e+00
1.535018132220361986e+00
1.580402045775725073e+00
1.453285037064172114e+00
1.557682018435331717e+00
1.567593117692736460e+00
1.673565673609818116e+00
1.635562871697235243e+00
1.740258796837037325e+00
1.795324123580302356e+00
1.778788786321380044e+00
1.727970845471105354e+00
1.796133788281514265e+00
1.640975176046034489e+00
1.792687078405680090e+00
1.639903105165303243e+00
1.569977121351618932e+00
1.603311999885829398e+00
