1.507891492923917490e-07
4.850363394148762830e-01
6.711358716809128211e-01
5.744307719208699980e-01
5.720592687663049736e-01
6.620332983079804112e-01
7.230536463427295057e-01
7.931364534489959706e-01
9.786400092312227406e-01
9.432016686262885141e-01
9.847690263875210626e-01
1.062120000739619430e+00
1.119038241444283432e+00
8.518396318029551884e-01
8.520423176006504118e-01
8.748976385921708454e-01
8.808352863119317533e-01
9.839734014299861276e-01
9.623903634888584246e-01
9.301801485536158598e-01
9.020303878826768651e-01
9.942403972797083656e-01
9.138261463211967417e-01
9.222089763748189117e-01
1.083701668926760453e+00
9.625175824735335839e-01
9.254965699786671385e-01
9.944516660362660021e-01
1.226300742124830645e+00
1.069598925833423309e+00
1.213590674980047801e+00
1.296042410589731908e+00
1.178979011753324535e+00
1.218454200611981619e+00
1.302046665158253402e+00
1.402105663615698106e+00
1.520632876761129237e+00
1.485267097633074629e+00
1.588600735241753936e+00
1.619022573856089497e+00
1.550778214031349966e+00
1.722780041845376697e+00
1.953455035886143110e+00
1.957571168144868645e+00
1.749936450831384382e+00
1.855755294783315357e+00
1.983401299820453767e+00
2.022086289278177240e+00
2.116293278995880822e+00
1.981623382798541888e+00
1.800220799013212858e+00
1.864241966640488579e+00
1.629306993669799031e+00
1.694388624114472330e+00
1.814176674811238676e+00
1.514857151709606331e+00
1.435868291656111184e+00
1.438168763114215265e+00
1.428104104681240383e+00
1.434308629048615558e+00
1.445055107199994859e+00
1.290637016704259343e+00
1.371014747677148149e+00
1.306540757380979301e+00
1.455635525344710413e+00
1.275777618829267768e+00
1.320163541997911860e+00
1.327694085799622004e+00
1.444939142412370758e+00
1.416813119461710402e+00
1.379727970001636050e+00
1.610062381492549433e+00
1.598667576954732716e+00
1.542418434742554023e+00
1.741878492189239180e+00
1.614317171884906754e+00
1.706763219469092041e+00
1.595659718526994286e+00
1.844899663147301139e+00
1.793484309181198499e+00
1.742597948417466958e+00
1.822551838757073828e+00
1.766268958024330038e+00
1.920691920447691103e+00
1.874020662559601202e+00
1.782100100795685149e+00
1.913877099916887037e+00
1.978878514832195901e+00
1.858179665177739803e+00
1.723731358566530592e+00
1.627243384950984195e+00
1.704769672336192032e+00
1.695899529862029853e+00
1.501709535083652236e+00
1.713884666447000882e+00
1.723417629157234066e+00
1.720166026070902632e+00
1.777013708975976325e+00
1.740549637061518107e+00
1.840456087923148187e+00
