6.031565971695669960e-07
4.340947495220288666e-01
4.751891758994608583e-01
8.772513206801845209e-01
1.076823910828374808e+00
9.941434824517765279e-01
1.026417480788311076e+00
9.345716061137515629e-01
9.743835640389053587e-01
8.285695158990294962e-01
1.044165135810246170e+00
1.200565320531868485e+00
1.183925916402638112e+00
9.761262528052863097e-01
9.292092199619974568e-01
9.701367169008798808e-01
1.185267948762490864e+00
1.027780637352620818e+00
1.209379942347129644e+00
1.480075988908877926e+00
1.348741152074875327e+00
1.332221376701079540e+00
1.252675845708050462e+00
1.003565048261603865e+00
1.268090253126199274e+00
1.184915367792131358e+00
1.302262823781583645e+00
1.161540969989553584e+00
1.394420540271464892e+00
1.569043872896704661e+00
1.450979616930404337e+00
1.618579366056533075e+00
1.439122964495523460e+00
1.654233197481052908e+00
1.494781579913748937e+00
1.545283388218564591e+00
1.692755698461996028e+00
1.620711407892264866e+00
1.559732681295189716e+00
1.667060366426146523e+00
1.677388697977357790e+00
1.607565721513306789e+00
1.575744736480370722e+00
1.450673065139694629e+00
1.344269722260655886e+00
1.292578237589562695e+00
1.316011576448806730e+00
1.284476198096893951e+00
1.323328453401219740e+00
1.377461372419013230e+00
1.651626129539526922e+00
1.698088507486080756e+00
1.720065551443457741e+00
1.815983743621581326e+00
1.703939013720625395e+00
1.698120841538350634e+00
1.883070690239232015e+00
2.030399344750589474e+00
1.985401070290740755e+00
1.877833234184734357e+00
1.897067692741061906e+00
1.934117779719838115e+00
2.065030263266047328e+00
2.081969833732626007e+00
2.005834573288571399e+00
1.855913391280392233e+00
1.752592302548217740e+00
2.119351535723203117e+00
2.136979002767980695e+00
2.070498604048236047e+00
2.239937303332313334e+00
2.122697204870205745e+00
2.127764446239022611e+00
2.078097831171421550e+00
2.123378988926698963e+00
2.076374700847945842e+00
1.898983766190571076e+00
1.732723174433672186e+00
1.852825301420550463e+00
2.068039663117605897e+00
1.955195655233935348e+00
1.689972423032692683e+00
2.010895208425823810e+00
1.786059120730206118e+00
1.785503768060252350e+00
1.752991677000342641e+00
1.835886283583561873e+00
1.813731336111428449e+00
1.941096447604031328e+00
2.014909554954665172e+00
2.039448212209860500e+00
2.124614264860152701e+00
1.963426021792095133e+00
2.032355088671273347e+00
1.726591583598322321e+00
1.754772495035924251e+00
1.706139395066546882e+00
1.804783861030476055e+00
1.603179722911049376e+00
1.574137379490846644e+00
