1.507891492923917490e-07
3.464097336772069546e-01
5.249610634287457112e-01
4.842867464090596652e-01
6.488506642749014564e-01
6.742657723013689708e-01
6.647004576599636616e-01
7.789734100935183925e-01
7.353950595898923748e-01
1.160391957894193693e+00
1.146838966143692407e+00
1.040989632216867911e+00
1.169546845993614692e+00
1.274593386784952598e+00
1.375153673477256477e+00
1.322863022873159489e+00
1.528788851485134881e+00
1.641506203448387824e+00
1.761257808338249520e+00
1.740412918803426745e+00
1.742318208720812223e+00
1.730649998843675208e+00
1.931203983729043783e+00
1.623096037450328710e+00
1.711000508072994197e+00
1.835960625613741959e+00
1.690434189403418053e+00
1.552833563136460926e+00
1.537172965981354000e+00
1.495510266320001058e+00
1.573131305649233758e+00
1.473289729323051356e+00
1.722302152268910147e+00
1.585326981666195456e+00
1.661933083443317472e+00
1.401964104185150051e+00
1.622741075199227279e+00
1.655754636014985293e+00
1.728849859910264630e+00
1.795327322198070341e+00
1.798600548034172242e+00
1.678368263087900880e+00
1.893185890321678500e+00
2.119548444384844910e+00
2.300472880695151545e+00
2.120291656922105528e+00
2.114036065017450561e+00
2.171369440734685963e+00
2.192505179182812292e+00
2.021242474323640792e+00
2.118054220027924206e+00
2.049071796687989888e+00
2.203821987854105657e+00
2.082796312927713167e+00
2.142904373931901585e+00
2.335910930164458055e+00
2.328133771238278360e+00
2.354765885916179080e+00
2.338832641552869074e+00
2.462891582217813458e+00
2.481523377461798852e+00
2.434179897846722174e+00
2.424864540564240833e+00
2.465729455658205893e+00
2.485241866593100202e+00
2.435470826407329703e+00
2.345696040535042215e+00
2.323059026716526976e+00
2.500640436326521332e+00
2.455674602659843497e+00
2.528497642032844439e+00
2.658776738260649530e+00
2.694323033467056039e+00
2.668801441071387615e+00
2.684812220153701912e+00
2.567297425247302201e+00
2.452096599192994386e+00
2.169527750408355438e+00
2.482155686013936879e+00
2.104114945571165407e+00
2.095289567290056887e+00
2.130729868021837170e+00
2.064079782747864744e+00
2.222018381807299381e+00
2.229206268256612500e+00
2.122072697274794084e+00
2.110112239127016398e+00
2.182003180178594626e+00
2.138150992671271844e+00
2.148202289971355761e+00
1.928898582156188146e+00
2.052608072529907179e+00
2.059315350228652086e+00
2.227245534059620891e+00
2.135778664375847846e+00
2.217239922297985721e+00
2.201623491823239576e+00
2.200413114722858055e+00
1.997943518482834246e+00
2.414637214766731432e+00
