2.132480599880017890e-07
3.645550387306252249e-01
5.499138794867453051e-01
6.945177912954867416e-01
6.637530697577974648e-01
7.429309555580916324e-01
9.881184244205447609e-01
1.063030447409412105e+00
1.144596218981998259e+00
1.074767979756362291e+00
8.990957821106436709e-01
1.089121900645245500e+00
1.066766998517263421e+00
8.481248268506408339e-01
1.147286118192125004e+00
1.081662285497102083e+00
1.121233966681346228e+00
1.148067752961971166e+00
1.138098812275920579e+00
1.100630748761641353e+00
1.489453708129762077e+00
1.420694676307235005e+00
1.479995551299640333e+00
1.579607503354770959e+00
1.525170890025211223e+00
1.536714344576532332e+00
1.382525000252546432e+00
1.194079502546914195e+00
1.294689482457614726e+00
1.302979847969883087e+00
1.430316221432903712e+00
1.601599043578842307e+00
1.554412507101918806e+00
1.367272810126764604e+00
1.415351775238047116e+00
1.584003321540560671e+00
1.422260011695778648e+00
1.530177310881796870e+00
1.505326887520232138e+00
1.457344367581602906e+00
1.280000687652470770e+00
1.340014015156090865e+00
1.413558153437131093e+00
1.746058483087844726e+00
1.677962035237154481e+00
1.631686629505672892e+00
1.714694248680786792e+00
1.902896660318755595e+00
1.900048282398323574e+00
1.717821266527520319e+00
1.815913007212251573e+00
1.877095732576663956e+00
1.736499123500821584e+00
1.540031987763580190e+00
1.749978881586972568e+00
1.753718183717493329e+00
1.743396602478845647e+00
1.669926026609456438e+00
1.742169776647172874e+00
1.578262851701174529e+00
1.755301016451954910e+00
1.682934174437767494e+00
1.803721559152271947e+00
1.937100181620942774e+00
2.078194463648830759e+00
1.795231258040422828e+00
1.871170468191891700e+00
1.932671442262478001e+00
2.040283005583938714e+00
1.895781703461589141e+00
1.942433094462489462e+00
2.077182922288818290e+00
2.097415089831751178e+00
2.000871796221726839e+00
1.990357747130671040e+00
2.125376102065797301e+00
2.100570306318759517e+00
1.767245560668605942e+00
1.629755336954277878e+00
1.718139427506716332e+00
1.924130005725061876e+00
2.078465689023825114e+00
2.076374351137943552e+00
2.131130243663704515e+00
2.157931790641455017e+00
1.820280278329703183e+00
2.218298529916369333e+00
2.333071673102198762e+00
2.255020016194325017e+00
2.248264435115495896e+00
2.159750023002333652e+00
2.130280167405477432e+00
1.970040830686896838e+00
2.015602161362934464e+00
1.838029871770175960e+00
2.024956409701142324e+00
2.107231538486517231e+00
2.054379382911005525e+00
1.896388531180861481e+00
2.087499366194828454e+00
