2.132480599880017890e-07
5.846891652324615052e-01
8.589166235323840715e-01
7.584356996021379693e-01
6.815401532573844845e-01
7.418588491236726146e-01
6.132170429504332221e-01
7.753882505341997966e-01
7.388252280632773283e-01
8.359285733656891537e-01
6.915481614035622338e-01
7.376550180405324619e-01
7.330796473958058890e-01
7.525988158973871966e-01
7.251641823343039084e-01
7.902527537194975471e-01
9.267944712808017238e-01
9.376005297138253480e-01
1.000174344071060206e+00
9.907750021242688332e-01
1.063963620585787861e+00
1.105870615408437008e+00
1.010511017814236912e+00
9.866720023535616724e-01
1.071758605798606379e+00
1.089248330717961899e+00
9.949983074833030905e-01
7.826771523406583775e-01
9.395616469608824017e-01
1.122801882495730208e+00
1.041613415515356245e+00
1.036973389758796715e+00
1.261016123474186790e+00
1.148694928420434191e+00
1.151114729734357578e+00
1.194725933791900729e+00
1.223702463794067885e+00
1.109736319943761984e+00
1.096044314748921167e+00
1.056536219442165025e+00
9.922681061347313758e-01
1.146173655294984162e+00
1.014209138817978362e+00
9.946369290059511314e-01
1.081205551638494411e+00
1.126833648746415006e+00
1.220231210731482996e+00
1.287570132950250468e+00
1.173022158830238304e+00
1.195977654897720122e+00
1.357312417645743619e+00
1.338051668499763425e+00
1.350287877667227132e+00
1.267308960045421040e+00
1.129034928954402162e+00
1.207742676435820783e+00
1.138441695041581880e+00
1.047156440233580454e+00
9.705814042925550167e-01
1.170591195952087160e+00
9.965252857746063064e-01
1.176202078079788826e+00
1.274682033050636321e+00
1.305038505600286891e+00
1.471349034994830829e+00
1.318553466973105159e+00
1.303203956368063965e+00
1.476573157358797683e+00
1.512120663182543012e+00
1.653074865273888916e+00
1.615909078234887497e+00
1.608182066977507541e+00
1.467502736428127230e+00
1.516933201571301293e+00
1.495016353380897112e+00
1.395173949379298728e+00
1.274082048003242873e+00
1.448271638056530364e+00
1.555414882607490501e+00
1.605618894367376592e+00
1.629824625003354566e+00
1.653764382753791562e+00
1.517506848991708512e+00
1.413982855126296512e+00
1.454348755138495042e+00
1.399736368719826540e+00
1.377401361473484798e+00
1.365530354268303714e+00
1.467561951160575751e+00
1.445883963650876902e+00
1.410823892311059202e+00
1.480668262552470527e+00
1.508053036802216917e+00
1.505003038715297725e+00
1.446387670378883827e+00
1.494882779927126260e+00
1.559061879163882169e+00
1.618390619933045116e+00
1.416058432331984918e+00
1.478476148430935666e+00
