0.000000000000000000e+00
4.101456522505989022e-01
4.978808533828212313e-01
5.651425483099397074e-01
5.680304353897484004e-01
6.102463136354864259e-01
5.907306248618988676e-01
6.070501018068967802e-01
6.776888010691486386e-01
8.074595952250955833e-01
8.950671214364920303e-01
7.865900570288625326e-01
7.972403980155133851e-01
8.885623246346919801e-01
9.524745883069868357e-01
1.134521526267359581e+00
1.276170367221805657e+00
1.500572220280721014e+00
1.472185751386715813e+00
1.317569441312885781e+00
1.613342395839957977e+00
1.593518607962507883e+00
1.553935038584775219e+00
1.342476204407633045e+00
1.409298887684625967e+00
1.848098671601477117e+00
1.710971975779266963e+00
1.772960694601281473e+00
1.659825425984356340e+00
1.599757287765066316e+00
1.695286010514482467e+00
1.858146233942767012e+00
1.759260542540413530e+00
1.888113058865502625e+00
1.870595955988927583e+00
1.821881087199203719e+00
1.702879391830676825e+00
1.700128249397661051e+00
1.833466342691028039e+00
1.683826508874727512e+00
1.773900293643556614e+00
1.644746867590878292e+00
1.656395259303624190e+00
1.766111521209187796e+00
1.639598730080227496e+00
1.693078592151397554e+00
1.876553916671068079e+00
1.937971044509038121e+00
2.025940283652287288e+00
1.830078342605258479e+00
1.895295309536382922e+00
1.882336414067935726e+00
2.072650904431789787e+00
1.916393909673458573e+00
2.138801709540867346e+00
2.162202199389424706e+00
2.170296401206812220e+00
2.148918171054145621e+00
2.184347931177511803e+00
2.358612617380030141e+00
2.308775248411587544e+00
2.083743997689715854e+00
2.308536226822060389e+00
2.135015827499014307e+00
2.202512911313714739e+00
1.944970688061749886e+00
1.912367094343122353e+00
2.001619313447361659e+00
2.042607306069199158e+00
2.081138340443275059e+00
1.998830452085487375e+00
2.033857455379317614e+00
2.038768651691567069e+00
2.064449493173031502e+00
2.312911962674590427e+00
2.490534469181290511e+00
2.500091017708982566e+00
2.289661211409644626e+00
2.025384581414463980e+00
2.041265413034741627e+00
2.278965576816381233e+00
2.462235277049768634e+00
2.358062506041601836e+00
2.260756823233682766e+00
2.268005905024580660e+00
2.312949489139711989e+00
2.104250375190478195e+00
2.358873667410497976e+00
2.252336734425599118e+00
2.263134337403016616e+00
2.557671220277430102e+00
2.795648092471589852e+00
2.706994241123855893e+00
2.596338692762062639e+00
2.724441897661327161e+00
2.724167775729664509e+00
2.672874594792503888e+00
2.638453015537753910e+00
2.679157154941380625e+00
2.653281397092006166e+00
