2.132480599880017890e-07
4.395443658534157749e-01
4.277240837945465723e-01
4.007305453332551393e-01
4.283446532141393925e-01
7.179897464994640099e-01
7.263511851974258082e-01
7.094613301596924826e-01
7.066225530949502565e-01
7.110018364053097839e-01
6.758571234444583631e-01
7.233055644562058628e-01
7.899518332512512897e-01
7.248952382750563084e-01
6.571408846161923556e-01
5.169259256031385474e-01
6.420533894041126066e-01
7.470123958429170097e-01
6.851998758275018586e-01
7.438007842197049690e-01
8.969468693976275775e-01
8.353253996502781886e-01
6.928196135994132421e-01
7.280433063510811653e-01
7.347504232526351764e-01
6.724660324387056187e-01
6.954269899042245795e-01
7.494887773110706641e-01
7.988818478074085627e-01
8.616050214523103268e-01
9.117543751130139373e-01
9.485511800477560707e-01
8.153070567805206226e-01
9.720759926966437980e-01
1.089757601667398657e+00
9.877914509371238383e-01
9.702003890579092849e-01
1.031777949604408162e+00
1.140879922126112334e+00
1.091139289830452830e+00
1.077468361221116444e+00
1.025027633503130309e+00
1.210120504139037934e+00
1.129801106769910080e+00
1.208077288294107099e+00
1.112544911143533488e+00
1.067741516582815242e+00
1.087214321452089294e+00
1.041835546850778282e+00
1.055060578861235054e+00
9.781409937368119589e-01
9.219852519504599941e-01
8.987072812441811998e-01
8.479740519381012698e-01
8.128009601499642800e-01
9.024054314267998533e-01
1.037790348411291141e+00
1.024452340457269406e+00
1.019727494086512865e+00
9.984988765740764327e-01
8.301518004122205863e-01
8.199532582757464994e-01
7.785281516737994068e-01
7.545441733338706936e-01
7.619979302077926064e-01
8.678333359498686672e-01
9.397047342873460218e-01
9.717142314766031852e-01
9.910071150508309445e-01
9.339102667074534736e-01
9.402882390404433410e-01
9.921075489394851621e-01
9.222770049083101052e-01
9.301690594725454675e-01
9.350491719887705777e-01
9.273632697169982286e-01
1.029666689004148816e+00
9.950036138999032165e-01
1.072699046234613984e+00
9.882444466850872633e-01
9.219219281432248225e-01
8.511084005105121753e-01
9.427468545973787251e-01
1.041241349948059058e+00
9.901297736607733713e-01
9.547660031083302634e-01
1.082664021811991395e+00
9.551204132735335861e-01
9.988101878453362614e-01
8.349884664206409512e-01
9.140043791080192381e-01
9.544799329382972486e-01
9.593158479141393746e-01
9.424336842855064456e-01
1.010483661841697023e+00
1.044787761455957531e+00
1.113952953405702662e+00
1.279974647970907986e+00
1.142524705483964009e+00
1.198516213028719468e+00
