5.223489356090222115e-07
4.525473424539583345e-01
6.950444466180095704e-01
6.875513526018298682e-01
7.039306298047059984e-01
7.225862113872805192e-01
1.085366078722713956e+00
1.122874191656839216e+00
1.091151136022147972e+00
1.063283052476321044e+00
9.185003565981696427e-01
1.122798669488032752e+00
1.229043199635858175e+00
1.218797790750087318e+00
1.261045016614653402e+00
1.230290032789537191e+00
1.352254075668994693e+00
1.250069101719738507e+00
1.415347362743532234e+00
1.410588534314132891e+00
1.510610547369087842e+00
1.434990085987515984e+00
1.593513507795074613e+00
1.628155179408856457e+00
1.847381201941410200e+00
1.996339016265235244e+00
2.144946475273614706e+00
2.301066277851827380e+00
2.155795397782183542e+00
2.251065573263299591e+00
2.184252093483086909e+00
2.226611298505845493e+00
2.180292179419082377e+00
2.207829803682757941e+00
2.432949891006197074e+00
2.641975416581209490e+00
2.965198445513348879e+00
2.616964314259893509e+00
2.712815646725737384e+00
2.527428243757651405e+00
2.544840532872533423e+00
2.395602540838504435e+00
2.472390164472596741e+00
2.459179935261547545e+00
2.555396987714284585e+00
2.725668580606311675e+00
2.461173539965309853e+00
2.426699094866894502e+00
2.565444512131385135e+00
2.429496069708304784e+00
2.545574561158881366e+00
2.498095304218482138e+00
2.694750364297992640e+00
2.827841293427996838e+00
2.459017197339990801e+00
2.459809098710376674e+00
2.508413009582510789e+00
2.371450179955383764e+00
2.508262077909586552e+00
2.407032713455727002e+00
2.220214424032892708e+00
2.367430362304447033e+00
2.389893671484475401e+00
2.376629147416806198e+00
2.350357618272097326e+00
2.268096800707971372e+00
2.081747441615235950e+00
2.062038385307411570e+00
2.180613247149960188e+00
2.115280395871669938e+00
1.810884717330132565e+00
2.072275059422760801e+00
2.419651255595555384e+00
2.320073538438121474e+00
2.074976209346113709e+00
2.207679934568595126e+00
2.566521025359681740e+00
2.491893793405504098e+00
2.168783457934945869e+00
2.222801835039692975e+00
2.412844462690765468e+00
2.587873720824351853e+00
2.821233932858636884e+00
2.763852667424958387e+00
2.786417536299916176e+00
2.705313126337988372e+00
2.632735435730065632e+00
2.766202814713809133e+00
2.755159170781710909e+00
2.837530384247903381e+00
2.524105494543540384e+00
2.616337150890225338e+00
2.824460760641497981e+00
2.852674479318796141e+00
3.059579658805719582e+00
3.083049893304758982e+00
2.845261880605411964e+00
2.907248659595663032e+00
2.945082252194011652e+00
3.231234750153787250e+00
