0.000000000000000000e+00
5.184689044087991139e-01
6.083160598314429901e-01
8.455840232024778302e-01
8.693306602975463537e-01
7.434056714755823414e-01
8.551570738925412529e-01
9.252689570245100636e-01
8.708914005410381964e-01
9.880854746691879464e-01
1.093773011996631794e+00
1.297842957593473123e+00
1.366725871100525458e+00
1.519999577583400763e+00
1.605979155407676773e+00
1.643415492638872655e+00
1.653726949633574472e+00
1.671767270418531570e+00
1.464465963220228817e+00
1.391983331568014792e+00
1.450891398027283952e+00
1.516324319973154200e+00
1.529212701852718181e+00
1.687254864780372898e+00
1.685001456738501213e+00
1.704400875681238325e+00
1.834480182079694988e+00
1.777989383891176445e+00
1.850645784119967274e+00
1.971140870598087291e+00
2.053885730703040924e+00
2.040953919988818477e+00
2.228209401776088949e+00
1.934754336042487255e+00
2.159260104019342208e+00
2.020647781239265584e+00
2.015171383467455613e+00
2.234162930433709615e+00
2.043544711936768454e+00
1.827215631197225854e+00
2.013539400875552499e+00
2.291570943650691916e+00
2.221078254675240338e+00
2.054542645742443163e+00
2.178055748286538140e+00
2.299515754378649302e+00
2.127851332264940609e+00
2.240164304866444578e+00
2.383783632290302545e+00
2.213754758188896332e+00
1.934002571121465897e+00
2.201131430066368910e+00
2.059182334557436711e+00
2.214288303423129545e+00
2.410104293681503140e+00
2.506032904550986373e+00
2.462682085727168513e+00
2.430848680773770809e+00
2.355452537022661996e+00
2.364520341752499810e+00
2.318061352228023786e+00
2.261020855342163127e+00
2.099378258770040251e+00
1.973264906142910613e+00
1.885966647813631436e+00
2.040860919199350310e+00
2.266655676059788238e+00
2.029067923004443053e+00
1.850463525796019360e+00
1.932959935299117804e+00
2.242911763389700219e+00
2.173728023268927334e+00
2.122045278737087148e+00
2.183506209101428119e+00
2.016111768939652826e+00
2.178174018216253227e+00
2.003518178474759548e+00
2.328762822998129867e+00
2.159816659146335471e+00
2.140503196651176498e+00
2.284187480573692142e+00
2.258204989997080414e+00
2.206511746248727146e+00
2.175500843828914288e+00
2.171856903533276206e+00
2.354784076042966579e+00
2.130957307168878767e+00
2.191550808311066412e+00
2.221257105371800211e+00
2.379691414382177683e+00
2.317624182039489611e+00
2.235725099507746449e+00
2.060382461212756144e+00
2.134757699042011403e+00
2.042920422963481641e+00
2.208670821611512736e+00
2.245169351200211771e+00
2.161775371957350256e+00
2.174727293897016800e+00
2.173760698114810985e+00
