3.693564745147149106e-07
4.649310211645038549e-01
6.265454958611390568e-01
6.962596720202703926e-01
7.700084312679155163e-01
8.071063863172881492e-01
8.021957606564820153e-01
8.053571183013457091e-01
9.695410687198393607e-01
1.019308142228976477e+00
1.012577708236783058e+00
7.454194451334841265e-01
7.734777203436468129e-01
8.646816854600001268e-01
9.099945745408982711e-01
8.855618639264764003e-01
9.787279729141967755e-01
1.059597257646877733e+00
8.988867744163020479e-01
1.002339627580995707e+00
1.147190304585584908e+00
1.092654721761108005e+00
1.050545811628024184e+00
1.137719907221414362e+00
1.017843513244053533e+00
1.051593403066392929e+00
1.049776432603106713e+00
1.185551288551924154e+00
1.168123321695514250e+00
1.170410181870753741e+00
1.114398833494314900e+00
1.258850859000001154e+00
1.257860454464427180e+00
1.394133734777783351e+00
1.168958451070082782e+00
1.246140414017732789e+00
1.081985302817629169e+00
1.022802715577369348e+00
1.114932669472868065e+00
1.122793562601745343e+00
1.046049946926407070e+00
1.253535914030464937e+00
1.253858802988646159e+00
1.193118353801640108e+00
1.413583939459839067e+00
1.172845371381915358e+00
1.101211909326761607e+00
1.292600395673471514e+00
1.364392999887564573e+00
1.367638146109470654e+00
1.217765016375742082e+00
1.633548342718519120e+00
1.801952901218875969e+00
1.747282959107199662e+00
1.602015860473801512e+00
1.686839203668468734e+00
1.499907822682090996e+00
1.409063072946828088e+00
1.393400126674083639e+00
1.505198443564355948e+00
1.579161054192939950e+00
1.516152335039457455e+00
1.463557097865128664e+00
1.531854379392267429e+00
1.623600932064882096e+00
1.613778750628933167e+00
1.810464143403547999e+00
1.791938402948456188e+00
1.770690716428324762e+00
1.972627514388300307e+00
1.866776550150428537e+00
2.056511123162320764e+00
2.082754626324535341e+00
2.105489279270232217e+00
2.025953118740873027e+00
2.011041373314935932e+00
2.101526301496849047e+00
1.887355462298808240e+00
1.932586074053614267e+00
1.917009687003696117e+00
1.948163691491377358e+00
2.084358032846133302e+00
2.142120059894965234e+00
2.213908277682672399e+00
2.115496858278044900e+00
2.055346607407634085e+00
2.066560522192699700e+00
1.953449669405534772e+00
1.987010492194394518e+00
2.124283150857626978e+00
2.276038491627453642e+00
2.339621114280814318e+00
2.355581051461042463e+00
2.231503003728050327e+00
2.221615812402046863e+00
2.273463491311562557e+00
2.369751159685726360e+00
2.371062270756173707e+00
2.432029993009190427e+00
2.556275027361419205e+00
