4.264961199760035779e-07
4.193648634051935220e-01
5.899377968649357484e-01
7.615349090304425195e-01
9.155132128562019078e-01
8.529077856182626372e-01
1.189095595840976349e+00
1.024973004331147131e+00
1.191156686618006777e+00
1.317097505548064262e+00
1.427230578649567150e+00
1.441093236803939970e+00
1.649340397079792409e+00
1.456791034473060575e+00
1.391949262574745161e+00
1.436221051237480228e+00
1.490771477287421876e+00
1.373369028863079100e+00
1.473681202712826543e+00
1.582947471392974759e+00
1.429171151508833226e+00
1.344395110405665950e+00
1.355757199029738569e+00
1.111268686966176533e+00
1.172390971412579308e+00
1.324942059238785497e+00
1.343842604407466057e+00
1.250536391510349787e+00
1.299621069039937016e+00
8.993095329017978257e-01
1.119210561100983714e+00
1.005558185551582495e+00
1.275808286417807746e+00
1.502690435667686897e+00
1.461850423502252250e+00
1.412342431666408604e+00
1.565308474341962519e+00
1.597868140831966599e+00
1.737117529399438309e+00
1.833418421576690882e+00
1.860002684539112661e+00
1.695994336966139659e+00
1.698120670839686985e+00
1.686673619850300954e+00
1.877398133581726691e+00
1.884791212176065711e+00
2.057524648266413791e+00
2.072069437138227332e+00
2.059006951840677946e+00
1.830863135139602527e+00
1.935385374968233263e+00
1.806814921217290371e+00
2.093497702836838226e+00
2.019983351416640538e+00
2.158850905413646881e+00
2.106089678625582717e+00
2.057171984124857023e+00
2.049123812912439391e+00
2.018481031704880468e+00
2.203868367641976356e+00
2.186361371858732028e+00
2.245545865152266174e+00
2.493068985176909447e+00
2.504452197352475373e+00
2.588424418456536813e+00
2.602024350582496037e+00
2.448938351578432648e+00
2.541172226512198762e+00
2.672272554020640456e+00
2.441052022632565155e+00
2.468132149471458536e+00
2.303269076011906780e+00
2.715901285873218551e+00
2.542269707776998011e+00
2.656876481045657989e+00
2.554297878295440860e+00
2.532880375651557880e+00
2.562134844238229014e+00
2.676974099094537873e+00
2.911342805387939325e+00
2.870794648752618805e+00
2.719219011278299902e+00
2.559274549476287852e+00
2.436718412565465286e+00
2.364280051739687138e+00
2.286166976313704691e+00
2.329376981379528644e+00
2.338843739266979416e+00
2.301368020020364114e+00
2.152795096021849819e+00
2.153288679173990250e+00
2.264133401033958215e+00
2.184437955533324427e+00
2.197026569835966114e+00
2.160944855500776196e+00
2.251796267825235898e+00
2.338443290440394229e+00
2.068636927828481298e+00
2.105044870627012177e+00
2.087159709578723099e+00
