4.264961199760035779e-07
5.125896824551942066e-01
5.257736841291421603e-01
7.856726278922364637e-01
9.564216102179921020e-01
9.616758179101266846e-01
1.032376274449206210e+00
1.101407677081068570e+00
9.725087952213417042e-01
1.228927007952209660e+00
1.243804962023188132e+00
1.274879996164396845e+00
1.253025352366355039e+00
1.354407735882852792e+00
1.645039057939652993e+00
1.577007715007160193e+00
1.649449586917935529e+00
1.579709356416086008e+00
1.664407453489380684e+00
1.658687314167651250e+00
1.547659394926609089e+00
1.683702497370199724e+00
1.756753826588257850e+00
1.531040631584726697e+00
1.606708443415899579e+00
1.534587185707483536e+00
1.580430903295225065e+00
1.587681196872959832e+00
1.479250175555668401e+00
1.602075732396475161e+00
1.786044380246152752e+00
1.853910555445333230e+00
1.719131098936907298e+00
1.849780299875105838e+00
1.854256095445602437e+00
1.857872841172917289e+00
1.732110050942041513e+00
1.768299254532294862e+00
1.686769705762013682e+00
1.781371293804733691e+00
1.990557793052611935e+00
1.853184776906097397e+00
1.769069868447287419e+00
1.852216193257451460e+00
1.990180986400130969e+00
1.709395218926529347e+00
1.625252236143917006e+00
1.598525442032558530e+00
1.345937735599180618e+00
1.683669553977880540e+00
1.745723496708809108e+00
1.484714416231680101e+00
1.566327512307708947e+00
1.652565440618838144e+00
1.756335182355442948e+00
1.856341065663009049e+00
1.831196378674650349e+00
1.986870870465080596e+00
2.063001639930198028e+00
1.963708167673139826e+00
1.953677346552782579e+00
1.940923092423179286e+00
1.960982774644521420e+00
2.014110159787334542e+00
1.852195957984052122e+00
1.893938064762430429e+00
1.898066979443115088e+00
2.140966512631748309e+00
2.304576358002098591e+00
2.422763027056074936e+00
2.169336451953362221e+00
2.083922796727285753e+00
2.270489743702329921e+00
2.246954283565359756e+00
2.337217597329969809e+00
2.093307071877666736e+00
2.119050269654363827e+00
2.459300779509740131e+00
2.400238174547418168e+00
2.182330859934683343e+00
2.439199769828952480e+00
2.262493763952567960e+00
2.336664005697117741e+00
2.362457463846852068e+00
1.950719815445406180e+00
1.815700930143086422e+00
1.814368320684667690e+00
1.790836787347866998e+00
1.867332485113875951e+00
2.014101524605317994e+00
2.020969714171048981e+00
1.943441255813368462e+00
2.041767617083229958e+00
2.070563745696329949e+00
2.263912076102645887e+00
2.176795887318971889e+00
2.100222013148846489e+00
1.977425724843104415e+00
2.013402155266704963e+00
2.083358863214931578e+00
