3.015782985847834980e-07
4.136549952349932169e-01
5.735599229591810122e-01
6.959601107589156177e-01
6.734737315711635253e-01
8.248684193671171894e-01
6.474974626418585899e-01
7.021762088834940796e-01
8.281247118851799982e-01
7.461266688235546063e-01
8.561754399705446827e-01
7.582112283800783725e-01
6.011283539772718232e-01
7.430537980918903163e-01
9.342458940440186987e-01
1.063843437997535224e+00
9.786975912888803419e-01
1.095318783016245856e+00
1.323805047105634403e+00
1.125765192018032934e+00
9.761814437828206792e-01
9.567651354692796595e-01
9.816938690988544769e-01
1.089884246432692994e+00
1.181874538891414694e+00
1.239180899946177528e+00
1.263470754344021341e+00
1.617317691071145980e+00
1.445425798043450616e+00
1.523159548280813347e+00
1.411898616535516959e+00
1.201332107541951855e+00
1.057523403941682982e+00
1.074432180003260351e+00
1.195442780883141154e+00
1.395236572597130520e+00
1.506703027020808383e+00
1.574691439567887041e+00
1.658949178582693307e+00
1.649491050662395653e+00
1.960044203304835086e+00
2.151961875827455906e+00
1.817353692659353204e+00
2.077135548029398038e+00
1.891765951962998349e+00
1.990557465645768964e+00
1.918206856983927899e+00
1.981979335516702578e+00
1.942532467245987826e+00
2.096598861284683757e+00
2.121185854089626677e+00
2.416961721545106467e+00
2.334599831807777637e+00
2.373599600772881679e+00
2.327186782115453045e+00
2.394255029097335896e+00
2.430014775808645222e+00
2.379091293763387238e+00
2.145314028894427683e+00
2.050332039371186355e+00
2.289310251367332683e+00
2.512311881597394159e+00
2.434565923526282649e+00
2.602236694465579703e+00
2.497028843778610341e+00
2.500707134957360189e+00
2.624521589495679041e+00
2.556618981718165262e+00
2.514024708048200552e+00
2.396086785344682113e+00
2.232386407651192783e+00
2.166484915567288283e+00
2.226036844136961346e+00
2.149126771577070105e+00
1.961564329533491247e+00
1.725185481542533372e+00
1.690320730712527864e+00
1.521143304647312844e+00
1.636887428691461199e+00
1.837682271675921353e+00
1.672021569901755100e+00
1.621575197334199636e+00
1.393158816672766198e+00
1.482350658040752611e+00
1.421182649706964840e+00
1.205103539387562428e+00
1.486076236229203262e+00
1.419408462724620845e+00
1.364909921228919076e+00
1.318429175109798734e+00
1.425823726393350199e+00
1.471511733813833489e+00
1.622768989395732886e+00
1.475990669881779072e+00
1.537743255895621663e+00
1.501425637344714570e+00
1.541885574641180146e+00
1.638848333320272355e+00
1.720011004321697179e+00
1.508469953960632104e+00
