4.264961199760035779e-07
4.513018168427116450e-01
6.266357714759632769e-01
5.189631630212813151e-01
7.724828563803973758e-01
8.835016751051233408e-01
1.071816535483676169e+00
1.081947229312665515e+00
1.269208425634349879e+00
1.496194683178834861e+00
1.356566699025387734e+00
1.362396388561168958e+00
1.263640645013196950e+00
1.483586307379064717e+00
1.589939268733701061e+00
1.639729273745229587e+00
1.298007014570933260e+00
1.718161575962536158e+00
1.607646334627300444e+00
1.686608028687732075e+00
1.429432958672200327e+00
1.353269685283800872e+00
1.469585281877404670e+00
1.520345277754458380e+00
1.821326055108392294e+00
1.744531477993838120e+00
1.849613474160765936e+00
1.869707317177749628e+00
1.860170274620926101e+00
1.780952669427402490e+00
1.824197185854181669e+00
1.820373619686800781e+00
1.795634182168459825e+00
1.770834660216391798e+00
1.819261672860644552e+00
2.023645930638068524e+00
2.048502226813014193e+00
1.912352406684430850e+00
1.869454412816848210e+00
1.923516552901599841e+00
1.923066983548626929e+00
1.843727040516105031e+00
2.176972393049974475e+00
2.042129317320375392e+00
1.865518063453845521e+00
1.882392968971322356e+00
1.688378076816192674e+00
1.937797195648385484e+00
1.962212580644276061e+00
1.965203492737555679e+00
1.944913094438385448e+00
2.042716197140074019e+00
1.927528568950025445e+00
1.756402743598128868e+00
1.739445004224839719e+00
1.448235756023799503e+00
1.797782678736789430e+00
1.962963861336802340e+00
1.982267699650185122e+00
1.767597461324738273e+00
1.880231935425825229e+00
2.132323850706055346e+00
2.153693702896888329e+00
1.992161631712975778e+00
1.975202939219692144e+00
2.126064976670206885e+00
2.046403114209395913e+00
1.992527039894594232e+00
2.044390717172237970e+00
2.091829024314400431e+00
2.099810104084449236e+00
2.125870013828415672e+00
2.043569869025110286e+00
2.422549559621260951e+00
2.404314388644419598e+00
2.317000440928082661e+00
2.650202140710318233e+00
2.621793630066296732e+00
2.755751936784910594e+00
2.855618676847478277e+00
2.782230066630149601e+00
2.900343409233459901e+00
2.896304730814869721e+00
2.775432312531994850e+00
2.732469228640669101e+00
2.609477235702562847e+00
2.616360196445484565e+00
2.620970598091304282e+00
2.452233599036925948e+00
2.597019180309111164e+00
2.677751971276542520e+00
2.596600883012147420e+00
2.663667823871375351e+00
2.870402291466801259e+00
3.183136145244158666e+00
3.171872686776482819e+00
3.127949374778518532e+00
3.125855702219892063e+00
3.146743559482163111e+00
2.868650198332004742e+00
