6.031565971695669960e-07
4.806705997309888012e-01
4.590986960379812576e-01
4.114215763836410744e-01
7.005532813418364757e-01
7.014517979136989378e-01
6.194291482656869574e-01
5.966279539078483962e-01
6.989548191785842635e-01
7.778727654374752998e-01
8.272285182985643637e-01
1.121689978594784476e+00
1.330922910744228638e+00
1.213148011155402939e+00
1.146407991022403872e+00
9.806456990602291368e-01
1.070570397491243275e+00
1.116344310885225788e+00
1.045853171011308813e+00
1.019710463495890451e+00
1.033815461152587822e+00
9.900424801937881547e-01
1.150150641162329457e+00
1.110188827885012053e+00
1.050170415080929232e+00
1.188039219690160575e+00
9.052041258266736445e-01
1.210706915087995883e+00
1.520653560748012056e+00
1.503666240641808205e+00
1.508348555679572378e+00
1.774642856464029972e+00
1.817802698064420852e+00
1.693740543169687696e+00
1.692069111041969443e+00
1.715998056039354180e+00
1.713624229798809573e+00
1.764604263249311078e+00
1.812993183904319183e+00
1.988205662144482577e+00
1.800309232041510832e+00
1.670933431357805254e+00
1.888806992937429152e+00
1.957243496717697040e+00
2.024021178579337388e+00
2.167912593661076137e+00
2.189397445830927769e+00
2.239541074603243143e+00
2.246140171993594947e+00
2.458805570859161627e+00
2.408602543817965458e+00
2.229301933125774848e+00
2.082861006626949063e+00
2.307886042522679038e+00
2.014724823500769979e+00
1.930403213961207287e+00
2.085259755639581769e+00
2.020543242637783621e+00
2.115998799630270266e+00
2.075979644629820875e+00
2.499799630319793575e+00
2.269774820529463000e+00
2.439128419893865196e+00
2.297827761042880113e+00
2.291585474655034371e+00
1.961827578007877326e+00
1.959728189553368249e+00
2.122978875803861243e+00
2.130412537751371183e+00
2.054962023888306621e+00
1.944705346094025344e+00
2.356167298411378397e+00
2.265184123775868752e+00
2.240913683769762521e+00
2.045825361730271741e+00
2.102251089446223631e+00
2.215714903443488648e+00
2.128384369308699675e+00
2.335397130791519338e+00
2.203126539703121445e+00
2.328722949073471771e+00
2.317914639581132530e+00
2.027256950962147197e+00
2.177272872678867266e+00
2.223954226671640111e+00
2.246447284221537721e+00
2.341887054147607117e+00
2.363207774787369431e+00
2.319581552974782745e+00
2.251761684487342041e+00
2.490990860222108250e+00
2.385142337857571793e+00
2.287649096874041277e+00
2.098512985123163421e+00
2.068077188176105974e+00
1.980552110162638657e+00
1.882878469352442963e+00
2.060924666921862602e+00
2.148934779858985955e+00
2.271708617816489362e+00
