5.223489356090222115e-07
3.431837552260548208e-01
4.256827170714206909e-01
7.039363278740017327e-01
6.844243225229880156e-01
8.964947882972615911e-01
8.777804423843393877e-01
1.064897260499647391e+00
1.203419624368121221e+00
1.351051594693903457e+00
1.442224997981907064e+00
1.319422920612795869e+00
1.417188930103703726e+00
1.287221739757206773e+00
1.193836326499613687e+00
1.130147284256380669e+00
1.264169067522134204e+00
1.393193895243290514e+00
1.430280499840665298e+00
1.417000730119172491e+00
1.500993575080923348e+00
1.446922114053854402e+00
1.468967138087598157e+00
1.447164177205842561e+00
1.517626658602083234e+00
1.585697406423121514e+00
1.720283487076673223e+00
1.542722750350056016e+00
1.602748776209147019e+00
1.667657520245082736e+00
1.852522206881038747e+00
1.850808609992081966e+00
1.947467899655535017e+00
1.921414137455875748e+00
2.080248696245232232e+00
2.314844621106583400e+00
2.137687783927174845e+00
2.138197539174861106e+00
2.200035536558046179e+00
2.141791844003802403e+00
2.403106276723765866e+00
2.362293941976142175e+00
2.322846696845823455e+00
2.613587189663671762e+00
2.685229270300691251e+00
2.724150409099419967e+00
2.549181340120591166e+00
2.392161062047188036e+00
2.572387021381710603e+00
2.522046716755868001e+00
2.577984873759884721e+00
2.441729892753532027e+00
2.305076622742046499e+00
2.379647750805014894e+00
2.192665054555270387e+00
2.332893817571150219e+00
2.464902364708963400e+00
2.454233359520395119e+00
2.696498511515650343e+00
2.581982663959109914e+00
2.423687311349302487e+00
2.676077961245501680e+00
2.647082376972878848e+00
2.773840433952813989e+00
2.931202195237986974e+00
2.903238620400758307e+00
2.768066500372211358e+00
2.967542210898981292e+00
3.160244185604586420e+00
3.170711880439476271e+00
3.231019821228697797e+00
3.273910675591490183e+00
3.132716340117160492e+00
2.834724672106953225e+00
2.744530306000086739e+00
2.853239895926888536e+00
2.883398485644117049e+00
2.845747735837005354e+00
2.895450313723492819e+00
2.686093264613864218e+00
2.647182267187190519e+00
2.638978742316502313e+00
2.673923082763602466e+00
2.492720684993257496e+00
2.364909377304706961e+00
2.487381162133181611e+00
2.573655811278160233e+00
2.475199836362668826e+00
2.438189030199764407e+00
2.585664129367206243e+00
3.015695634511152523e+00
3.012010740198851622e+00
2.999771348160501283e+00
3.166071654548705094e+00
3.149513004064690591e+00
3.135624683912748178e+00
3.457155396659755020e+00
3.460330460362813554e+00
3.388020484616009131e+00
3.325674647139151840e+00
