5.223489356090222115e-07
5.464390451934768578e-01
7.164407954392695288e-01
1.104771497227293509e+00
1.125259201841782630e+00
1.121474395362503484e+00
1.042028334416438051e+00
8.436030608186649848e-01
6.237230651099429091e-01
6.693211123807268903e-01
7.232991721936214979e-01
7.997217368589654152e-01
1.001225509909150935e+00
7.875771702706978461e-01
9.902480850915722499e-01
7.935814281464257380e-01
1.034608124498113124e+00
8.789907476546801046e-01
8.960859475105020788e-01
8.005302984374521591e-01
8.881714544438583658e-01
8.915584946981730541e-01
1.131714968761633910e+00
1.420910850629969246e+00
1.488234726479956915e+00
1.387283558841507780e+00
1.508703239561562714e+00
1.504430532053388614e+00
1.301870351913089419e+00
1.399246002088966989e+00
1.417136242793769041e+00
1.519249684045194781e+00
1.408439468323825494e+00
1.500096723063895743e+00
1.642519412584266592e+00
1.732776855343893807e+00
1.610749004807710882e+00
1.715598806997923775e+00
1.695831612910190911e+00
1.800073408250738805e+00
1.774308980463799701e+00
1.627203555932086765e+00
1.873648365210938804e+00
1.630090466132039895e+00
1.696617247795305872e+00
1.765659386354869964e+00
1.532918037704865233e+00
1.583535842072104183e+00
1.551926488409666405e+00
1.507864875616971245e+00
1.433340313374243280e+00
1.518793373473425579e+00
1.545225077341099151e+00
1.600983565086296689e+00
1.649865597358038061e+00
1.766662635794496117e+00
1.869626899830322708e+00
1.986659131384346466e+00
1.947487084403901614e+00
2.060671015124646566e+00
2.074321527966806578e+00
2.015596142751789888e+00
2.120512560010219705e+00
2.003292402027645913e+00
2.080729650008738219e+00
1.908234023109082633e+00
1.852799800369563821e+00
1.820526632807897061e+00
2.001138193162054435e+00
2.040304386659528291e+00
1.875073248019100136e+00
1.887453482308458996e+00
2.130054646363040760e+00
2.351875287828879557e+00
2.317523000385175447e+00
2.375285166122265590e+00
2.383640778279045858e+00
2.332761804331155542e+00
2.176716834470074691e+00
2.180773399405149249e+00
2.382288530073939370e+00
2.418556084299164688e+00
2.266743583925681982e+00
2.235602532517948937e+00
2.423087367536974845e+00
2.336010993431752780e+00
2.288923522255499332e+00
2.377141327445338792e+00
2.413803634869725379e+00
2.289588152193390957e+00
2.373918878185233616e+00
2.331277779322033616e+00
2.290781453529801226e+00
2.433878769458753588e+00
2.456269859214875950e+00
2.322623974184979456e+00
2.478386022757149032e+00
2.575596936276014493e+00
2.571086112030382953e+00
2.569903154110385390e+00
