0.000000000000000000e+00
3.743662367000010760e-01
5.874603642557599814e-01
6.860762520929020170e-01
6.549497614152378633e-01
8.432616718199558159e-01
8.386607638226720729e-01
9.949005746391490490e-01
9.854256158141141420e-01
1.080453966262432397e+00
1.253892334023585908e+00
1.362720366698749741e+00
1.453431866124764049e+00
1.309521499800921251e+00
1.438787898274547894e+00
1.347762650660974115e+00
1.293584596537576736e+00
1.397765520503166936e+00
1.267270839446065445e+00
1.535362502090272807e+00
1.660236819282481013e+00
1.564850333145039185e+00
1.571883969676473258e+00
1.553729971214798056e+00
1.388009278210023956e+00
1.359537690886518213e+00
1.389635032820621285e+00
1.438071725404742596e+00
1.481124083714814965e+00
1.402533319118028254e+00
1.369914321812286895e+00
1.458896923058066175e+00
1.122343537046416317e+00
1.041424934593297325e+00
1.125220931454253392e+00
1.269771717819856427e+00
1.253424925019429148e+00
1.440972926380781338e+00
1.574036043992999012e+00
1.590933182168603688e+00
1.728243920923369092e+00
1.568553862134237642e+00
1.692343295871912678e+00
1.836748274813984727e+00
1.765648421232890231e+00
1.747329903006060281e+00
1.573110945050807619e+00
1.841778977822727814e+00
1.869657589347672344e+00
1.960048445285396568e+00
1.872846235135393833e+00
2.056396477921862420e+00
1.819190986136190791e+00
1.941146689609746012e+00
1.942318725327710549e+00
2.149369801608050690e+00
1.999417782158478873e+00
2.086558511782103942e+00
2.101631883017925695e+00
2.160403595427008661e+00
2.237905069772166300e+00
2.291943857943266938e+00
2.441695257375138262e+00
2.370459709877168031e+00
2.424116307319081454e+00
2.420997255476308840e+00
2.516827835841550343e+00
2.477914701697667255e+00
2.430636745887315264e+00
2.368386511823080021e+00
2.388676589910250225e+00
2.357109453393193554e+00
2.350091604354284325e+00
2.378718478658309543e+00
2.222858727010370128e+00
2.291439290736098311e+00
2.118474368515136597e+00
2.032978797310735164e+00
2.129396830327704659e+00
2.132832648612567716e+00
2.069381147736562454e+00
2.140406341986693661e+00
2.180886878692538833e+00
2.219385944685508427e+00
2.191365567950155135e+00
2.377040425998668827e+00
2.014846406134731094e+00
2.077256793232135301e+00
1.965845719227931054e+00
2.024137613250078349e+00
1.961770669918253995e+00
1.917121405130380207e+00
2.046624372295256844e+00
2.070407762398885243e+00
2.149679140427395829e+00
2.142976429232029467e+00
2.190233800894616500e+00
1.978009967514885448e+00
2.148356952752922933e+00
2.033397857047444468e+00
