4.264961199760035779e-07
3.656631824909698514e-01
3.775552003856552097e-01
4.813070052475813543e-01
6.312619686205788172e-01
7.698252720330878152e-01
8.433738019577453615e-01
8.910231863635945659e-01
9.822474375162714155e-01
9.798069125604402796e-01
7.858505359759275777e-01
8.395500716871744373e-01
9.353485424169813989e-01
1.008684624149901898e+00
1.053115536021641319e+00
9.946161710946939127e-01
1.071598519501199442e+00
1.206533972539698407e+00
1.140902218214265407e+00
1.095738003986475917e+00
1.128624756081963332e+00
1.314990091709438813e+00
1.204498338328424900e+00
1.416295405418752429e+00
1.220467061788864882e+00
1.352774387501426645e+00
1.514424515402369442e+00
1.710684545283016389e+00
1.917340877666890764e+00
1.699064292459838699e+00
1.650969573099265730e+00
1.628023414957316506e+00
1.619365344737701218e+00
1.494803335135784117e+00
1.429061772588327894e+00
1.556588432459538929e+00
1.604773055966065343e+00
1.491130820569577908e+00
1.487127942660254831e+00
1.710770484240115907e+00
1.681118381611074408e+00
1.824485688295055530e+00
1.733373150673497065e+00
1.898034445701585637e+00
2.026682165577287975e+00
1.972171395858891785e+00
2.150287605731770135e+00
2.018126229359157087e+00
1.819172041602606926e+00
1.925677180194200089e+00
1.809621007040604690e+00
1.772489299107536276e+00
2.077611633240322053e+00
1.999346897882343876e+00
1.852164095229154928e+00
1.785241943681879606e+00
1.862362294224114478e+00
1.704042933389127823e+00
1.814813497176358759e+00
1.815752261376573085e+00
2.049085454955554386e+00
2.174245524047788702e+00
2.170283359629281428e+00
2.227646866845827134e+00
2.333668048540421758e+00
2.228740690697613935e+00
2.232434213464201900e+00
2.179056473140388750e+00
2.354010642831053879e+00
2.227234398826551942e+00
2.526665188407131613e+00
2.461680636169778946e+00
2.519542250949417639e+00
2.421766356308966639e+00
2.287901281675592813e+00
2.346926613334594514e+00
2.525798315814571371e+00
2.690314582698240198e+00
2.564624776579721210e+00
2.766331526384219419e+00
2.958158407881422480e+00
2.770203417916825117e+00
2.613700124804371416e+00
2.480118227856249025e+00
2.651537055611013383e+00
2.263595000179601691e+00
2.448350834134819465e+00
2.321769652001444140e+00
2.250989709286165041e+00
2.086966291280153651e+00
2.251114986826846298e+00
2.206830738253342972e+00
2.418179450778789707e+00
2.239470536604595274e+00
2.193536879445582066e+00
2.119386501234765241e+00
2.091388858727332600e+00
1.910862588533359663e+00
2.024357736720257872e+00
2.196882246521346449e+00
