4.768371582031250000e-07
5.771185887087443289e-01
9.089905452020634602e-01
7.307069765646535542e-01
8.007119248288501190e-01
9.524731261255036108e-01
1.129900535051036936e+00
1.391808320750794747e+00
1.371304296849515048e+00
1.460812932488160021e+00
1.583633133643867152e+00
1.539076985984629609e+00
1.650690843286088283e+00
1.437523045001194655e+00
1.551657783570195681e+00
1.579419306043236881e+00
1.400581081857523946e+00
1.521949140728996674e+00
1.536967920982180935e+00
1.475390970952286773e+00
1.448130721990971148e+00
1.437045498595035831e+00
1.197964798848905721e+00
1.180106275010538885e+00
1.377466162714789055e+00
1.323121083235775597e+00
1.480202360277819151e+00
1.458826271414088271e+00
1.692333891016300607e+00
1.620651071068904825e+00
1.654384371870446069e+00
1.719513995523892946e+00
1.676917346192550617e+00
1.762153524583657704e+00
1.664904577837726052e+00
1.728211441867027576e+00
1.838716331968934137e+00
1.722042568449331457e+00
1.570544458309259594e+00
1.612293442768919505e+00
1.863417582070568290e+00
1.693289731540313259e+00
1.778960032954029824e+00
1.773358025907221913e+00
1.740677176659717329e+00
1.821619560815487260e+00
1.923369621294433784e+00
1.940763744712146854e+00
2.137420128697246291e+00
2.373348165832243506e+00
2.437884094953024050e+00
2.509201906154936879e+00
2.484386444290900720e+00
2.208636200698507412e+00
2.374513589117045242e+00
2.257792732093516719e+00
2.464121247642528711e+00
2.511368320271525345e+00
2.526038549927899446e+00
2.775533798741064206e+00
2.571349155742029158e+00
2.646925918339239736e+00
2.330749410038194469e+00
2.483668072109696201e+00
2.492018272784338961e+00
2.457983135203842373e+00
2.445493068836678052e+00
2.417274369035005588e+00
2.111428759786807330e+00
2.070650760060618545e+00
1.903797572132967630e+00
1.972823777736425033e+00
1.946796765048198985e+00
1.967257198509826832e+00
1.849431741003270568e+00
1.811516030654920950e+00
2.014153742905542721e+00
2.293673473573388133e+00
2.276947928193520099e+00
2.248772583626509114e+00
2.276490067962217978e+00
2.121570467080546418e+00
2.090931906559838627e+00
2.233659902314815149e+00
2.011324564113876168e+00
1.977227292317991214e+00
1.896803765043241441e+00
1.820332607106898815e+00
1.816722626032983623e+00
1.593330188407428905e+00
1.790149791432576576e+00
1.867862303301720539e+00
1.638537643564726087e+00
1.725287215661285734e+00
1.678475586901360339e+00
1.472512247245244543e+00
1.564344535016011228e+00
1.703397294568334885e+00
1.555533094373909409e+00
1.610607678877262749e+00
