0.000000000000000000e+00
4.724244800065260930e-01
4.238455670763156546e-01
5.215327309028758851e-01
6.696621166477929599e-01
6.889956868803043255e-01
1.030504482855236104e+00
1.001592289781099598e+00
8.581933811279447433e-01
8.582883144322502877e-01
8.763489933261751075e-01
6.092701008150478437e-01
7.070130655752951965e-01
7.607628340318515203e-01
9.247550221422226047e-01
8.898516644678219345e-01
1.040513241192298821e+00
9.874797349842705518e-01
8.735896670407418130e-01
9.429858314453215540e-01
8.828645300596502654e-01
9.004394635456061113e-01
8.020373034483048169e-01
1.085594386161534919e+00
1.032134969458921692e+00
8.238440047678631251e-01
7.390032899396250521e-01
8.453954446730832517e-01
9.378169060772483245e-01
8.229330581825641255e-01
8.873505108291027677e-01
9.733709638133217767e-01
8.993723756945681824e-01
1.009905567306591090e+00
9.601388008085078862e-01
1.021290282776567526e+00
9.639964913208485253e-01
9.104300470030356474e-01
8.170985823165466400e-01
8.157336514883338774e-01
7.822641206905446287e-01
8.566737720415487090e-01
8.185969375442760931e-01
8.271853339047490206e-01
7.706918005426062201e-01
8.544014558997270470e-01
7.950184376076874226e-01
8.560992077615219298e-01
1.019107057296489760e+00
1.096195842583973068e+00
1.101338307926891025e+00
1.093059100168221054e+00
1.171580877332274895e+00
1.116065386921202940e+00
1.147707051521666077e+00
1.018147864256528923e+00
8.728624475556970852e-01
9.386657282804632407e-01
9.382471713888896891e-01
9.706069518794532280e-01
9.251680691298745929e-01
1.027057946748570982e+00
9.601470529009082933e-01
9.949618080759531358e-01
1.050060061773568254e+00
9.871071059085135824e-01
1.047738989302960944e+00
1.035258612961624136e+00
9.816483423322592827e-01
1.039635927574599439e+00
1.117260106981074363e+00
1.055697406846673791e+00
1.099692147352560490e+00
1.105835286245250737e+00
1.180551173484172489e+00
1.283567033938379121e+00
1.300481471150021218e+00
1.200705721741325060e+00
1.199940103099081723e+00
1.239431047366131855e+00
1.174981853352220940e+00
1.102579428037970155e+00
1.117321493800921495e+00
1.222770989556537513e+00
9.787882006423483938e-01
1.121251978559281826e+00
1.161459132544144346e+00
1.139543892799691926e+00
1.010906310219959359e+00
1.123814044416325819e+00
1.085629372732495712e+00
1.012868568155018467e+00
1.063054871880345642e+00
1.097093100534539012e+00
1.008868856202684627e+00
1.080702055026973474e+00
8.940658144226920623e-01
8.573331283765605049e-01
9.570865641100281263e-01
1.112818926730552604e+00
