3.015782985847834980e-07
4.599168248844706652e-01
4.814373419214866279e-01
5.946015268756048577e-01
6.249163317882718838e-01
7.928483910449565242e-01
6.870120662486052243e-01
7.286403083380825763e-01
9.186128295355915352e-01
1.040253429732268531e+00
1.005634733926541902e+00
1.073538173733383339e+00
1.319872352979915009e+00
1.298203500393723120e+00
1.340350824229272986e+00
1.371951340985924972e+00
1.489906698053282241e+00
1.467669185270431775e+00
1.366652684131562046e+00
1.459842159336929068e+00
1.451295395032936142e+00
1.415283621970919281e+00
1.566181110820765943e+00
1.394805103691857173e+00
1.715589835344669467e+00
1.881841746663210024e+00
1.872353680280007593e+00
1.874185569169458221e+00
1.895636283117212439e+00
1.958613318375247658e+00
1.950508769998636538e+00
1.939663980310841973e+00
2.012944362378917162e+00
2.216081077510215103e+00
2.178618122643293464e+00
1.887737889919542944e+00
1.936342810556256122e+00
1.947841075553482071e+00
1.830181287012097924e+00
1.848373963152500021e+00
1.838881073514651465e+00
1.716029363523569051e+00
1.778726774650611686e+00
1.891036620184773254e+00
1.853869686596027577e+00
2.152165912034468498e+00
1.769741749545672649e+00
1.617544326170875735e+00
1.867814510236291969e+00
1.937332501896027237e+00
1.775114542292071551e+00
1.844040960054212253e+00
1.794756881639710144e+00
1.811214040338693598e+00
1.881527790404185163e+00
2.095727202415555990e+00
1.928708515115294064e+00
2.138132690833979055e+00
2.058101634224154708e+00
2.060978252493598450e+00
2.057972399037880429e+00
2.029396940834062857e+00
1.841161401890556437e+00
2.021528580145705689e+00
2.190112201922204349e+00
1.970743153005672932e+00
2.070489143993786474e+00
2.083357327788038837e+00
2.336219107015135688e+00
2.289463791405258686e+00
2.341894765286463898e+00
2.495502743780412036e+00
2.324151437087323302e+00
2.211719996442782943e+00
2.302961145232031548e+00
2.171079323099319947e+00
2.101350050133205194e+00
2.145227099714928087e+00
1.976045921579698383e+00
2.069660178656651528e+00
1.897728112927557831e+00
1.800884911051271242e+00
1.842263368200044438e+00
1.814218370352250975e+00
1.688586787444425363e+00
1.685546115079255447e+00
1.620481612678089434e+00
1.529783762716599105e+00
1.572707242971430608e+00
1.568087346136753490e+00
1.478852994187603853e+00
1.627224762912895084e+00
1.500127910791541064e+00
1.430214534538083004e+00
1.357928243439599836e+00
1.366240757349505230e+00
1.268324543583807307e+00
1.289057149335636643e+00
1.364399734375168372e+00
1.455813983991356864e+00
