0.000000000000000000e+00
5.674939965797375363e-01
5.460767307432421447e-01
5.745214725195871841e-01
6.834656060019353996e-01
8.042216714490296736e-01
9.692909170047955270e-01
9.894153135186548598e-01
1.123735441979371252e+00
1.106524678200398348e+00
1.108619952858376223e+00
1.191901035565086531e+00
1.213156646865490407e+00
1.385047633660934974e+00
1.195069386413815549e+00
1.281730459046656279e+00
1.333051750863811780e+00
1.282371770271424349e+00
1.466537067013214513e+00
1.475524323668806703e+00
1.408558208660557254e+00
1.220118401439792999e+00
1.513058433850297479e+00
1.614854459910691542e+00
1.572277707841539973e+00
1.684933865148477539e+00
1.609194207012358158e+00
1.657605131969958956e+00
1.461097533896309919e+00
1.559938294590726748e+00
1.715618140266641278e+00
1.731654416605664659e+00
1.966413541448589708e+00
2.057910493047815148e+00
1.921304034795195292e+00
1.949562108196490451e+00
1.875754048189275380e+00
1.749232205161666220e+00
1.703003687043114889e+00
1.686598209525676850e+00
1.850061607202509339e+00
1.888949764590242886e+00
2.099975549528481977e+00
2.095090724991795827e+00
2.283094371360954167e+00
2.279978641566226205e+00
2.276846762146385927e+00
2.453965652884464888e+00
2.516632136080104054e+00
2.465930418785954092e+00
2.525430074350663023e+00
2.635332999431820866e+00
2.381399737924849269e+00
2.611195255897609258e+00
2.628468975874056035e+00
2.685230288788339248e+00
2.833035900463826362e+00
2.915685860055523548e+00
2.666370143244868540e+00
2.599728181542204197e+00
2.507407292672857668e+00
2.652698084680009227e+00
2.417886058828269569e+00
2.358860138648270599e+00
2.590329686363011863e+00
2.504946632540912876e+00
2.599452174686846195e+00
2.645560333284186161e+00
2.631864837008954794e+00
2.651464551725721375e+00
2.627483533150708261e+00
2.597451137975284485e+00
2.756260141585312962e+00
2.828656191062470349e+00
2.849207136056031597e+00
2.796111303941150705e+00
2.928737616640443520e+00
2.956987428978856247e+00
2.708636494704910191e+00
2.740786314707612803e+00
2.848605135817273926e+00
2.832086714705397856e+00
3.070840087148751785e+00
3.046516970513013511e+00
3.164510070393016239e+00
3.181405575087179916e+00
3.088902222668099107e+00
2.929625561740100359e+00
2.788869271369780467e+00
2.547109313795742125e+00
2.474418166242789319e+00
2.637891231072776677e+00
2.638411891048684677e+00
2.747216975007443107e+00
2.684092437188558389e+00
2.777609375441155937e+00
2.630092942120728416e+00
2.826389796459815695e+00
2.912438080661485351e+00
2.852481739395226423e+00
