2.132480599880017890e-07
4.605944482200180490e-01
4.946034037028156360e-01
7.028766400925272606e-01
6.744558330268447532e-01
6.722593564792631593e-01
7.469331035585412559e-01
1.019389959061262729e+00
9.122498730214135820e-01
1.081720132975445781e+00
1.142264529714175358e+00
1.419351193221299434e+00
1.622678902499048670e+00
1.431074098418930740e+00
1.509550211702578304e+00
1.338173889871890676e+00
1.398836744793052533e+00
1.553507642183112436e+00
1.750265757117712484e+00
1.741165213582655635e+00
1.806095360286680274e+00
1.900177834318153902e+00
1.898581620577802553e+00
2.218319452138945103e+00
2.248177831941881699e+00
1.988805214167168156e+00
2.047652226139913711e+00
1.983972016384745851e+00
1.988870649571451432e+00
1.958808379544391132e+00
1.962831038321434241e+00
1.666907527327393890e+00
1.757612383844326942e+00
1.669741958199035592e+00
1.919839570318992994e+00
2.017145922067822283e+00
1.754813095281760882e+00
1.881225353754072183e+00
1.789135406570970366e+00
1.827528369123625041e+00
1.839044418547896909e+00
1.563729533458323662e+00
1.775231438063492151e+00
1.819438978462601275e+00
1.932768335285466321e+00
1.995769595932605167e+00
1.955321044656630258e+00
1.815373880770946968e+00
1.776396138169493932e+00
1.778648424266422889e+00
1.737811034427965584e+00
1.728099680558780271e+00
1.823011922077618419e+00
1.730656388453567063e+00
1.809059319790623732e+00
1.733882699674936800e+00
1.682698828060313012e+00
1.665941081726092232e+00
1.570124741055930251e+00
1.469968673900556855e+00
1.504291380855852012e+00
1.736590665363120456e+00
1.772442629678954829e+00
2.039793286226013969e+00
1.843815636236998623e+00
2.079464301014974037e+00
2.123438744859422300e+00
2.136238766619508400e+00
2.101179980486926446e+00
2.087973484125717150e+00
1.857860609369451854e+00
1.717519128496491909e+00
1.757435065784304307e+00
1.660936059613053351e+00
1.912815960257454373e+00
2.009319783534436077e+00
1.957687473910577847e+00
2.077789777468765919e+00
1.819532133011216413e+00
1.824088381973881567e+00
1.925269204931603584e+00
2.061969488527643168e+00
2.027187815353791223e+00
1.999331477780108335e+00
1.765496751125235075e+00
1.674609042741571407e+00
1.821106805678152085e+00
1.839895066869452700e+00
1.990146822097498713e+00
2.107280272517532804e+00
2.221677392917186022e+00
2.245291748397638898e+00
2.418814111664116417e+00
2.538948087260215036e+00
2.504848629547170358e+00
2.292800282260910816e+00
2.300654641468363959e+00
2.365310928160741177e+00
2.493535986171178997e+00
2.353279355650888860e+00
