3.693564745147149106e-07
5.255970923789298199e-01
7.166577120977144499e-01
6.979373962449981761e-01
8.469596370687477727e-01
8.668586423481225989e-01
8.606208597018313311e-01
7.900630231719949492e-01
8.028627608700087404e-01
7.259646129135752801e-01
7.721379677992141755e-01
8.227539194628971098e-01
9.979490454595481008e-01
7.474301876793889576e-01
7.957290797969855944e-01
1.012217314287994441e+00
9.662021477344620024e-01
9.507198024651215551e-01
9.723607493382101508e-01
8.593164038995871890e-01
8.092564509742825596e-01
9.198893737916969959e-01
9.895990279314431648e-01
1.028576581225577158e+00
1.092896571714114140e+00
1.126043621349924528e+00
1.059696470694506454e+00
1.134550415000553203e+00
1.073449939670276798e+00
8.906221855320437530e-01
9.807185699893076203e-01
9.383567026494047392e-01
9.618426945526696858e-01
8.757930021909184903e-01
9.131911557215306452e-01
9.015152068384146844e-01
9.900835049112944874e-01
1.058703446968993545e+00
1.103349596126386833e+00
9.618956759283614488e-01
1.007424923727768817e+00
9.878074809294457026e-01
1.191307088895408928e+00
1.310861543445427824e+00
1.067051556090289788e+00
1.081414185276939666e+00
1.228884311573954280e+00
1.129935056106517122e+00
1.252414642098480746e+00
1.263035969433634387e+00
1.118162008765866355e+00
1.323504587428404156e+00
1.141566486156952775e+00
1.161226780259447811e+00
1.163783093457267492e+00
1.368677560595558340e+00
1.266022423802250385e+00
1.623673060564345905e+00
1.563244247210273219e+00
1.571609758137095580e+00
1.371760447446301656e+00
1.400158106218549969e+00
1.429582012734950780e+00
1.249701241086536685e+00
1.360273058860473228e+00
1.544865543723043855e+00
1.616517692073853096e+00
1.587860565982970984e+00
1.555088504311188613e+00
1.790038567964812088e+00
1.874719180028010301e+00
1.810590632519800458e+00
1.795959562007395593e+00
1.656923390681568797e+00
1.631584725729635865e+00
1.816616521031539699e+00
1.748659358808481779e+00
1.620566984629772778e+00
1.526603425155312221e+00
1.487732051985152237e+00
1.580127711761135423e+00
1.363489940604583284e+00
1.317623270215430464e+00
1.231538952437959411e+00
1.317856271844029203e+00
1.635178386031061804e+00
1.452963282473332063e+00
1.431155585559545473e+00
1.413467741432673952e+00
1.362550314442428245e+00
1.307624200352701216e+00
1.445816667443124093e+00
1.322675684834739185e+00
1.364534311782422904e+00
1.084493509409011125e+00
1.227799871997571568e+00
1.149052188178743217e+00
1.027589232360709426e+00
1.071128562553953278e+00
1.127034084234743938e+00
