1.507891492923917490e-07
4.821630848100659783e-01
7.730349251300902003e-01
9.148324796590150410e-01
7.418349691361887377e-01
7.860154507263136248e-01
9.140087104284018160e-01
8.875514307241838541e-01
9.536861523739071922e-01
6.616426661007815957e-01
7.827950589821625060e-01
8.802107519363793209e-01
9.212609926726741394e-01
6.548212288501604750e-01
7.210373590523750931e-01
8.511176286845424377e-01
9.162262602755906205e-01
9.192603559021782500e-01
1.075114873181805653e+00
9.429266699741327695e-01
1.197142351801788296e+00
1.174905179873392935e+00
1.049572409526114081e+00
1.137040837441557484e+00
1.199831470239455689e+00
1.215345526316267577e+00
1.183157061995987469e+00
1.291471827134599515e+00
1.248187776880200328e+00
1.054109381550780045e+00
1.191833644532727998e+00
1.228946557045551558e+00
1.328346267406619319e+00
1.328341094991570825e+00
1.328095174423604918e+00
1.439841609795237121e+00
1.499667619623495929e+00
1.531434792081898255e+00
1.560508417878911036e+00
1.598210741513350408e+00
1.659641873527042621e+00
1.747218034725862568e+00
1.658415687233150138e+00
1.879064175495809286e+00
1.756787763862376561e+00
1.975732784373592787e+00
1.935347825285115064e+00
1.947435823946667810e+00
1.806580587873073851e+00
1.759894607694762803e+00
1.803472526923527441e+00
1.754893478944406171e+00
1.799522888695698875e+00
1.869187962555466820e+00
1.916122682077452843e+00
2.006120002739084196e+00
1.912691661830534740e+00
1.854743526718939606e+00
1.870414462239191167e+00
1.908156802142481068e+00
1.578726762518213089e+00
1.533313273119083497e+00
1.706724649897313428e+00
1.669224294429682676e+00
1.813821530128369774e+00
1.707584401228979587e+00
1.983525710944897602e+00
1.859162630640629033e+00
1.892418256077110561e+00
2.028715258886185424e+00
1.998353288241917936e+00
1.948519568503754185e+00
1.999168001437952480e+00
2.001518998965640783e+00
1.931722853215083191e+00
1.974920955176698190e+00
2.066460424780408811e+00
2.174907939637498178e+00
2.114933329035156184e+00
2.057705371438335096e+00
2.037431830238330743e+00
2.039291050012994599e+00
2.123067254412470906e+00
2.154703936188382407e+00
2.128958914656767121e+00
1.867330637733914722e+00
1.853742433395950462e+00
1.831766376706692512e+00
1.692884575058458685e+00
1.930755807287008796e+00
1.698683816385550660e+00
1.807524522421293023e+00
1.960543851003720750e+00
1.968842333444985382e+00
2.146438861365991713e+00
2.003030048296084331e+00
2.060348871364205969e+00
1.927197069157063236e+00
1.900369046357746949e+00
1.898293925277173333e+00
