0.000000000000000000e+00
4.338439313871224612e-01
5.302139740509819177e-01
6.870498461146717917e-01
7.575200479257608865e-01
6.091275213548125178e-01
5.222587421130573393e-01
6.245950896816191422e-01
5.470350066114675336e-01
5.747156594551318110e-01
5.681174872535688092e-01
5.741748106904985827e-01
6.545646584210768060e-01
5.532717399623789944e-01
5.233579387378756165e-01
5.929981685711548378e-01
6.050520070967487785e-01
6.906146546467158975e-01
5.607780040647042386e-01
5.166277939242586159e-01
7.244194521520604946e-01
5.162660569593029436e-01
5.955972166684972979e-01
6.968047930882231844e-01
8.048827015164777832e-01
5.744212628133299470e-01
8.872093546205753745e-01
9.389935910874543934e-01
1.066546624282011857e+00
1.043053672948964339e+00
9.252541092571742176e-01
1.013332127145037287e+00
8.207042151936574381e-01
7.568413297780217652e-01
6.652457606825119552e-01
7.511319847179057652e-01
6.607658664120269476e-01
6.980303461000655352e-01
7.408598340277584571e-01
7.321558386687668785e-01
7.640028879086845359e-01
8.241106931585781004e-01
8.330343463620766276e-01
9.538387268381152140e-01
9.621070509646758584e-01
1.004218578691756569e+00
1.094520766090937958e+00
1.176736443834008883e+00
1.195809049686272774e+00
1.191173102038590947e+00
1.354342923583826241e+00
1.256252348944201014e+00
1.216415802482293085e+00
1.307375980394016146e+00
1.307731311011225861e+00
1.405323514993285228e+00
1.465724122333154522e+00
1.308766830396506320e+00
1.372837385118081288e+00
1.491107960884839878e+00
1.506431121780913873e+00
1.452436187825101976e+00
1.332513967376916852e+00
1.261864921446734567e+00
1.397707461957125030e+00
1.159313291635205134e+00
1.118893401320572467e+00
1.073563825737783306e+00
1.128002528393107218e+00
1.030711884035883763e+00
1.061343423339713876e+00
1.100575698752451759e+00
1.066559486688591463e+00
1.185815919040738020e+00
1.179248806678457440e+00
1.060594881135612511e+00
1.072431646629546043e+00
1.002513815376486539e+00
1.031086017195042004e+00
1.124026395063063344e+00
1.276057819238622493e+00
1.209789076531415875e+00
1.270616676128087263e+00
1.287520344682912210e+00
1.206245832358032954e+00
1.120932062108896288e+00
1.055857515114753786e+00
1.056990838513143904e+00
1.270095061616319354e+00
1.308048897470293070e+00
1.489056910411102885e+00
1.388296205628369417e+00
1.415400061763604667e+00
1.555511035262172159e+00
1.625876603436333001e+00
1.667369342856469316e+00
1.777900376363921842e+00
1.627430275064919218e+00
1.507381759324188053e+00
1.515494496667324054e+00
