0.000000000000000000e+00
5.618621610652199116e-01
7.036435501981964658e-01
5.892399169157590544e-01
6.410945091160298315e-01
4.995526996639570450e-01
6.853868567939634948e-01
7.657691359819291943e-01
8.259381580841729242e-01
8.557252396989517562e-01
9.341145454167529838e-01
9.224211402126777370e-01
1.340159359493237501e+00
1.258383618443962293e+00
1.204467700230616334e+00
1.232486569810753663e+00
1.145127446613744882e+00
1.231120819206311889e+00
1.148852473233470839e+00
1.166550927240616931e+00
1.063182802146329875e+00
1.085044625008267261e+00
9.196492314040697336e-01
1.105639265798374682e+00
1.073342184224392204e+00
1.069962038493278866e+00
1.079216134630598845e+00
9.897543860598456700e-01
1.145385199816429500e+00
1.095996337270478627e+00
1.285858309399492860e+00
1.277664519579881919e+00
1.184942939423808683e+00
1.307618299592404609e+00
1.266376025992541843e+00
1.597202861554534170e+00
1.343337182163737875e+00
1.532332629523907030e+00
1.534156944402896405e+00
1.460210301275862266e+00
1.416754551955757835e+00
1.554625013090802810e+00
1.828340061881190470e+00
1.580841550477460000e+00
1.540293554307228474e+00
1.662650305705632325e+00
1.823092805181436793e+00
1.687883548973088788e+00
1.657597975820241487e+00
1.746277472644571782e+00
1.649970798973797503e+00
1.513195174291011025e+00
1.502145786280704831e+00
1.401336802716318886e+00
1.410417275694241024e+00
1.292708183891292384e+00
1.347281700021360384e+00
1.434965160231553405e+00
1.467436384312721609e+00
1.419301785683121597e+00
1.514326541491806344e+00
1.341959031116957135e+00
1.514275902565719534e+00
1.610260796779065195e+00
1.475450898829158808e+00
1.363666602114132154e+00
1.368714271977169439e+00
1.635628320460738472e+00
1.560948406294249358e+00
1.484678988471749728e+00
1.344605202444007830e+00
1.358700831077464199e+00
1.358434286330651553e+00
1.370281716902258307e+00
1.677369685126400389e+00
1.532864159484815136e+00
1.502510268953002770e+00
1.528352200785701553e+00
1.366722661455266774e+00
1.496730278252665469e+00
1.599131653365714278e+00
1.677025108402831588e+00
1.935950871738611578e+00
1.537883406215648563e+00
1.695002673932464621e+00
1.783693609523120616e+00
1.934802923816000053e+00
2.097998751299025688e+00
2.236563576738976433e+00
2.142742697067666846e+00
2.233663110146030473e+00
2.256378968867955859e+00
2.152786080082124354e+00
2.201642518607811461e+00
2.157331939989825642e+00
2.269577722807185616e+00
2.326359726546565199e+00
2.363775735031788727e+00
2.213799072489207820e+00
2.176560230917476524e+00
