2.132480599880017890e-07
4.209317504840632829e-01
6.043103286183898470e-01
7.673337494003376058e-01
7.740424580958953360e-01
8.654137778812448500e-01
1.015804560659459010e+00
1.306338823366638868e+00
1.172623412949212129e+00
1.262828216436673534e+00
1.311577314284920304e+00
1.323559931347458862e+00
1.259239747252738573e+00
1.100097609781477193e+00
1.070412247899383162e+00
1.208912123200577060e+00
1.215940588004157163e+00
1.247007595450061457e+00
1.335708577073663417e+00
1.353539293641066177e+00
1.299881814448835549e+00
1.140231943165480599e+00
1.042085263563452768e+00
1.047384431909302194e+00
1.152057423235884448e+00
1.150676470171521526e+00
1.198352393306694408e+00
1.250473600844436151e+00
1.184783379088993005e+00
1.312189091076535918e+00
1.553888091998432586e+00
1.620828830563650236e+00
1.650663495555671378e+00
1.737353049121965531e+00
1.604085690200785397e+00
1.768841068817845752e+00
1.965535304938314187e+00
2.000634064383822963e+00
1.979772254266217724e+00
1.973269706842098126e+00
2.233351718496477734e+00
2.129439259146220564e+00
2.081310040241097337e+00
1.938809971810582011e+00
1.864585446944388103e+00
1.828438953769761177e+00
1.849271139909216100e+00
2.178871429311018737e+00
2.130549083796773324e+00
2.128707474132900845e+00
2.327159522474465891e+00
2.222753109303111874e+00
2.441197836118933484e+00
2.411380777400814246e+00
2.283988063555948411e+00
2.295594369770469267e+00
2.362547664503273914e+00
2.400536780617566812e+00
2.234083891574690561e+00
2.185670128297723558e+00
2.115354720492532259e+00
2.134232038604174431e+00
2.283813034366984240e+00
2.319847847055074741e+00
2.354201796095868549e+00
2.471580065245025271e+00
2.427616134394821934e+00
2.559035089891294579e+00
2.710219864979757087e+00
2.584804305468369368e+00
2.715171183847532976e+00
2.726272951343034823e+00
2.851035778911235052e+00
2.744618490479012518e+00
2.810662853616876955e+00
2.823224823298201791e+00
2.735999885633467077e+00
2.689643577074396941e+00
2.897800359793480496e+00
2.745715027582722012e+00
2.585414035136001321e+00
2.687266686725121367e+00
2.655509169445419815e+00
2.655950636294579059e+00
2.852854968244558087e+00
2.858620468698537920e+00
2.904580064215850577e+00
2.890547093241216725e+00
2.877983143038761682e+00
2.787234116027674791e+00
2.928314300661548852e+00
2.781354548896125323e+00
2.626963787511221060e+00
2.854240831229186259e+00
2.966939130595326546e+00
3.205566026289149661e+00
3.114242081208495883e+00
3.220329251186861974e+00
3.031556397531077085e+00
2.888094363015103028e+00
