1.507891492923917490e-07
3.411484925034970472e-01
6.761581387424384637e-01
5.996475526445488313e-01
6.367297514827953142e-01
5.510940218644554411e-01
9.221394892994654313e-01
8.407150522753693567e-01
9.963535513801129451e-01
9.765300865300194921e-01
1.072908975381796415e+00
9.126212357789085239e-01
8.744082185547078501e-01
1.144754342529349378e+00
1.145851911661170730e+00
9.661523961096032398e-01
9.828135390439497465e-01
8.215622334302391527e-01
1.003111005236859032e+00
9.951095818390444103e-01
8.895979805918518002e-01
9.169698152405478808e-01
9.301175699005297393e-01
9.825351646061610822e-01
1.096217447371204301e+00
8.592558585909875202e-01
8.322005817882665024e-01
9.534818628760176606e-01
9.531995968939218633e-01
1.089825182212485144e+00
1.001765541683820260e+00
8.474261092246105909e-01
8.760199637090547720e-01
9.386823696823901608e-01
7.214034244478143565e-01
7.844752411535954595e-01
8.093334800045001165e-01
9.184658325402553780e-01
9.298254973278020641e-01
1.065803056015735661e+00
1.220835352334981305e+00
1.283677982409254126e+00
8.730255129481717669e-01
1.142141893234620564e+00
9.562567444164166153e-01
1.162737461882296985e+00
1.138841041267699028e+00
1.120779907979493784e+00
1.265179797933597916e+00
1.285963808079538584e+00
1.351632938616652568e+00
1.417985418550527621e+00
1.332722488523825799e+00
1.316740479803243158e+00
1.250957955874133942e+00
1.094681092903293518e+00
1.023299387312733622e+00
9.093591060058121567e-01
1.101119230767926505e+00
1.198580323379518697e+00
1.096939248155242019e+00
1.195961482933521669e+00
1.366469145227408033e+00
1.411024009414957758e+00
1.476350767585824064e+00
1.451213387342695782e+00
1.420952811899119927e+00
1.634293580205228968e+00
1.778222197727923337e+00
1.950507645341099661e+00
2.027306768620340094e+00
1.899519545403806298e+00
2.121765750021777031e+00
1.855211773800463204e+00
1.621692080468974950e+00
1.673920533463934213e+00
1.717333826759724902e+00
1.907990838531336664e+00
1.800775244540652187e+00
1.774900834035322950e+00
1.417603545111761676e+00
1.562000723059377982e+00
1.497844322463093292e+00
1.683476087680265909e+00
1.685502184929858593e+00
1.794963171258478596e+00
2.069787551528472935e+00
2.032968865520440538e+00
1.879566839286798796e+00
1.954539150032415185e+00
1.870045568029214289e+00
1.959869537603401879e+00
1.797365046645811759e+00
1.797392000970268189e+00
1.765185356966215258e+00
1.902132059942641673e+00
1.820009910263403308e+00
1.844913470136319011e+00
1.942498642153987820e+00
2.003647140379554159e+00
