0.000000000000000000e+00
6.205879148078959906e-01
6.106572278414467148e-01
7.921325710824997923e-01
8.159406153858145272e-01
9.506169170757028386e-01
8.575072970627637403e-01
9.150538055640617952e-01
1.053218069822967617e+00
1.009544285566092103e+00
9.946275690517821788e-01
1.015391718385770137e+00
1.170226151322443897e+00
1.162672205842928630e+00
1.137545254842680542e+00
1.163852129021574200e+00
1.011009410401881192e+00
1.157259230627047275e+00
1.161306026384115730e+00
1.127608210106971542e+00
1.200854110435087607e+00
1.185369940174073822e+00
1.329645573286570626e+00
1.417491899739448336e+00
1.298023716884805223e+00
1.292711768485466095e+00
9.981890386981197016e-01
1.203760586787239628e+00
1.247799258583219162e+00
1.544741024676389074e+00
1.540941397543184488e+00
1.570110663446868893e+00
1.385244108727070822e+00
1.437414063952273002e+00
1.591219732721921298e+00
1.448759093956908384e+00
1.237121654490193512e+00
1.507823101137976574e+00
1.451492513681798657e+00
1.458120855535506966e+00
1.443310077425082660e+00
1.396605358665964136e+00
1.195632025510600327e+00
1.417360334179666115e+00
1.254340159113458864e+00
1.287358464750157250e+00
1.358186164533425222e+00
1.414929649738623008e+00
1.388309544595285994e+00
1.768715760748575505e+00
1.664370172401291814e+00
1.775964785026223236e+00
1.909223129256808704e+00
1.776461991573596633e+00
1.903924612005191586e+00
1.877002923194837303e+00
2.031742865486305227e+00
1.905161881407483770e+00
2.221863310625550092e+00
2.180495748493675112e+00
2.058081083647830045e+00
1.900732679814626680e+00
1.905675885159498595e+00
1.894673650055498371e+00
2.020990042982097279e+00
2.041510943636577924e+00
2.056410250636313553e+00
2.232856506427404852e+00
2.184407346052660959e+00
2.091613541181095215e+00
2.234958769199855588e+00
2.092993557292416096e+00
2.247310463206028341e+00
2.126251207018632794e+00
2.349329186028631167e+00
2.085728629683598179e+00
2.095839507237132082e+00
2.235425988845335166e+00
2.175854435214020999e+00
2.387823370614421403e+00
2.270039063776033039e+00
2.070387757660669514e+00
1.929157628594324603e+00
1.959024241011363410e+00
1.964165058132537611e+00
2.062590499750524220e+00
1.980544759428164880e+00
1.859000922692217950e+00
1.754974440626483334e+00
1.677403854047550880e+00
1.733524868439042299e+00
1.751835073816557564e+00
1.995277079116267505e+00
1.921800276606147495e+00
1.685757488154298045e+00
1.597305368512845769e+00
1.840339368037678280e+00
1.877472443462173013e+00
1.786574653366634235e+00
1.699556192970044233e+00
