2.132480599880017890e-07
5.636608095736691526e-01
5.490723175088580987e-01
7.497047980183669802e-01
6.363281313979401999e-01
9.060997033279891699e-01
1.091184450006525308e+00
1.028578363758180014e+00
1.310625496744397545e+00
1.175558385341302525e+00
8.247802746114797356e-01
9.784168819087982749e-01
1.111295316802703548e+00
1.234694860683934969e+00
1.399197447935475624e+00
1.376048343130483742e+00
1.363957323769145358e+00
1.432846897340143588e+00
1.262351395810916044e+00
1.319427333767830390e+00
1.283660574064105164e+00
1.356603119002740332e+00
1.327885096545753596e+00
1.210265204163235797e+00
1.348350032200680504e+00
1.380381205050829951e+00
1.462840964619388506e+00
1.719181605119030287e+00
1.418035370135021234e+00
1.384268163136812335e+00
1.319845992107789412e+00
1.517990383864789017e+00
1.346618589230647922e+00
1.408211391944851787e+00
1.467324572277034722e+00
1.515166068964902912e+00
1.408281270428090259e+00
1.228072479261073990e+00
1.340327251386840501e+00
1.312431288911594773e+00
1.278627282796979792e+00
1.444461962136768252e+00
1.389166596477280358e+00
1.602694123507572899e+00
1.619644307501653779e+00
1.767873969506928988e+00
1.764360496087422403e+00
1.736921541984527861e+00
1.689030403756330401e+00
1.755609425571410975e+00
1.755976202082079940e+00
1.574520871580068704e+00
1.606725936169993929e+00
1.851615371151079881e+00
2.001709735034348903e+00
2.028163241371789383e+00
2.052959270944158643e+00
1.946364821048118809e+00
1.826687846966907225e+00
1.794826763523394320e+00
1.827358307155463546e+00
1.906808319986421862e+00
2.011383684110295000e+00
1.755529889626387341e+00
1.567202484695273235e+00
1.703394352968097047e+00
1.817971009099723645e+00
1.746700737365862288e+00
2.015667986156105318e+00
1.821785371062135894e+00
1.865585353189692208e+00
1.847491307062503196e+00
1.892215679152088770e+00
1.800663396210536060e+00
1.919654339730817671e+00
1.988456267905038599e+00
1.899088106399244191e+00
1.944363538703815397e+00
2.045548410974066922e+00
1.960364819124357894e+00
1.945689154071744031e+00
1.970654419900070620e+00
1.857813287554647586e+00
1.924609403133570984e+00
2.125239515778985400e+00
2.130294001796652292e+00
1.860031069614840105e+00
1.680382695451003050e+00
1.714234195377502656e+00
1.622143514103393080e+00
1.766036536116024180e+00
1.769322977787102680e+00
1.948337710829654457e+00
2.022527296117163420e+00
2.013219884304614293e+00
2.188595229899672923e+00
2.312207795135110988e+00
2.311087568639178080e+00
2.438121344388577860e+00
2.294768664822977033e+00
