0.000000000000000000e+00
5.030993213836694178e-01
4.593502864705913957e-01
7.498865018508260594e-01
7.897320573335824268e-01
6.926216479942068904e-01
7.542177331455067746e-01
9.651452028874822897e-01
9.851700144999223641e-01
1.170195866083913350e+00
9.769904769754650387e-01
9.437121489542089625e-01
8.981355869140158488e-01
9.632701454519750905e-01
1.032538599398503010e+00
1.185956500217150156e+00
1.290979334157784209e+00
1.404033801149336957e+00
1.419276855538424753e+00
1.479924872698072491e+00
1.384138932490570850e+00
1.418860161934530018e+00
1.439508748218204293e+00
1.502584834773403211e+00
1.452065313992855655e+00
1.518459397631556351e+00
1.730936426155405883e+00
1.819384095055491368e+00
1.698070193881955570e+00
1.772728368193869253e+00
1.999785318892198127e+00
2.075138045081340366e+00
2.104320862318759922e+00
2.016460120222177466e+00
1.971898427548877342e+00
2.004225292013392501e+00
2.141929666745477245e+00
2.442908507399544682e+00
2.348065095291831827e+00
2.424028386225654863e+00
2.381728468627883011e+00
2.433519790253369397e+00
2.627495904333659649e+00
2.714988502654569924e+00
2.666730011254855537e+00
2.533380552974702660e+00
2.716431770747512076e+00
2.712586071437899538e+00
2.733396332799044259e+00
2.759809136746164793e+00
2.689860807040384216e+00
3.157053384116863093e+00
3.209832581871562063e+00
3.231463427737277794e+00
3.220478408935158576e+00
3.260764023588498706e+00
3.326034114339035508e+00
3.377065516733039008e+00
3.466953116173959071e+00
3.672842861931315817e+00
3.631559675791892428e+00
3.361569184619825013e+00
3.528747838368027523e+00
3.425775714235004266e+00
3.470084913169916518e+00
3.862094055587299124e+00
3.627301413521967000e+00
3.408911443817983056e+00
3.297892884211594211e+00
3.545509073534473643e+00
3.581188622364992025e+00
3.773380938656501371e+00
3.593455992840638658e+00
3.606503411008573412e+00
3.459208932560932759e+00
3.584434994253485662e+00
4.037470206870974465e+00
3.903307993390554120e+00
3.840788643926305479e+00
3.979547529148152574e+00
4.145308129476059200e+00
4.178800551662604335e+00
4.180294114838448039e+00
4.213579560654318712e+00
4.275455311848554985e+00
4.176169887683056636e+00
4.034076699530207755e+00
3.997793586744100125e+00
3.654792955765246099e+00
3.906174207927749276e+00
3.824505989314686882e+00
3.979783131021268350e+00
4.104120807036838237e+00
3.887653443012431875e+00
3.828458054700648372e+00
3.940866867485048441e+00
3.783407699785924727e+00
3.566759855844364058e+00
3.857944617969628620e+00
3.696695859615253710e+00
