1.507891492923917490e-07
5.071957464847551833e-01
4.638021470317148509e-01
5.402571248817494842e-01
5.746154438217139226e-01
5.869504834149438244e-01
5.918163182410932643e-01
7.570308499890904264e-01
7.035497952151441581e-01
7.222366848063955791e-01
1.006836407084103158e+00
1.038502310493195635e+00
9.517907833469306800e-01
1.002733115957882726e+00
1.006383248747553472e+00
8.516749188515678748e-01
7.541636554307589169e-01
8.231328264415413987e-01
9.682083090704988182e-01
1.129184501602794155e+00
1.011271695888487532e+00
1.098663095899414799e+00
1.151994245866308830e+00
1.086301301989117229e+00
1.087550312058346291e+00
1.048396656877595312e+00
1.129984489378098589e+00
1.208577400242517808e+00
1.128653141578116692e+00
1.160244548402599607e+00
1.201278422199196338e+00
9.731313782157217096e-01
1.132564714559792574e+00
1.209626590428238835e+00
1.060810270060927429e+00
1.156052558731599289e+00
1.160999256402561963e+00
1.327176348440405995e+00
1.257066327264147354e+00
1.231460130804944209e+00
1.415187117107516102e+00
1.330245901770397143e+00
1.425024738390723744e+00
1.427476426742582127e+00
1.367993541886928899e+00
1.321355077804065470e+00
1.336743406938780909e+00
1.268808721013700014e+00
1.253331892776712531e+00
1.184347712796765206e+00
1.229061681865923905e+00
1.095285738554925503e+00
1.017351481979995143e+00
1.107112984562452995e+00
1.212757473999956037e+00
1.315405543114548159e+00
1.400152689055379929e+00
1.241893123930909892e+00
1.312858139956080583e+00
1.314315746382527461e+00
1.526559864113029130e+00
1.488742474030287033e+00
1.431396379334358704e+00
1.650193652804270661e+00
1.563037037655082173e+00
1.510215289221963575e+00
1.582752918259877850e+00
1.592683773342568943e+00
1.459538725639689671e+00
1.509977140083432090e+00
1.537911711526721348e+00
1.444249326223861374e+00
1.410253711602396320e+00
1.460031612843650350e+00
1.425191411082957105e+00
1.570083116298341519e+00
1.556811486322537297e+00
1.521273876918197931e+00
1.619053707122257935e+00
1.480398700734988582e+00
1.461370846358434505e+00
1.589133793818877649e+00
1.778155065125462508e+00
1.759818385119576556e+00
1.660047143353553967e+00
1.582824279381404908e+00
1.682997309852914514e+00
1.644452365750319833e+00
1.721376943350147348e+00
1.661185755584619894e+00
1.724245534378909372e+00
1.814430064787125207e+00
1.501077785202154846e+00
1.455636627522485016e+00
1.491246045882375304e+00
1.450553264044023294e+00
1.422300806352760683e+00
1.518734632228774473e+00
1.521442302815866565e+00
1.595814478509400614e+00
